#Seq2Logo.py -f /work3/idamei/ssn-clusterings/2206071111/clusters/0008_96/sequences.afa -m 0.0001 -b 0 -o /work3/idamei/ssn-clusterings/2206071111/clusters/0008_96/sequences.logo -p 640x1000 -l 30 -I 1
Last position-specific scoring matrix computed, values are in halfbits
A R N D C Q E G H I L K M F P S T W Y V
0 M -99.999 -99.999 -99.999 -99.999 -99.999 -99.999 -99.999 -99.999 -99.999 -99.999 -99.999 -99.999 8.644 -99.999 -99.999 -99.999 -99.999 -99.999 -99.999 -99.999
1 E -99.999 3.725 -99.999 -99.999 -99.999 -99.999 5.725 -99.999 -99.999 1.725 -99.999 -99.999 -99.999 -99.999 5.725 -99.999 -99.999 -99.999 -99.999 -99.999
2 K -99.999 -99.999 3.725 -99.999 -99.999 -99.999 -99.999 -99.999 -99.999 5.725 -99.999 6.369 -99.999 -99.999 -99.999 -99.999 -99.999 -99.999 -99.999 -99.999
3 E -99.999 -99.999 -99.999 -99.999 -99.999 -99.999 4.304 -99.999 -99.999 2.304 -99.999 -99.999 -99.999 4.304 4.304 -99.999 -99.999 -99.999 -99.999 4.304
4 A 5.474 5.474 -99.999 -99.999 -99.999 -99.999 -99.999 -99.999 -99.999 -99.999 -99.999 5.474 -99.999 -99.999 -99.999 -99.999 -99.999 -99.999 -99.999 -99.999
5 S -99.999 -99.999 -99.999 -99.999 -99.999 -99.999 -99.999 -99.999 -99.999 -99.999 -99.999 -99.999 -99.999 -99.999 -99.999 8.644 -99.999 -99.999 -99.999 -99.999
6 K -99.999 -99.999 -99.999 -99.999 -99.999 -99.999 -99.999 -99.999 -99.999 -99.999 -99.999 8.644 -99.999 -99.999 -99.999 -99.999 -99.999 -99.999 -99.999 -99.999
7 I -99.999 -99.999 -99.999 -99.999 -99.999 -99.999 -99.999 -99.999 -99.999 8.644 -99.999 -99.999 -99.999 -99.999 -99.999 -99.999 -99.999 -99.999 -99.999 -99.999
8 R -99.999 8.644 -99.999 -99.999 -99.999 -99.999 -99.999 -99.999 -99.999 -99.999 -99.999 -99.999 -99.999 -99.999 -99.999 -99.999 -99.999 -99.999 -99.999 -99.999
9 I -99.999 -99.999 -99.999 -99.999 -99.999 -99.999 -99.999 -99.999 -99.999 8.644 -99.999 -99.999 -99.999 -99.999 -99.999 -99.999 -99.999 -99.999 -99.999 -99.999
10 K -99.999 -99.999 -99.999 -99.999 -99.999 -99.999 -99.999 -99.999 -99.999 -99.999 -99.999 7.474 -99.999 -99.999 -99.999 -99.999 -99.999 -99.999 -99.999 5.474
11 S -99.999 -99.999 -99.999 -99.999 -99.999 -99.999 5.474 -99.999 -99.999 -99.999 -99.999 -99.999 -99.999 -99.999 -99.999 7.474 -99.999 -99.999 -99.999 -99.999
12 S -99.999 -99.999 -99.999 -99.999 -99.999 -99.999 -99.999 -99.999 -99.999 -99.999 -99.999 -99.999 -99.999 -99.999 -99.999 8.644 -99.999 -99.999 -99.999 -99.999
13 L -99.999 -99.999 -99.999 -99.999 -99.999 -99.999 -99.999 -99.999 -99.999 -99.999 8.644 -99.999 -99.999 -99.999 -99.999 -99.999 -99.999 -99.999 -99.999 -99.999
14 N 5.029 -99.999 6.199 -99.999 -99.999 -99.999 5.029 -99.999 -99.999 -99.999 -99.999 -99.999 -99.999 -99.999 -99.999 -99.999 -99.999 -99.999 -99.999 -99.999
15 R -99.999 4.304 -99.999 -99.999 -99.999 -99.999 -99.999 4.304 -99.999 4.304 4.304 2.304 -99.999 -99.999 -99.999 -99.999 -99.999 -99.999 -99.999 -99.999
16 F 3.725 -99.999 -99.999 -99.999 -99.999 -99.999 -99.999 -99.999 -99.999 1.725 -99.999 -99.999 -99.999 6.895 -99.999 -99.999 -99.999 -99.999 3.725 -99.999
17 R -99.999 3.725 -99.999 -99.999 -99.999 3.725 -99.999 -99.999 -99.999 -99.999 3.725 3.725 -99.999 -99.999 -99.999 1.725 -99.999 -99.999 3.725 -99.999
18 I -99.999 -99.999 3.725 -99.999 -99.999 -99.999 -99.999 -99.999 -99.999 4.895 3.725 -99.999 -99.999 -99.999 -99.999 3.725 -99.999 -99.999 -99.999 3.725
19 L -99.999 -99.999 -99.999 -99.999 -99.999 -99.999 -99.999 -99.999 -99.999 3.725 6.369 -99.999 -99.999 -99.999 -99.999 -99.999 -99.999 -99.999 3.725 3.725
20 I -99.999 -99.999 -99.999 -99.999 -99.999 -99.999 -99.999 -99.999 -99.999 7.34 -99.999 -99.999 -99.999 -99.999 -99.999 -99.999 -99.999 -99.999 -99.999 5.725
21 L -99.999 -99.999 -99.999 -99.999 3.725 -99.999 -99.999 -99.999 -99.999 -99.999 8.065 -99.999 -99.999 -99.999 -99.999 -99.999 -99.999 -99.999 -99.999 -99.999
22 Y 5.725 -99.999 -99.999 -99.999 -99.999 -99.999 -99.999 -99.999 -99.999 -99.999 -99.999 -99.999 -99.999 -99.999 -99.999 -99.999 -99.999 -99.999 6.895 1.725
23 I 3.725 -99.999 -99.999 -99.999 -99.999 -99.999 -99.999 -99.999 -99.999 5.725 -99.999 -99.999 -99.999 -99.999 -99.999 -99.999 -99.999 -99.999 4.895 3.725
24 L -99.999 -99.999 -99.999 -99.999 -99.999 -99.999 -99.999 -99.999 -99.999 3.725 7.725 -99.999 -99.999 -99.999 -99.999 -99.999 -99.999 -99.999 -99.999 1.725
25 Y -99.999 -99.999 -99.999 -99.999 -99.999 -99.999 -99.999 -99.999 -99.999 -99.999 3.725 -99.999 3.725 3.725 -99.999 -99.999 -99.999 -99.999 6.369 -99.999
26 F -99.999 -99.999 -99.999 -99.999 -99.999 -99.999 -99.999 -99.999 -99.999 -99.999 -99.999 -99.999 -99.999 8.065 -99.999 3.725 -99.999 -99.999 -99.999 -99.999
27 A 5.725 -99.999 -99.999 -99.999 -99.999 -99.999 -99.999 -99.999 -99.999 3.725 3.725 -99.999 -99.999 4.895 -99.999 -99.999 -99.999 -99.999 -99.999 -99.999
28 C -99.999 -99.999 -99.999 -99.999 3.725 3.725 -99.999 -99.999 -99.999 3.725 3.725 -99.999 -99.999 3.725 -99.999 -99.999 -99.999 -99.999 -99.999 1.725
29 L -99.999 -99.999 -99.999 -99.999 -99.999 -99.999 -99.999 -99.999 -99.999 -99.999 7.673 -99.999 3.029 -99.999 -99.999 3.029 -99.999 -99.999 -99.999 -99.999
30 L 5.029 -99.999 -99.999 -99.999 3.029 -99.999 -99.999 3.029 -99.999 -99.999 6.199 -99.999 -99.999 -99.999 -99.999 -99.999 -99.999 -99.999 -99.999 -99.999
31 W -99.999 -99.999 -99.999 -99.999 -99.999 -99.999 3.029 -99.999 -99.999 -99.999 -99.999 -99.999 -99.999 5.029 -99.999 -99.999 -99.999 6.199 3.029 -99.999
32 L -99.999 -99.999 -99.999 -99.999 3.029 -99.999 -99.999 -99.999 -99.999 -99.999 6.199 -99.999 -99.999 -99.999 -99.999 -99.999 -99.999 -99.999 -99.999 6.199
33 Y -99.999 -99.999 -99.999 -99.999 -99.999 -99.999 -99.999 -99.999 3.029 -99.999 -99.999 -99.999 -99.999 3.029 -99.999 -99.999 -99.999 -99.999 7.673 -99.999
34 A 3.029 -99.999 -99.999 -99.999 -99.999 3.029 3.029 -99.999 -99.999 3.029 -99.999 3.029 -99.999 -99.999 -99.999 3.029 -99.999 -99.999 3.029 -99.999
35 N -99.999 -99.999 5.029 -99.999 -99.999 -99.999 5.029 -99.999 -99.999 3.029 -99.999 3.029 -99.999 -99.999 -99.999 3.029 -99.999 -99.999 -99.999 -99.999
36 Y -99.999 -99.999 -99.999 -99.999 -99.999 -99.999 5.029 -99.999 -99.999 -99.999 -99.999 -99.999 -99.999 5.029 -99.999 -99.999 -99.999 -99.999 6.199 -99.999
37 I -99.999 -99.999 -99.999 -99.999 -99.999 -99.999 -99.999 -99.999 -99.999 6.199 -99.999 -99.999 3.029 3.029 -99.999 -99.999 -99.999 -99.999 -99.999 5.029
38 A 5.029 -99.999 -99.999 -99.999 -99.999 -99.999 -99.999 3.029 -99.999 -99.999 -99.999 -99.999 -99.999 -99.999 -99.999 3.029 -99.999 -99.999 3.029 5.029
39 P 3.029 -99.999 -99.999 -99.999 -99.999 -99.999 -99.999 -99.999 -99.999 3.029 -99.999 3.029 -99.999 -99.999 5.029 -99.999 -99.999 -99.999 3.029 3.029
40 L -99.999 -99.999 -99.999 -99.999 -99.999 -99.999 -99.999 -99.999 -99.999 -99.999 6.199 -99.999 -99.999 3.029 -99.999 -99.999 3.029 -99.999 3.029 3.029
41 F -99.999 -99.999 -99.999 -99.999 -99.999 -99.999 -99.999 -99.999 -99.999 -99.999 -99.999 -99.999 -99.999 6.199 -99.999 -99.999 -99.999 6.199 3.029 -99.999
42 A 5.029 -99.999 -99.999 5.029 -99.999 -99.999 -99.999 5.029 -99.999 -99.999 -99.999 -99.999 -99.999 -99.999 -99.999 3.029 -99.999 -99.999 -99.999 -99.999
43 Y -99.999 -99.999 -99.999 -99.999 -99.999 -99.999 -99.999 -99.999 -99.999 -99.999 -99.999 -99.999 -99.999 -99.999 -99.999 3.029 -99.999 -99.999 8.199 -99.999
44 M -99.999 -99.999 -99.999 -99.999 -99.999 6.199 -99.999 -99.999 -99.999 -99.999 -99.999 -99.999 7.029 -99.999 -99.999 -99.999 -99.999 -99.999 -99.999 -99.999
45 G -99.999 3.029 -99.999 -99.999 -99.999 -99.999 -99.999 7.673 -99.999 -99.999 -99.999 3.029 -99.999 -99.999 -99.999 -99.999 -99.999 -99.999 -99.999 -99.999
46 F -99.999 -99.999 -99.999 -99.999 -99.999 -99.999 -99.999 -99.999 -99.999 -99.999 -99.999 -99.999 -99.999 8.199 -99.999 -99.999 -99.999 -99.999 3.029 -99.999
47 R -99.999 5.029 3.029 3.029 -99.999 -99.999 -99.999 -99.999 -99.999 -99.999 -99.999 -99.999 -99.999 -99.999 3.029 3.029 3.029 -99.999 -99.999 -99.999
48 D -99.999 -99.999 -99.999 5.029 -99.999 -99.999 -99.999 3.029 -99.999 -99.999 3.029 -99.999 -99.999 -99.999 -99.999 5.029 -99.999 -99.999 -99.999 3.029
49 N 3.029 -99.999 5.029 5.029 -99.999 -99.999 3.029 -99.999 -99.999 -99.999 -99.999 -99.999 -99.999 -99.999 -99.999 3.029 -99.999 -99.999 -99.999 -99.999
50 L -99.999 -99.999 -99.999 -99.999 -99.999 -99.999 3.029 -99.999 -99.999 -99.999 6.199 -99.999 -99.999 3.029 -99.999 -99.999 -99.999 -99.999 3.029 3.029
51 D 3.029 -99.999 3.029 5.029 -99.999 -99.999 -99.999 -99.999 -99.999 -99.999 -99.999 -99.999 -99.999 -99.999 -99.999 5.029 3.029 -99.999 -99.999 -99.999
52 L 3.029 3.029 -99.999 3.029 -99.999 -99.999 -99.999 -99.999 -99.999 -99.999 5.029 -99.999 -99.999 -99.999 3.029 -99.999 -99.999 -99.999 -99.999 3.029
53 L -99.999 -99.999 -99.999 -99.999 -99.999 -99.999 -99.999 -99.999 -99.999 -99.999 6.644 -99.999 -99.999 -99.999 -99.999 6.644 -99.999 -99.999 -99.999 -99.999
54 S 3.029 -99.999 -99.999 -99.999 -99.999 -99.999 -99.999 3.029 -99.999 3.029 3.029 -99.999 -99.999 -99.999 -99.999 5.029 -99.999 -99.999 -99.999 3.029
55 N -99.999 -99.999 6.199 -99.999 -99.999 -99.999 -99.999 -99.999 -99.999 -99.999 5.029 5.029 -99.999 -99.999 -99.999 -99.999 -99.999 -99.999 -99.999 -99.999
56 I -99.999 -99.999 -99.999 -99.999 -99.999 -99.999 -99.999 -99.999 -99.999 6.199 3.029 -99.999 -99.999 -99.999 -99.999 -99.999 3.029 -99.999 -99.999 5.029
57 P -99.999 -99.999 3.029 -99.999 -99.999 -99.999 -99.999 -99.999 -99.999 3.029 -99.999 3.029 -99.999 3.029 5.029 3.029 -99.999 -99.999 -99.999 -99.999
58 I -99.999 -99.999 -99.999 -99.999 -99.999 -99.999 -99.999 -99.999 -99.999 5.029 3.029 -99.999 -99.999 3.029 -99.999 -99.999 3.029 -99.999 -99.999 5.029
59 S 3.029 -99.999 -99.999 -99.999 -99.999 -99.999 -99.999 -99.999 -99.999 3.029 -99.999 -99.999 -99.999 -99.999 -99.999 7.673 -99.999 -99.999 -99.999 -99.999
60 V -99.999 -99.999 -99.999 -99.999 -99.999 -99.999 -99.999 -99.999 -99.999 5.029 3.029 -99.999 -99.999 -99.999 -99.999 -99.999 -99.999 -99.999 -99.999 7.029
61 C -99.999 -99.999 -99.999 -99.999 6.644 -99.999 -99.999 -99.999 -99.999 -99.999 -99.999 -99.999 -99.999 -99.999 -99.999 6.644 -99.999 -99.999 -99.999 -99.999
62 I -99.999 -99.999 -99.999 -99.999 -99.999 -99.999 -99.999 -99.999 -99.999 6.644 -99.999 -99.999 -99.999 -99.999 -99.999 -99.999 -99.999 -99.999 -99.999 6.644
63 L 3.029 -99.999 -99.999 -99.999 -99.999 -99.999 -99.999 -99.999 -99.999 3.029 7.029 -99.999 -99.999 -99.999 -99.999 -99.999 -99.999 -99.999 3.029 -99.999
64 T -99.999 -99.999 -99.999 -99.999 -99.999 -99.999 -99.999 -99.999 -99.999 -99.999 5.029 -99.999 -99.999 -99.999 -99.999 5.029 6.199 -99.999 -99.999 -99.999
65 I 3.029 -99.999 -99.999 -99.999 -99.999 -99.999 -99.999 -99.999 -99.999 7.673 3.029 -99.999 -99.999 -99.999 -99.999 -99.999 -99.999 -99.999 -99.999 -99.999
66 L -99.999 -99.999 -99.999 -99.999 -99.999 -99.999 -99.999 -99.999 -99.999 3.029 5.029 -99.999 -99.999 5.029 -99.999 -99.999 -99.999 -99.999 -99.999 5.029
67 L -99.999 -99.999 -99.999 -99.999 -99.999 -99.999 -99.999 -99.999 -99.999 3.029 5.029 -99.999 -99.999 -99.999 -99.999 -99.999 5.029 -99.999 -99.999 5.029
68 A 5.029 -99.999 -99.999 -99.999 3.029 -99.999 -99.999 -99.999 -99.999 5.029 -99.999 -99.999 -99.999 5.029 -99.999 -99.999 -99.999 -99.999 -99.999 -99.999
69 F -99.999 -99.999 -99.999 -99.999 -99.999 -99.999 -99.999 -99.999 -99.999 -99.999 3.474 -99.999 -99.999 5.474 -99.999 -99.999 -99.999 -99.999 3.474 5.474
70 S -99.999 -99.999 -99.999 -99.999 -99.999 -99.999 -99.999 -99.999 -99.999 -99.999 -99.999 -99.999 -99.999 -99.999 -99.999 8.644 -99.999 -99.999 -99.999 -99.999
71 I 3.029 -99.999 -99.999 -99.999 3.029 -99.999 -99.999 -99.999 -99.999 6.199 -99.999 -99.999 5.029 -99.999 -99.999 -99.999 -99.999 -99.999 -99.999 -99.999
72 I -99.999 -99.999 -99.999 -99.999 -99.999 -99.999 -99.999 -99.999 -99.999 8.644 -99.999 -99.999 -99.999 -99.999 -99.999 -99.999 -99.999 -99.999 -99.999 -99.999
73 L -99.999 3.029 -99.999 -99.999 -99.999 -99.999 -99.999 3.029 -99.999 -99.999 5.029 -99.999 3.029 -99.999 -99.999 -99.999 3.029 -99.999 -99.999 3.029
74 P -99.999 3.029 -99.999 -99.999 -99.999 -99.999 -99.999 -99.999 -99.999 -99.999 -99.999 -99.999 -99.999 -99.999 6.199 5.029 3.029 -99.999 -99.999 -99.999
75 A 3.029 -99.999 3.029 -99.999 -99.999 3.029 -99.999 -99.999 -99.999 -99.999 -99.999 3.029 -99.999 -99.999 3.029 -99.999 3.029 -99.999 3.029 -99.999
76 K -99.999 -99.999 -99.999 -99.999 -99.999 -99.999 3.029 -99.999 -99.999 -99.999 -99.999 7.029 -99.999 -99.999 -99.999 3.029 3.029 -99.999 -99.999 -99.999
77 N -99.999 3.029 5.029 -99.999 -99.999 -99.999 -99.999 -99.999 -99.999 -99.999 3.029 3.029 3.029 -99.999 -99.999 -99.999 -99.999 -99.999 -99.999 3.029
78 D -99.999 3.029 -99.999 5.029 -99.999 -99.999 -99.999 5.029 -99.999 -99.999 -99.999 -99.999 -99.999 -99.999 5.029 -99.999 -99.999 -99.999 -99.999 -99.999
79 T -99.999 -99.999 -99.999 -99.999 -99.999 -99.999 -99.999 -99.999 -99.999 -99.999 4.0 -99.999 -99.999 -99.999 -99.999 -99.999 6.0 -99.999 -99.999 6.0
80 R -99.999 6.199 -99.999 -99.999 -99.999 -99.999 -99.999 -99.999 -99.999 3.029 -99.999 3.029 -99.999 -99.999 -99.999 5.029 -99.999 -99.999 -99.999 -99.999
81 G -99.999 -99.999 -99.999 -99.999 -99.999 -99.999 -99.999 5.029 -99.999 -99.999 -99.999 -99.999 -99.999 -99.999 -99.999 3.029 3.029 -99.999 5.029 3.029
82 F -99.999 -99.999 -99.999 -99.999 -99.999 -99.999 -99.999 -99.999 -99.999 -99.999 -99.999 -99.999 -99.999 7.029 -99.999 -99.999 3.029 -99.999 3.029 3.029
83 F -99.999 -99.999 -99.999 -99.999 -99.999 -99.999 -99.999 -99.999 -99.999 3.029 3.029 -99.999 -99.999 6.199 -99.999 -99.999 -99.999 -99.999 5.029 -99.999
84 L -99.999 -99.999 -99.999 -99.999 -99.999 -99.999 -99.999 -99.999 3.029 -99.999 8.199 -99.999 -99.999 -99.999 -99.999 -99.999 -99.999 -99.999 -99.999 -99.999
85 Q -99.999 -99.999 3.029 -99.999 -99.999 5.029 -99.999 -99.999 5.029 3.029 -99.999 -99.999 -99.999 -99.999 -99.999 -99.999 3.029 -99.999 -99.999 -99.999
86 L -99.999 -99.999 -99.999 -99.999 3.029 -99.999 -99.999 -99.999 -99.999 -99.999 7.029 -99.999 -99.999 3.029 -99.999 -99.999 -99.999 -99.999 -99.999 3.029
87 A 3.029 -99.999 -99.999 -99.999 -99.999 -99.999 -99.999 3.029 -99.999 3.029 3.029 -99.999 -99.999 -99.999 -99.999 3.029 3.029 -99.999 -99.999 3.029
88 N -99.999 -99.999 5.029 -99.999 -99.999 -99.999 -99.999 -99.999 -99.999 3.029 5.029 -99.999 3.029 -99.999 -99.999 -99.999 -99.999 -99.999 3.029 -99.999
89 C 1.029 -99.999 -99.999 -99.999 3.029 -99.999 -99.999 -99.999 -99.999 -99.999 3.029 -99.999 -99.999 3.029 -99.999 3.029 3.029 -99.999 3.029 1.029
90 L -99.999 -99.999 -99.999 -99.999 -99.999 -99.999 -99.999 -99.999 -99.999 -99.999 8.199 -99.999 -99.999 3.029 -99.999 -99.999 -99.999 -99.999 -99.999 -99.999
91 I -99.999 -99.999 -99.999 -99.999 -99.999 3.029 -99.999 -99.999 -99.999 5.029 5.029 -99.999 -99.999 5.029 -99.999 -99.999 -99.999 -99.999 -99.999 -99.999
92 L -99.999 -99.999 -99.999 -99.999 -99.999 -99.999 -99.999 -99.999 -99.999 3.029 6.199 -99.999 -99.999 5.029 -99.999 -99.999 -99.999 -99.999 -99.999 3.029
93 I -99.999 -99.999 -99.999 -99.999 -99.999 -99.999 -99.999 -99.999 -99.999 7.673 -99.999 -99.999 -99.999 -99.999 -99.999 -99.999 5.029 -99.999 -99.999 -99.999
94 P -99.999 -99.999 -99.999 -99.999 -99.999 -99.999 -99.999 -99.999 -99.999 -99.999 -99.999 -99.999 -99.999 -99.999 8.644 -99.999 -99.999 -99.999 -99.999 -99.999
95 S -99.999 -99.999 -99.999 -99.999 -99.999 -99.999 -99.999 -99.999 -99.999 -99.999 -99.999 -99.999 -99.999 -99.999 -99.999 8.644 -99.999 -99.999 -99.999 -99.999
96 L -99.999 -99.999 -99.999 -99.999 -99.999 -99.999 -99.999 -99.999 -99.999 5.029 7.673 -99.999 -99.999 -99.999 -99.999 -99.999 -99.999 -99.999 -99.999 -99.999
97 V -99.999 -99.999 -99.999 -99.999 -99.999 -99.999 -99.999 -99.999 -99.999 3.029 -99.999 -99.999 -99.999 -99.999 -99.999 -99.999 3.029 -99.999 -99.999 7.673
98 L -99.999 -99.999 -99.999 -99.999 -99.999 -99.999 -99.999 -99.999 -99.999 -99.999 7.673 -99.999 -99.999 3.029 -99.999 -99.999 -99.999 -99.999 3.029 -99.999
99 Y -99.999 -99.999 -99.999 -99.999 -99.999 -99.999 -99.999 -99.999 -99.999 3.029 -99.999 -99.999 -99.999 5.029 -99.999 3.029 -99.999 -99.999 6.199 -99.999
100 S 3.029 -99.999 -99.999 -99.999 5.029 -99.999 -99.999 -99.999 -99.999 -99.999 -99.999 -99.999 -99.999 3.029 -99.999 6.199 -99.999 -99.999 -99.999 -99.999
101 G -99.999 -99.999 -99.999 -99.999 -99.999 -99.999 -99.999 5.029 -99.999 -99.999 5.029 -99.999 -99.999 5.029 -99.999 -99.999 -99.999 -99.999 -99.999 3.029
102 G 5.029 -99.999 3.029 -99.999 -99.999 -99.999 -99.999 7.029 -99.999 -99.999 -99.999 -99.999 -99.999 -99.999 -99.999 -99.999 -99.999 -99.999 -99.999 -99.999
103 G -99.999 -99.999 5.029 3.029 -99.999 -99.999 -99.999 6.199 -99.999 -99.999 -99.999 -99.999 -99.999 -99.999 -99.999 3.029 -99.999 -99.999 -99.999 -99.999
104 A 3.029 -99.999 -99.999 -99.999 -99.999 -99.999 -99.999 3.029 -99.999 -99.999 3.029 3.029 -99.999 3.029 -99.999 -99.999 3.029 -99.999 -99.999 3.029
105 P -99.999 -99.999 3.029 3.029 -99.999 3.029 -99.999 3.029 -99.999 -99.999 -99.999 -99.999 -99.999 -99.999 5.029 3.029 -99.999 -99.999 -99.999 -99.999
106 L -99.999 -99.999 3.029 -99.999 -99.999 3.029 -99.999 -99.999 -99.999 3.029 5.029 -99.999 -99.999 -99.999 -99.999 3.029 -99.999 -99.999 3.029 -99.999
107 D -99.999 3.029 -99.999 5.029 -99.999 -99.999 3.029 -99.999 3.029 -99.999 3.029 -99.999 -99.999 -99.999 -99.999 3.029 -99.999 -99.999 -99.999 -99.999
108 F -99.999 -99.999 3.029 -99.999 -99.999 -99.999 -99.999 -99.999 -99.999 -99.999 -99.999 -99.999 -99.999 6.199 -99.999 3.029 -99.999 -99.999 5.029 -99.999
109 A 5.029 -99.999 -99.999 -99.999 -99.999 -99.999 -99.999 -99.999 -99.999 5.029 3.029 -99.999 -99.999 -99.999 -99.999 -99.999 -99.999 -99.999 3.029 3.029
110 L -99.999 -99.999 -99.999 -99.999 -99.999 -99.999 3.029 -99.999 -99.999 -99.999 6.199 -99.999 -99.999 3.029 -99.999 -99.999 -99.999 -99.999 -99.999 5.029
111 T -99.999 -99.999 -99.999 -99.999 -99.999 -99.999 -99.999 -99.999 -99.999 3.029 3.029 -99.999 -99.999 -99.999 -99.999 -99.999 6.199 -99.999 -99.999 5.029
112 T -99.999 -99.999 -99.999 -99.999 -99.999 -99.999 -99.999 -99.999 -99.999 3.474 -99.999 -99.999 -99.999 3.474 -99.999 3.474 6.644 -99.999 -99.999 -99.999
113 L 3.029 -99.999 -99.999 -99.999 -99.999 -99.999 -99.999 -99.999 -99.999 -99.999 5.029 -99.999 3.029 -99.999 -99.999 -99.999 -99.999 3.029 -99.999 5.029
114 S 3.029 -99.999 -99.999 -99.999 3.029 -99.999 -99.999 -99.999 -99.999 3.029 -99.999 -99.999 3.029 -99.999 -99.999 5.029 3.029 -99.999 -99.999 -99.999
115 A 7.029 -99.999 3.029 -99.999 -99.999 -99.999 -99.999 -99.999 -99.999 -99.999 -99.999 -99.999 -99.999 3.029 -99.999 3.029 -99.999 -99.999 -99.999 -99.999
116 V -99.999 -99.999 -99.999 -99.999 3.029 -99.999 -99.999 -99.999 3.029 3.029 3.029 -99.999 -99.999 3.029 -99.999 -99.999 -99.999 -99.999 -99.999 5.029
117 L -99.999 -99.999 -99.999 -99.999 3.029 -99.999 -99.999 -99.999 -99.999 3.029 7.029 -99.999 -99.999 3.029 -99.999 -99.999 -99.999 -99.999 -99.999 -99.999
118 I -99.999 -99.999 -99.999 -99.999 -99.999 -99.999 -99.999 -99.999 -99.999 7.673 5.029 -99.999 -99.999 -99.999 -99.999 -99.999 -99.999 -99.999 -99.999 -99.999
119 L -99.999 -99.999 -99.999 -99.999 -99.999 -99.999 -99.999 -99.999 -99.999 3.029 5.029 -99.999 3.029 3.029 -99.999 -99.999 -99.999 -99.999 -99.999 5.029
120 S 3.029 -99.999 -99.999 -99.999 -99.999 -99.999 -99.999 -99.999 -99.999 3.029 3.029 -99.999 -99.999 -99.999 -99.999 5.029 -99.999 -99.999 5.029 -99.999
121 V -99.999 -99.999 -99.999 -99.999 -99.999 -99.999 -99.999 -99.999 -99.999 -99.999 -99.999 -99.999 -99.999 -99.999 -99.999 -99.999 -99.999 -99.999 -99.999 8.644
122 A 5.029 -99.999 -99.999 -99.999 -99.999 3.029 -99.999 -99.999 -99.999 3.029 -99.999 -99.999 3.029 3.029 -99.999 -99.999 3.029 -99.999 -99.999 -99.999
123 A 4.199 -99.999 -99.999 -99.999 -99.999 -99.999 -99.999 3.029 -99.999 3.029 -99.999 -99.999 -99.999 -99.999 -99.999 3.029 4.199 -99.999 -99.999 3.029
124 S -99.999 -99.999 -99.999 -99.999 -99.999 -99.999 -99.999 -99.999 -99.999 -99.999 -99.999 -99.999 -99.999 -99.999 -99.999 7.673 5.029 -99.999 -99.999 -99.999
125 A 5.029 3.029 -99.999 -99.999 -99.999 -99.999 -99.999 -99.999 -99.999 3.029 -99.999 5.029 -99.999 -99.999 -99.999 -99.999 -99.999 -99.999 3.029 -99.999
126 F -99.999 -99.999 -99.999 -99.999 -99.999 -99.999 -99.999 -99.999 -99.999 -99.999 -99.999 -99.999 -99.999 8.644 -99.999 -99.999 -99.999 -99.999 -99.999 -99.999
127 I -99.999 -99.999 -99.999 -99.999 -99.999 -99.999 -99.999 -99.999 -99.999 6.199 5.029 -99.999 -99.999 3.029 -99.999 -99.999 -99.999 -99.999 -99.999 3.029
128 N -99.999 -99.999 6.199 3.029 -99.999 -99.999 -99.999 -99.999 -99.999 -99.999 -99.999 -99.999 -99.999 3.029 5.029 -99.999 -99.999 -99.999 -99.999 -99.999
129 R -99.999 6.644 -99.999 -99.999 -99.999 -99.999 -99.999 -99.999 -99.999 -99.999 -99.999 -99.999 -99.999 -99.999 -99.999 -99.999 -99.999 -99.999 6.644 -99.999
130 I -99.999 -99.999 -99.999 -99.999 -99.999 -99.999 -99.999 -99.999 -99.999 6.199 -99.999 -99.999 -99.999 3.029 3.029 -99.999 -99.999 -99.999 -99.999 5.029
131 R -99.999 5.029 -99.999 -99.999 -99.999 -99.999 -99.999 -99.999 -99.999 -99.999 -99.999 5.029 -99.999 -99.999 5.029 3.029 -99.999 -99.999 -99.999 -99.999
132 A 5.029 3.029 -99.999 -99.999 -99.999 -99.999 -99.999 -99.999 -99.999 -99.999 -99.999 3.029 -99.999 -99.999 5.029 -99.999 -99.999 -99.999 -99.999 3.029
133 I -99.999 -99.999 -99.999 -99.999 -99.999 -99.999 -99.999 -99.999 -99.999 6.199 5.029 -99.999 -99.999 3.029 3.029 -99.999 -99.999 -99.999 -99.999 -99.999
134 K -99.999 3.029 -99.999 -99.999 -99.999 -99.999 -99.999 -99.999 -99.999 -99.999 3.029 6.199 -99.999 -99.999 -99.999 3.029 -99.999 -99.999 -99.999 3.029
135 L 3.029 -99.999 -99.999 -99.999 -99.999 -99.999 -99.999 -99.999 -99.999 -99.999 5.029 -99.999 5.029 -99.999 -99.999 3.029 -99.999 -99.999 -99.999 3.029
136 R -99.999 3.029 -99.999 -99.999 -99.999 -99.999 -99.999 -99.999 3.029 3.029 -99.999 3.029 -99.999 3.029 3.029 3.029 -99.999 -99.999 -99.999 -99.999
137 N 3.029 3.029 5.029 -99.999 -99.999 3.029 -99.999 -99.999 -99.999 -99.999 -99.999 -99.999 -99.999 -99.999 3.029 3.029 -99.999 -99.999 -99.999 -99.999
138 I -99.999 -99.999 -99.999 -99.999 -99.999 -99.999 -99.999 -99.999 -99.999 6.199 5.029 -99.999 -99.999 -99.999 -99.999 -99.999 3.029 -99.999 -99.999 3.029
139 N -99.999 -99.999 6.199 -99.999 -99.999 -99.999 -99.999 -99.999 -99.999 -99.999 -99.999 5.029 -99.999 -99.999 -99.999 3.029 3.029 -99.999 -99.999 -99.999
140 P -99.999 -99.999 -99.999 -99.999 -99.999 -99.999 -99.999 -99.999 -99.999 3.029 3.029 -99.999 -99.999 -99.999 5.029 5.029 3.029 -99.999 -99.999 -99.999
141 K -99.999 -99.999 -99.999 -99.999 -99.999 3.029 5.029 -99.999 -99.999 3.029 -99.999 6.199 -99.999 -99.999 -99.999 -99.999 -99.999 -99.999 -99.999 -99.999
142 Q -99.999 3.029 -99.999 -99.999 -99.999 6.199 -99.999 -99.999 -99.999 -99.999 -99.999 3.029 -99.999 -99.999 -99.999 3.029 -99.999 -99.999 -99.999 3.029
143 L -99.999 -99.999 -99.999 -99.999 -99.999 -99.999 -99.999 -99.999 -99.999 -99.999 6.199 -99.999 3.029 3.029 -99.999 -99.999 -99.999 -99.999 -99.999 5.029
144 L -99.999 -99.999 -99.999 -99.999 -99.999 3.029 -99.999 -99.999 -99.999 -99.999 6.199 -99.999 5.029 -99.999 -99.999 3.029 -99.999 -99.999 -99.999 -99.999
145 R -99.999 3.029 3.029 -99.999 -99.999 -99.999 -99.999 -99.999 -99.999 3.029 3.029 -99.999 -99.999 -99.999 -99.999 -99.999 3.029 3.029 -99.999 3.029
146 L 3.029 -99.999 -99.999 -99.999 -99.999 -99.999 -99.999 -99.999 -99.999 -99.999 6.199 -99.999 -99.999 5.029 -99.999 -99.999 -99.999 -99.999 3.029 -99.999
147 L 3.029 -99.999 -99.999 -99.999 -99.999 -99.999 -99.999 -99.999 -99.999 -99.999 7.029 -99.999 3.029 -99.999 -99.999 -99.999 -99.999 -99.999 -99.999 3.029
148 L 3.029 -99.999 -99.999 -99.999 -99.999 -99.999 -99.999 -99.999 -99.999 -99.999 6.199 -99.999 -99.999 3.029 -99.999 -99.999 3.029 -99.999 -99.999 3.029
149 L -99.999 -99.999 -99.999 -99.999 3.029 -99.999 -99.999 5.029 -99.999 -99.999 6.199 -99.999 -99.999 3.029 -99.999 -99.999 -99.999 -99.999 -99.999 -99.999
150 L 3.029 -99.999 -99.999 -99.999 -99.999 -99.999 -99.999 -99.999 -99.999 3.029 6.199 -99.999 5.029 -99.999 -99.999 -99.999 -99.999 -99.999 -99.999 -99.999
151 S -99.999 -99.999 -99.999 -99.999 -99.999 -99.999 -99.999 -99.999 -99.999 3.029 -99.999 -99.999 -99.999 -99.999 -99.999 7.029 3.029 -99.999 -99.999 3.029
152 A 5.029 -99.999 -99.999 -99.999 -99.999 -99.999 -99.999 3.029 -99.999 -99.999 5.029 -99.999 -99.999 3.029 -99.999 -99.999 -99.999 -99.999 -99.999 3.029
153 A 5.029 -99.999 -99.999 -99.999 3.029 -99.999 -99.999 -99.999 -99.999 -99.999 5.029 -99.999 -99.999 -99.999 -99.999 -99.999 -99.999 -99.999 -99.999 5.029
154 L 3.029 -99.999 -99.999 -99.999 -99.999 -99.999 -99.999 -99.999 -99.999 -99.999 5.029 -99.999 -99.999 5.029 -99.999 -99.999 3.029 -99.999 3.029 -99.999
155 L -99.999 -99.999 -99.999 -99.999 -99.999 -99.999 -99.999 -99.999 -99.999 6.199 7.029 -99.999 -99.999 -99.999 -99.999 -99.999 -99.999 -99.999 -99.999 -99.999
156 I 3.029 -99.999 -99.999 -99.999 -99.999 -99.999 -99.999 3.029 -99.999 6.199 3.029 -99.999 -99.999 3.029 -99.999 -99.999 -99.999 -99.999 -99.999 -99.999
157 S -99.999 -99.999 1.029 -99.999 -99.999 -99.999 -99.999 3.029 -99.999 -99.999 5.029 -99.999 -99.999 -99.999 -99.999 6.644 -99.999 -99.999 -99.999 -99.999
158 Y -99.999 -99.999 -99.999 -99.999 -99.999 3.029 -99.999 -99.999 -99.999 5.029 -99.999 -99.999 3.029 -99.999 -99.999 -99.999 -99.999 -99.999 6.199 -99.999
159 I 3.029 -99.999 -99.999 -99.999 -99.999 -99.999 -99.999 -99.999 -99.999 5.029 5.029 -99.999 3.029 3.029 -99.999 -99.999 -99.999 -99.999 -99.999 -99.999
160 A 6.199 -99.999 -99.999 -99.999 -99.999 -99.999 -99.999 -99.999 -99.999 3.029 3.029 -99.999 -99.999 -99.999 -99.999 -99.999 -99.999 -99.999 -99.999 5.029
161 F -99.999 -99.999 -99.999 -99.999 -99.999 3.029 -99.999 -99.999 -99.999 -99.999 3.029 -99.999 -99.999 7.673 -99.999 -99.999 -99.999 -99.999 -99.999 -99.999
162 G -99.999 -99.999 -99.999 -99.999 -99.999 -99.999 -99.999 7.673 -99.999 3.029 -99.999 -99.999 -99.999 -99.999 -99.999 3.029 -99.999 -99.999 -99.999 -99.999
163 G -99.999 -99.999 -99.999 -99.999 -99.999 -99.999 -99.999 8.644 -99.999 -99.999 -99.999 -99.999 -99.999 -99.999 -99.999 -99.999 -99.999 -99.999 -99.999 -99.999
164 L 3.029 -99.999 -99.999 -99.999 -99.999 -99.999 -99.999 -99.999 -99.999 -99.999 6.199 -99.999 -99.999 -99.999 -99.999 3.029 -99.999 3.029 -99.999 3.029
165 S -99.999 5.029 -99.999 -99.999 -99.999 -99.999 -99.999 -99.999 -99.999 -99.999 -99.999 -99.999 -99.999 -99.999 -99.999 6.199 3.029 -99.999 3.029 -99.999
166 Y -99.999 3.029 3.029 -99.999 -99.999 -99.999 -99.999 3.029 -99.999 -99.999 -99.999 -99.999 -99.999 3.029 -99.999 -99.999 3.029 -99.999 5.029 -99.999
167 L -99.999 -99.999 -99.999 -99.999 -99.999 -99.999 -99.999 -99.999 -99.999 3.029 6.199 -99.999 -99.999 6.199 -99.999 -99.999 -99.999 -99.999 -99.999 -99.999
168 N -99.999 -99.999 8.199 3.029 -99.999 -99.999 -99.999 -99.999 -99.999 -99.999 -99.999 -99.999 -99.999 -99.999 -99.999 -99.999 -99.999 -99.999 -99.999 -99.999
169 F -99.999 -99.999 -99.999 -99.999 -99.999 -99.999 -99.999 -99.999 -99.999 -99.999 6.199 -99.999 -99.999 7.029 -99.999 -99.999 -99.999 -99.999 -99.999 -99.999
170 N -99.999 -99.999 7.029 6.199 -99.999 -99.999 -99.999 -99.999 -99.999 -99.999 -99.999 -99.999 -99.999 -99.999 -99.999 -99.999 -99.999 -99.999 -99.999 -99.999
171 L -99.999 -99.999 -99.999 -99.999 -99.999 -99.999 -99.999 -99.999 -99.999 3.029 7.673 -99.999 -99.999 3.029 -99.999 -99.999 -99.999 -99.999 -99.999 -99.999
172 S -99.999 3.029 -99.999 3.029 -99.999 -99.999 -99.999 -99.999 -99.999 -99.999 3.029 -99.999 -99.999 -99.999 -99.999 6.199 3.029 -99.999 -99.999 -99.999
173 K -99.999 3.029 3.029 3.029 -99.999 -99.999 -99.999 -99.999 -99.999 -99.999 3.029 6.199 -99.999 -99.999 -99.999 -99.999 -99.999 -99.999 -99.999 -99.999
174 V -99.999 -99.999 -99.999 -99.999 -99.999 -99.999 -99.999 -99.999 -99.999 -99.999 -99.999 -99.999 -99.999 -99.999 -99.999 -99.999 -99.999 -99.999 -99.999 8.644
175 Y -99.999 -99.999 -99.999 -99.999 -99.999 -99.999 -99.999 -99.999 -99.999 -99.999 -99.999 -99.999 -99.999 -99.999 -99.999 -99.999 -99.999 -99.999 8.644 -99.999
176 D -99.999 -99.999 -99.999 5.029 -99.999 3.029 5.029 3.029 -99.999 -99.999 3.029 -99.999 -99.999 -99.999 -99.999 -99.999 -99.999 -99.999 -99.999 -99.999
177 I -99.999 -99.999 -99.999 -99.999 -99.999 -99.999 -99.999 -99.999 -99.999 5.029 -99.999 -99.999 -99.999 5.029 -99.999 -99.999 -99.999 -99.999 5.029 3.029
178 R -99.999 8.644 -99.999 -99.999 -99.999 -99.999 -99.999 -99.999 -99.999 -99.999 -99.999 -99.999 -99.999 -99.999 -99.999 -99.999 -99.999 -99.999 -99.999 -99.999
179 D 3.029 3.029 -99.999 5.029 -99.999 3.029 3.029 -99.999 -99.999 -99.999 -99.999 -99.999 -99.999 -99.999 -99.999 3.029 -99.999 -99.999 -99.999 -99.999
180 E 3.029 -99.999 3.029 5.029 -99.999 -99.999 6.199 -99.999 -99.999 -99.999 -99.999 -99.999 -99.999 -99.999 -99.999 -99.999 -99.999 -99.999 -99.999 -99.999
181 A 8.199 -99.999 3.029 -99.999 -99.999 -99.999 -99.999 -99.999 -99.999 -99.999 -99.999 -99.999 -99.999 -99.999 -99.999 -99.999 -99.999 -99.999 -99.999 -99.999
182 A 7.029 -99.999 3.029 -99.999 -99.999 -99.999 3.029 -99.999 -99.999 -99.999 3.029 -99.999 -99.999 -99.999 -99.999 -99.999 -99.999 -99.999 -99.999 -99.999
183 D 5.029 -99.999 -99.999 6.199 -99.999 -99.999 3.029 -99.999 -99.999 -99.999 -99.999 -99.999 -99.999 -99.999 -99.999 3.029 -99.999 -99.999 -99.999 -99.999
184 S 3.029 -99.999 5.029 -99.999 -99.999 -99.999 -99.999 -99.999 -99.999 -99.999 -99.999 3.029 -99.999 -99.999 -99.999 6.199 -99.999 -99.999 -99.999 -99.999
185 L -99.999 -99.999 -99.999 -99.999 -99.999 -99.999 -99.999 -99.999 -99.999 -99.999 7.673 -99.999 3.029 -99.999 -99.999 -99.999 -99.999 -99.999 -99.999 3.029
186 P -99.999 -99.999 -99.999 -99.999 -99.999 -99.999 -99.999 -99.999 3.029 -99.999 -99.999 -99.999 -99.999 -99.999 8.199 -99.999 -99.999 -99.999 -99.999 -99.999
187 G 5.029 -99.999 -99.999 -99.999 -99.999 -99.999 3.029 6.199 -99.999 -99.999 -99.999 -99.999 -99.999 -99.999 3.029 -99.999 -99.999 -99.999 -99.999 -99.999
188 I -99.999 -99.999 -99.999 -99.999 -99.999 -99.999 -99.999 -99.999 -99.999 7.029 3.029 -99.999 -99.999 3.029 -99.999 -99.999 -99.999 -99.999 -99.999 3.029
189 F -99.999 -99.999 -99.999 -99.999 -99.999 -99.999 -99.999 -99.999 -99.999 -99.999 3.029 -99.999 -99.999 7.673 -99.999 -99.999 -99.999 -99.999 3.029 -99.999
190 G 6.199 -99.999 -99.999 -99.999 -99.999 -99.999 -99.999 7.029 -99.999 -99.999 -99.999 -99.999 -99.999 -99.999 -99.999 -99.999 -99.999 -99.999 -99.999 -99.999
191 Y -99.999 -99.999 -99.999 -99.999 -99.999 -99.999 -99.999 -99.999 -99.999 -99.999 -99.999 -99.999 -99.999 -99.999 -99.999 -99.999 -99.999 -99.999 8.644 -99.999
192 L -99.999 -99.999 -99.999 -99.999 -99.999 -99.999 -99.999 -99.999 -99.999 3.029 7.029 -99.999 -99.999 3.029 -99.999 -99.999 -99.999 -99.999 -99.999 3.029
193 S -99.999 -99.999 -99.999 -99.999 -99.999 -99.999 -99.999 -99.999 -99.999 -99.999 -99.999 -99.999 -99.999 -99.999 -99.999 7.029 3.029 -99.999 3.029 3.029
194 P -99.999 -99.999 -99.999 -99.999 -99.999 -99.999 -99.999 -99.999 -99.999 -99.999 -99.999 -99.999 -99.999 -99.999 7.673 5.029 -99.999 -99.999 -99.999 -99.999
195 N 3.029 -99.999 5.029 -99.999 -99.999 -99.999 -99.999 -99.999 -99.999 5.029 5.029 -99.999 -99.999 -99.999 -99.999 -99.999 -99.999 -99.999 -99.999 -99.999
196 L -99.999 -99.999 -99.999 -99.999 -99.999 -99.999 -99.999 -99.999 -99.999 -99.999 5.029 -99.999 -99.999 5.029 -99.999 -99.999 3.029 -99.999 -99.999 5.029
197 S -99.999 -99.999 -99.999 -99.999 -99.999 -99.999 -99.999 6.199 -99.999 -99.999 -99.999 -99.999 -99.999 -99.999 -99.999 7.029 -99.999 -99.999 -99.999 -99.999
198 K 3.029 -99.999 -99.999 -99.999 -99.999 3.029 -99.999 -99.999 -99.999 -99.999 -99.999 7.029 -99.999 -99.999 -99.999 -99.999 3.029 -99.999 -99.999 -99.999
199 I -99.999 -99.999 -99.999 -99.999 -99.999 -99.999 -99.999 -99.999 -99.999 7.673 -99.999 -99.999 -99.999 -99.999 -99.999 -99.999 3.029 -99.999 -99.999 3.029
200 I -99.999 -99.999 -99.999 -99.999 -99.999 -99.999 -99.999 -99.999 -99.999 5.029 3.029 -99.999 3.029 5.029 -99.999 -99.999 -99.999 -99.999 -99.999 3.029
201 I -99.999 -99.999 -99.999 -99.999 -99.999 -99.999 -99.999 -99.999 -99.999 7.029 3.029 -99.999 -99.999 -99.999 -99.999 -99.999 -99.999 -99.999 -99.999 5.029
202 P -99.999 -99.999 -99.999 -99.999 -99.999 -99.999 -99.999 -99.999 -99.999 -99.999 -99.999 -99.999 -99.999 -99.999 8.644 -99.999 -99.999 -99.999 -99.999 -99.999
203 L -99.999 -99.999 -99.999 -99.999 -99.999 -99.999 -99.999 -99.999 -99.999 3.029 6.199 -99.999 -99.999 5.029 -99.999 -99.999 3.029 -99.999 -99.999 -99.999
204 G 5.029 -99.999 -99.999 -99.999 -99.999 -99.999 -99.999 6.199 -99.999 -99.999 -99.999 -99.999 3.029 -99.999 -99.999 -99.999 -99.999 -99.999 -99.999 3.029
205 I -99.999 -99.999 -99.999 -99.999 -99.999 -99.999 -99.999 -99.999 -99.999 7.029 3.029 -99.999 -99.999 -99.999 -99.999 -99.999 3.029 -99.999 -99.999 3.029
206 V -99.999 -99.999 -99.999 -99.999 -99.999 -99.999 -99.999 -99.999 -99.999 -99.999 3.029 -99.999 -99.999 -99.999 -99.999 3.029 3.029 -99.999 -99.999 7.029
207 L -99.999 -99.999 -99.999 -99.999 -99.999 -99.999 -99.999 -99.999 -99.999 3.029 6.199 -99.999 3.029 -99.999 -99.999 -99.999 -99.999 -99.999 3.029 3.029
208 S 6.199 -99.999 -99.999 -99.999 -99.999 -99.999 -99.999 -99.999 -99.999 -99.999 -99.999 -99.999 -99.999 -99.999 -99.999 7.029 -99.999 -99.999 -99.999 -99.999
209 I -99.999 -99.999 -99.999 -99.999 -99.999 -99.999 -99.999 -99.999 -99.999 6.199 3.029 -99.999 -99.999 3.029 -99.999 -99.999 -99.999 -99.999 -99.999 5.029
210 I -99.999 -99.999 -99.999 -99.999 -99.999 -99.999 3.029 -99.999 -99.999 5.029 5.029 -99.999 -99.999 -99.999 -99.999 3.029 -99.999 -99.999 3.029 -99.999
211 N -99.999 -99.999 5.029 -99.999 -99.999 3.029 -99.999 -99.999 -99.999 -99.999 3.029 -99.999 -99.999 -99.999 -99.999 -99.999 -99.999 3.029 5.029 -99.999
212 K -99.999 6.199 -99.999 -99.999 -99.999 -99.999 -99.999 -99.999 -99.999 -99.999 -99.999 7.029 -99.999 -99.999 -99.999 -99.999 -99.999 -99.999 -99.999 -99.999
213 R -99.999 7.673 -99.999 -99.999 -99.999 3.029 -99.999 -99.999 -99.999 -99.999 -99.999 3.029 -99.999 -99.999 -99.999 -99.999 -99.999 -99.999 -99.999 -99.999
214 W -99.999 -99.999 -99.999 -99.999 -99.999 -99.999 -99.999 -99.999 1.029 -99.999 -99.999 -99.999 -99.999 3.029 3.029 -99.999 -99.999 6.199 4.199 -99.999
215 I -99.999 -99.999 -99.999 -99.999 -99.999 3.029 -99.999 3.029 -99.999 5.029 3.029 3.029 -99.999 -99.999 -99.999 3.029 -99.999 -99.999 -99.999 -99.999
216 I 3.029 -99.999 -99.999 -99.999 -99.999 -99.999 -99.999 -99.999 -99.999 5.029 -99.999 -99.999 3.029 5.029 -99.999 -99.999 -99.999 -99.999 3.029 -99.999
217 V 5.029 -99.999 -99.999 -99.999 -99.999 -99.999 -99.999 -99.999 -99.999 -99.999 3.029 -99.999 -99.999 -99.999 -99.999 -99.999 -99.999 -99.999 -99.999 7.029
218 A 6.199 -99.999 -99.999 -99.999 -99.999 -99.999 -99.999 -99.999 -99.999 3.029 -99.999 -99.999 -99.999 5.029 -99.999 -99.999 -99.999 -99.999 -99.999 3.029
219 L -99.999 -99.999 -99.999 -99.999 -99.999 -99.999 -99.999 -99.999 -99.999 3.029 6.199 -99.999 -99.999 -99.999 -99.999 -99.999 3.029 3.029 -99.999 3.029
220 G 3.029 -99.999 -99.999 -99.999 3.029 -99.999 -99.999 5.029 -99.999 -99.999 5.029 -99.999 -99.999 3.029 -99.999 -99.999 -99.999 -99.999 -99.999 -99.999
221 V -99.999 -99.999 -99.999 -99.999 -99.999 -99.999 -99.999 -99.999 -99.999 3.029 5.029 -99.999 3.029 -99.999 -99.999 -99.999 -99.999 -99.999 -99.999 6.199
222 A 5.029 -99.999 -99.999 -99.999 -99.999 -99.999 -99.999 3.029 -99.999 3.029 3.029 -99.999 -99.999 -99.999 -99.999 3.029 -99.999 -99.999 -99.999 3.029
223 C 3.029 -99.999 -99.999 -99.999 5.029 -99.999 -99.999 -99.999 -99.999 -99.999 -99.999 -99.999 -99.999 5.029 -99.999 3.029 -99.999 -99.999 -99.999 3.029
224 S 5.029 -99.999 -99.999 -99.999 -99.999 3.029 -99.999 -99.999 -99.999 -99.999 -99.999 -99.999 -99.999 -99.999 -99.999 7.029 -99.999 -99.999 -99.999 -99.999
225 V -99.999 -99.999 -99.999 -99.999 -99.999 -99.999 -99.999 -99.999 -99.999 5.029 3.029 -99.999 -99.999 -99.999 -99.999 -99.999 3.029 -99.999 -99.999 6.199
226 I -99.999 -99.999 -99.999 -99.999 -99.999 -99.999 -99.999 -99.999 -99.999 5.029 5.029 -99.999 3.029 3.029 -99.999 -99.999 -99.999 -99.999 -99.999 3.029
227 I -99.999 -99.999 -99.999 -99.999 -99.999 -99.999 -99.999 -99.999 -99.999 5.029 5.029 -99.999 3.029 3.029 -99.999 -99.999 -99.999 -99.999 -99.999 3.029
228 F -99.999 -99.999 -99.999 -99.999 -99.999 -99.999 -99.999 -99.999 -99.999 -99.999 -99.999 -99.999 -99.999 8.644 -99.999 -99.999 -99.999 -99.999 -99.999 -99.999
229 G 3.029 -99.999 -99.999 -99.999 -99.999 -99.999 -99.999 8.199 -99.999 -99.999 -99.999 -99.999 -99.999 -99.999 -99.999 -99.999 -99.999 -99.999 -99.999 -99.999
230 L -99.999 -99.999 -99.999 -99.999 -99.999 -99.999 -99.999 -99.999 -99.999 -99.999 7.029 -99.999 3.029 5.029 -99.999 -99.999 -99.999 -99.999 -99.999 -99.999
231 T -99.999 -99.999 -99.999 -99.999 -99.999 -99.999 -99.999 -99.999 -99.999 -99.999 -99.999 -99.999 -99.999 -99.999 -99.999 3.029 8.199 -99.999 -99.999 -99.999
232 A 6.199 -99.999 3.029 -99.999 -99.999 -99.999 -99.999 3.029 3.029 -99.999 -99.999 -99.999 -99.999 -99.999 -99.999 3.029 -99.999 -99.999 -99.999 -99.999
233 H -99.999 -99.999 -99.999 -99.999 -99.999 -99.999 -99.999 -99.999 8.199 -99.999 -99.999 -99.999 -99.999 3.029 -99.999 -99.999 -99.999 -99.999 -99.999 -99.999
234 K -99.999 -99.999 -99.999 -99.999 -99.999 -99.999 -99.999 -99.999 -99.999 -99.999 -99.999 8.644 -99.999 -99.999 -99.999 -99.999 -99.999 -99.999 -99.999 -99.999
235 A 5.029 -99.999 3.029 -99.999 -99.999 -99.999 -99.999 5.029 -99.999 -99.999 -99.999 -99.999 -99.999 -99.999 -99.999 5.029 -99.999 -99.999 -99.999 -99.999
236 P -99.999 -99.999 -99.999 -99.999 -99.999 -99.999 -99.999 -99.999 -99.999 5.029 -99.999 -99.999 -99.999 -99.999 7.029 -99.999 -99.999 -99.999 -99.999 3.029
237 L -99.999 -99.999 -99.999 -99.999 -99.999 -99.999 -99.999 -99.999 -99.999 -99.999 7.673 -99.999 -99.999 3.029 -99.999 -99.999 -99.999 -99.999 -99.999 3.029
238 F -99.999 -99.999 -99.999 -99.999 -99.999 -99.999 -99.999 -99.999 -99.999 3.029 3.029 -99.999 -99.999 7.673 -99.999 -99.999 -99.999 -99.999 -99.999 -99.999
239 Y 3.029 -99.999 -99.999 -99.999 -99.999 -99.999 -99.999 -99.999 -99.999 -99.999 -99.999 -99.999 -99.999 -99.999 -99.999 -99.999 3.029 -99.999 7.673 -99.999
240 P -99.999 -99.999 -99.999 -99.999 -99.999 -99.999 -99.999 -99.999 -99.999 3.029 -99.999 -99.999 -99.999 -99.999 7.673 3.029 -99.999 -99.999 -99.999 -99.999
241 I -99.999 -99.999 -99.999 -99.999 -99.999 -99.999 -99.999 -99.999 -99.999 6.199 3.029 -99.999 -99.999 6.199 -99.999 -99.999 -99.999 -99.999 -99.999 -99.999
242 L -99.999 -99.999 -99.999 -99.999 -99.999 -99.999 -99.999 -99.999 -99.999 3.029 7.673 -99.999 3.029 -99.999 -99.999 -99.999 -99.999 -99.999 -99.999 -99.999
243 V -99.999 -99.999 -99.999 -99.999 -99.999 -99.999 -99.999 -99.999 -99.999 5.029 -99.999 -99.999 -99.999 3.029 -99.999 3.029 -99.999 -99.999 -99.999 6.199
244 I -99.999 -99.999 -99.999 -99.999 -99.999 -99.999 -99.999 -99.999 -99.999 7.029 6.199 -99.999 -99.999 -99.999 -99.999 -99.999 -99.999 -99.999 -99.999 -99.999
245 S 3.029 -99.999 -99.999 -99.999 -99.999 -99.999 -99.999 3.029 -99.999 -99.999 3.029 -99.999 -99.999 3.029 -99.999 5.029 3.029 -99.999 -99.999 -99.999
246 I -99.999 -99.999 -99.999 -99.999 -99.999 -99.999 -99.999 -99.999 -99.999 6.199 3.029 -99.999 -99.999 3.029 -99.999 -99.999 -99.999 -99.999 -99.999 5.029
247 Y -99.999 -99.999 -99.999 -99.999 3.029 -99.999 -99.999 -99.999 -99.999 -99.999 -99.999 -99.999 -99.999 5.029 -99.999 -99.999 -99.999 -99.999 7.029 -99.999
248 A 3.029 -99.999 -99.999 -99.999 -99.999 -99.999 -99.999 -99.999 -99.999 3.029 3.029 -99.999 -99.999 3.029 -99.999 -99.999 3.029 3.029 3.029 -99.999
249 F 3.029 -99.999 -99.999 -99.999 -99.999 -99.999 -99.999 -99.999 -99.999 5.029 -99.999 -99.999 -99.999 6.199 -99.999 -99.999 -99.999 -99.999 -99.999 3.029
250 L 3.029 -99.999 -99.999 -99.999 -99.999 -99.999 -99.999 -99.999 -99.999 -99.999 5.029 -99.999 3.029 3.029 3.029 3.029 -99.999 -99.999 -99.999 -99.999
251 Q -99.999 3.474 -99.999 -99.999 -99.999 5.474 -99.999 3.474 -99.999 -99.999 -99.999 3.474 -99.999 -99.999 -99.999 3.474 -99.999 -99.999 -99.999 -99.999
252 S -99.999 4.0 -99.999 -99.999 4.0 -99.999 -99.999 -99.999 -99.999 -99.999 -99.999 -99.999 -99.999 -99.999 -99.999 6.0 -99.999 -99.999 -99.999 4.0
253 K -99.999 3.029 -99.999 -99.999 -99.999 3.029 -99.999 -99.999 -99.999 -99.999 -99.999 5.029 -99.999 -99.999 3.029 5.029 -99.999 -99.999 -99.999 -99.999
254 S -99.999 3.029 3.029 -99.999 -99.999 -99.999 -99.999 -99.999 -99.999 -99.999 -99.999 3.029 3.029 3.029 -99.999 5.029 -99.999 -99.999 -99.999 -99.999
255 K -99.999 3.029 -99.999 -99.999 -99.999 -99.999 -99.999 -99.999 -99.999 3.029 -99.999 5.029 -99.999 3.029 -99.999 -99.999 -99.999 3.029 3.029 -99.999
256 A 6.199 -99.999 3.029 -99.999 -99.999 -99.999 -99.999 -99.999 -99.999 -99.999 3.029 -99.999 -99.999 3.029 -99.999 -99.999 3.029 -99.999 -99.999 -99.999
257 G 3.029 3.029 -99.999 -99.999 -99.999 -99.999 -99.999 5.029 -99.999 -99.999 -99.999 3.029 -99.999 -99.999 -99.999 -99.999 3.029 -99.999 -99.999 3.029
258 Y -99.999 -99.999 -99.999 -99.999 -99.999 -99.999 3.029 -99.999 -99.999 -99.999 3.029 -99.999 -99.999 3.029 -99.999 -99.999 -99.999 -99.999 7.029 -99.999
259 L -99.999 -99.999 -99.999 -99.999 -99.999 -99.999 -99.999 -99.999 -99.999 -99.999 7.673 -99.999 -99.999 3.029 -99.999 -99.999 -99.999 -99.999 -99.999 3.029
260 A 5.029 -99.999 -99.999 -99.999 -99.999 -99.999 -99.999 -99.999 -99.999 -99.999 3.029 -99.999 3.029 -99.999 -99.999 3.029 -99.999 -99.999 3.029 3.029
261 A 8.644 -99.999 -99.999 -99.999 -99.999 -99.999 -99.999 -99.999 -99.999 -99.999 -99.999 -99.999 -99.999 -99.999 -99.999 -99.999 -99.999 -99.999 -99.999 -99.999
262 L -99.999 -99.999 -99.999 -99.999 -99.999 -99.999 -99.999 -99.999 -99.999 -99.999 8.644 -99.999 -99.999 -99.999 -99.999 -99.999 -99.999 -99.999 -99.999 -99.999
263 I -99.999 -99.999 -99.999 -99.999 -99.999 -99.999 -99.999 -99.999 -99.999 5.029 5.029 -99.999 3.029 3.029 -99.999 -99.999 -99.999 -99.999 -99.999 3.029
264 L 3.029 -99.999 -99.999 -99.999 -99.999 -99.999 -99.999 5.029 -99.999 -99.999 6.199 -99.999 -99.999 -99.999 -99.999 -99.999 -99.999 -99.999 3.029 -99.999
265 F 3.029 -99.999 -99.999 -99.999 -99.999 -99.999 -99.999 -99.999 -99.999 3.029 3.029 -99.999 -99.999 5.029 3.029 -99.999 -99.999 -99.999 -99.999 3.029
266 I -99.999 -99.999 -99.999 -99.999 -99.999 -99.999 -99.999 -99.999 -99.999 5.029 3.029 -99.999 5.029 3.029 -99.999 -99.999 -99.999 -99.999 -99.999 3.029
267 A 3.029 -99.999 -99.999 -99.999 -99.999 -99.999 -99.999 3.029 -99.999 3.029 3.029 -99.999 -99.999 3.029 -99.999 3.029 -99.999 -99.999 -99.999 3.029
268 L -99.999 -99.999 -99.999 -99.999 -99.999 -99.999 -99.999 -99.999 -99.999 6.199 7.029 -99.999 -99.999 -99.999 -99.999 -99.999 -99.999 -99.999 -99.999 -99.999
269 L -99.999 -99.999 -99.999 -99.999 -99.999 -99.999 -99.999 -99.999 -99.999 -99.999 6.199 -99.999 -99.999 -99.999 3.029 -99.999 -99.999 -99.999 -99.999 6.199
270 A 5.029 -99.999 -99.999 -99.999 -99.999 -99.999 -99.999 -99.999 -99.999 -99.999 5.029 -99.999 -99.999 3.029 -99.999 -99.999 3.029 -99.999 -99.999 3.029
271 L -99.999 -99.999 -99.999 -99.999 -99.999 -99.999 -99.999 -99.999 -99.999 5.029 6.199 -99.999 -99.999 3.029 -99.999 -99.999 -99.999 -99.999 3.029 -99.999
272 S 5.029 -99.999 -99.999 -99.999 -99.999 -99.999 -99.999 -99.999 -99.999 -99.999 -99.999 -99.999 -99.999 -99.999 -99.999 7.673 -99.999 -99.999 -99.999 -99.999
273 A 3.029 -99.999 -99.999 -99.999 -99.999 -99.999 -99.999 3.029 -99.999 3.029 -99.999 -99.999 3.029 -99.999 -99.999 3.029 -99.999 3.029 3.029 -99.999
274 L -99.999 -99.999 -99.999 -99.999 -99.999 -99.999 -99.999 -99.999 -99.999 3.029 6.199 -99.999 -99.999 5.029 -99.999 -99.999 -99.999 -99.999 -99.999 3.029
275 D -99.999 -99.999 3.029 8.199 -99.999 -99.999 -99.999 -99.999 -99.999 -99.999 -99.999 -99.999 -99.999 -99.999 -99.999 -99.999 -99.999 -99.999 -99.999 -99.999
276 F 3.029 -99.999 -99.999 -99.999 -99.999 -99.999 -99.999 -99.999 -99.999 -99.999 3.029 -99.999 -99.999 6.199 -99.999 -99.999 -99.999 -99.999 -99.999 5.029
277 F -99.999 -99.999 -99.999 -99.999 -99.999 -99.999 -99.999 -99.999 -99.999 3.029 3.029 -99.999 -99.999 5.029 -99.999 -99.999 3.029 3.029 -99.999 3.029
278 L -99.999 -99.999 -99.999 -99.999 -99.999 -99.999 -99.999 -99.999 -99.999 -99.999 8.199 -99.999 -99.999 -99.999 -99.999 -99.999 -99.999 -99.999 3.029 -99.999
279 Y 3.029 -99.999 -99.999 -99.999 -99.999 -99.999 -99.999 -99.999 3.029 -99.999 3.029 3.029 -99.999 -99.999 -99.999 3.029 -99.999 -99.999 5.029 -99.999
280 Q -99.999 3.029 -99.999 3.029 -99.999 5.029 -99.999 -99.999 -99.999 3.029 3.029 -99.999 -99.999 -99.999 -99.999 -99.999 3.029 -99.999 -99.999 -99.999
281 E -99.999 -99.999 3.029 -99.999 -99.999 3.029 5.029 -99.999 -99.999 3.029 -99.999 -99.999 -99.999 3.029 -99.999 -99.999 -99.999 -99.999 3.029 -99.999
282 I 3.029 -99.999 -99.999 -99.999 -99.999 -99.999 -99.999 3.029 -99.999 5.029 3.029 -99.999 -99.999 -99.999 -99.999 3.029 -99.999 -99.999 3.029 -99.999
283 D -99.999 3.474 -99.999 5.474 -99.999 -99.999 -99.999 -99.999 -99.999 -99.999 3.474 -99.999 -99.999 -99.999 -99.999 3.474 -99.999 -99.999 -99.999 3.474
284 Q -99.999 -99.999 -99.999 -99.999 -99.999 6.644 -99.999 6.644 -99.999 -99.999 -99.999 -99.999 -99.999 -99.999 -99.999 -99.999 -99.999 -99.999 -99.999 -99.999
285 Y -99.999 -99.999 -99.999 -99.999 -99.999 3.029 3.029 -99.999 -99.999 -99.999 -99.999 3.029 -99.999 -99.999 -99.999 3.029 3.029 -99.999 5.029 -99.999
286 D -99.999 3.029 3.029 5.029 -99.999 -99.999 3.029 -99.999 -99.999 -99.999 -99.999 -99.999 -99.999 -99.999 3.029 3.029 -99.999 -99.999 -99.999 -99.999
287 N -99.999 -99.999 3.474 -99.999 -99.999 3.474 3.474 -99.999 -99.999 3.474 3.474 -99.999 -99.999 -99.999 -99.999 3.474 -99.999 -99.999 -99.999 -99.999
288 L -99.999 -99.999 -99.999 -99.999 -99.999 -99.999 -99.999 -99.999 -99.999 -99.999 8.644 -99.999 -99.999 -99.999 -99.999 -99.999 -99.999 -99.999 -99.999 -99.999
289 L -99.999 -99.999 -99.999 -99.999 -99.999 -99.999 -99.999 -99.999 -99.999 -99.999 5.029 -99.999 -99.999 5.029 -99.999 5.029 -99.999 3.029 -99.999 -99.999
290 G -99.999 -99.999 -99.999 -99.999 -99.999 -99.999 -99.999 7.029 -99.999 -99.999 3.029 -99.999 3.029 -99.999 -99.999 3.029 -99.999 -99.999 -99.999 -99.999
291 W -99.999 -99.999 -99.999 -99.999 -99.999 -99.999 3.029 -99.999 -99.999 3.029 -99.999 -99.999 3.029 3.029 -99.999 -99.999 -99.999 6.199 -99.999 -99.999
292 F -99.999 -99.999 -99.999 -99.999 -99.999 -99.999 -99.999 -99.999 -99.999 -99.999 -99.999 -99.999 -99.999 8.644 -99.999 -99.999 -99.999 -99.999 -99.999 -99.999
293 G 3.029 -99.999 -99.999 -99.999 -99.999 -99.999 -99.999 6.199 -99.999 -99.999 -99.999 -99.999 -99.999 -99.999 -99.999 3.029 -99.999 -99.999 -99.999 5.029
294 S -99.999 -99.999 3.029 -99.999 -99.999 -99.999 -99.999 -99.999 -99.999 -99.999 -99.999 -99.999 -99.999 -99.999 -99.999 8.199 -99.999 -99.999 -99.999 -99.999
295 L -99.999 -99.999 3.029 -99.999 -99.999 -99.999 -99.999 -99.999 -99.999 3.029 6.199 -99.999 -99.999 3.029 -99.999 -99.999 -99.999 -99.999 3.029 -99.999
296 F 5.029 -99.999 -99.999 -99.999 -99.999 -99.999 -99.999 -99.999 -99.999 5.029 -99.999 -99.999 -99.999 6.199 -99.999 -99.999 -99.999 -99.999 -99.999 -99.999
297 A 5.029 -99.999 -99.999 -99.999 -99.999 -99.999 -99.999 -99.999 -99.999 3.029 -99.999 -99.999 3.029 -99.999 -99.999 5.029 -99.999 -99.999 -99.999 3.029
298 R -99.999 8.199 -99.999 -99.999 -99.999 3.029 -99.999 -99.999 -99.999 -99.999 -99.999 -99.999 -99.999 -99.999 -99.999 -99.999 -99.999 -99.999 -99.999 -99.999
299 R -99.999 8.644 -99.999 -99.999 -99.999 -99.999 -99.999 -99.999 -99.999 -99.999 -99.999 -99.999 -99.999 -99.999 -99.999 -99.999 -99.999 -99.999 -99.999 -99.999
300 A 5.029 -99.999 -99.999 -99.999 -99.999 -99.999 -99.999 3.029 -99.999 -99.999 -99.999 -99.999 3.029 -99.999 -99.999 -99.999 5.029 -99.999 -99.999 3.029
301 I -99.999 -99.999 -99.999 -99.999 -99.999 -99.999 -99.999 -99.999 -99.999 7.029 6.199 -99.999 -99.999 -99.999 -99.999 -99.999 -99.999 -99.999 -99.999 -99.999
302 L -99.999 -99.999 -99.999 -99.999 -99.999 -99.999 -99.999 -99.999 -99.999 -99.999 7.029 -99.999 5.029 3.029 -99.999 -99.999 -99.999 -99.999 -99.999 -99.999
303 V -99.999 -99.999 -99.999 -99.999 -99.999 -99.999 -99.999 -99.999 -99.999 3.029 3.029 -99.999 -99.999 -99.999 -99.999 -99.999 3.029 -99.999 -99.999 7.029
304 P -99.999 -99.999 -99.999 -99.999 -99.999 -99.999 -99.999 -99.999 -99.999 -99.999 -99.999 -99.999 -99.999 -99.999 8.644 -99.999 -99.999 -99.999 -99.999 -99.999
305 P 3.029 -99.999 -99.999 -99.999 -99.999 -99.999 -99.999 -99.999 -99.999 -99.999 -99.999 -99.999 -99.999 -99.999 5.029 5.029 3.029 -99.999 -99.999 3.029
306 L -99.999 -99.999 -99.999 -99.999 -99.999 -99.999 -99.999 -99.999 3.029 -99.999 6.199 -99.999 5.029 -99.999 -99.999 -99.999 -99.999 -99.999 3.029 -99.999
307 L -99.999 -99.999 -99.999 -99.999 -99.999 -99.999 -99.999 -99.999 -99.999 -99.999 8.644 -99.999 -99.999 -99.999 -99.999 -99.999 -99.999 -99.999 -99.999 -99.999
308 N -99.999 -99.999 7.029 6.199 -99.999 -99.999 -99.999 -99.999 -99.999 -99.999 -99.999 -99.999 -99.999 -99.999 -99.999 -99.999 -99.999 -99.999 -99.999 -99.999
309 W -99.999 -99.999 -99.999 3.029 -99.999 -99.999 3.029 -99.999 -99.999 -99.999 -99.999 -99.999 3.029 -99.999 -99.999 3.029 -99.999 5.029 3.029 -99.999
310 A 5.029 3.029 -99.999 -99.999 -99.999 -99.999 -99.999 -99.999 -99.999 -99.999 3.029 -99.999 -99.999 5.029 -99.999 -99.999 -99.999 -99.999 3.029 -99.999
311 H -99.999 -99.999 -99.999 -99.999 -99.999 -99.999 -99.999 -99.999 6.199 -99.999 -99.999 -99.999 -99.999 3.029 -99.999 -99.999 -99.999 -99.999 6.199 -99.999
312 I -99.999 -99.999 -99.999 -99.999 -99.999 -99.999 -99.999 -99.999 -99.999 5.029 3.029 -99.999 -99.999 5.029 -99.999 -99.999 -99.999 -99.999 -99.999 5.029
313 D 3.029 -99.999 -99.999 5.029 -99.999 -99.999 5.029 -99.999 -99.999 3.029 -99.999 3.029 -99.999 -99.999 -99.999 -99.999 -99.999 -99.999 -99.999 -99.999
314 F -99.999 -99.999 -99.999 -99.999 -99.999 -99.999 -99.999 -99.999 -99.999 -99.999 -99.999 -99.999 -99.999 7.673 -99.999 -99.999 -99.999 3.029 3.029 -99.999
315 F -99.999 -99.999 -99.999 -99.999 -99.999 -99.999 -99.999 -99.999 -99.999 -99.999 -99.999 -99.999 -99.999 8.644 -99.999 -99.999 -99.999 -99.999 -99.999 -99.999
316 S -99.999 -99.999 -99.999 -99.999 -99.999 3.029 -99.999 -99.999 -99.999 -99.999 -99.999 -99.999 -99.999 -99.999 -99.999 8.199 -99.999 -99.999 -99.999 -99.999
317 N -99.999 -99.999 5.029 5.029 -99.999 -99.999 -99.999 -99.999 -99.999 -99.999 -99.999 -99.999 3.029 -99.999 -99.999 -99.999 3.029 -99.999 -99.999 3.029
318 T -99.999 -99.999 -99.999 -99.999 -99.999 -99.999 -99.999 -99.999 -99.999 -99.999 -99.999 -99.999 -99.999 -99.999 -99.999 -99.999 8.644 -99.999 -99.999 -99.999
319 N -99.999 -99.999 7.029 -99.999 -99.999 -99.999 -99.999 -99.999 5.029 -99.999 -99.999 -99.999 -99.999 3.029 -99.999 -99.999 -99.999 -99.999 -99.999 -99.999
320 E -99.999 -99.999 -99.999 3.029 -99.999 -99.999 6.199 -99.999 -99.999 -99.999 3.029 3.029 -99.999 -99.999 3.029 -99.999 -99.999 -99.999 -99.999 -99.999
321 K -99.999 -99.999 -99.999 -99.999 -99.999 -99.999 -99.999 -99.999 3.029 -99.999 5.029 6.199 -99.999 -99.999 -99.999 -99.999 -99.999 -99.999 3.029 -99.999
322 Y -99.999 -99.999 -99.999 -99.999 -99.999 -99.999 -99.999 -99.999 -99.999 -99.999 -99.999 -99.999 -99.999 3.029 -99.999 -99.999 -99.999 -99.999 8.199 -99.999
323 Y -99.999 -99.999 -99.999 -99.999 -99.999 -99.999 -99.999 -99.999 -99.999 -99.999 3.029 -99.999 -99.999 -99.999 -99.999 -99.999 -99.999 -99.999 8.199 -99.999
324 W -99.999 -99.999 -99.999 -99.999 -99.999 -99.999 -99.999 -99.999 -99.999 -99.999 -99.999 -99.999 -99.999 -99.999 -99.999 -99.999 -99.999 8.644 -99.999 -99.999
325 S 5.029 -99.999 -99.999 -99.999 -99.999 -99.999 -99.999 -99.999 -99.999 -99.999 -99.999 -99.999 -99.999 -99.999 -99.999 7.673 -99.999 -99.999 -99.999 -99.999
326 T -99.999 -99.999 -99.999 5.029 -99.999 -99.999 3.029 3.029 -99.999 -99.999 -99.999 -99.999 -99.999 -99.999 -99.999 -99.999 6.199 -99.999 -99.999 -99.999
327 S -99.999 -99.999 -99.999 -99.999 -99.999 -99.999 -99.999 -99.999 -99.999 -99.999 -99.999 -99.999 -99.999 -99.999 -99.999 8.644 -99.999 -99.999 -99.999 -99.999
328 R -99.999 7.029 -99.999 -99.999 -99.999 -99.999 -99.999 -99.999 -99.999 3.029 -99.999 5.029 -99.999 -99.999 -99.999 -99.999 -99.999 -99.999 -99.999 -99.999
329 L -99.999 -99.999 -99.999 -99.999 -99.999 -99.999 -99.999 -99.999 -99.999 3.029 7.673 -99.999 -99.999 3.029 -99.999 -99.999 -99.999 -99.999 -99.999 -99.999
330 S -99.999 -99.999 -99.999 -99.999 -99.999 -99.999 -99.999 3.029 -99.999 -99.999 -99.999 -99.999 -99.999 -99.999 -99.999 6.199 6.199 -99.999 -99.999 -99.999
331 L -99.999 -99.999 -99.999 -99.999 -99.999 -99.999 -99.999 -99.999 -99.999 -99.999 7.673 -99.999 -99.999 5.029 -99.999 -99.999 -99.999 -99.999 -99.999 -99.999
332 G -99.999 -99.999 -99.999 -99.999 -99.999 -99.999 -99.999 8.644 -99.999 -99.999 -99.999 -99.999 -99.999 -99.999 -99.999 -99.999 -99.999 -99.999 -99.999 -99.999
333 L -99.999 -99.999 -99.999 -99.999 -99.999 -99.999 -99.999 -99.999 -99.999 -99.999 8.199 -99.999 3.029 -99.999 -99.999 -99.999 -99.999 -99.999 -99.999 -99.999
334 I -99.999 -99.999 -99.999 -99.999 -99.999 -99.999 -99.999 -99.999 -99.999 6.199 3.029 -99.999 -99.999 -99.999 -99.999 -99.999 -99.999 -99.999 -99.999 6.199
335 E 3.029 -99.999 -99.999 -99.999 -99.999 3.029 5.029 -99.999 -99.999 -99.999 -99.999 3.029 -99.999 -99.999 -99.999 3.029 -99.999 -99.999 -99.999 3.029
336 S -99.999 -99.999 5.029 -99.999 -99.999 -99.999 -99.999 -99.999 -99.999 -99.999 -99.999 -99.999 -99.999 -99.999 5.029 6.199 -99.999 -99.999 -99.999 -99.999
337 P -99.999 -99.999 -99.999 -99.999 -99.999 -99.999 -99.999 -99.999 -99.999 -99.999 -99.999 -99.999 -99.999 -99.999 8.644 -99.999 -99.999 -99.999 -99.999 -99.999
338 Y -99.999 -99.999 -99.999 -99.999 -99.999 -99.999 3.029 -99.999 -99.999 -99.999 -99.999 -99.999 -99.999 -99.999 -99.999 -99.999 -99.999 -99.999 8.199 -99.999
339 D -99.999 -99.999 3.029 6.199 -99.999 -99.999 -99.999 3.029 -99.999 -99.999 -99.999 -99.999 -99.999 -99.999 3.029 3.029 -99.999 -99.999 -99.999 -99.999
340 L -99.999 -99.999 -99.999 -99.999 -99.999 -99.999 -99.999 -99.999 -99.999 -99.999 7.029 -99.999 -99.999 -99.999 -99.999 -99.999 -99.999 -99.999 -99.999 6.199
341 P 3.029 -99.999 -99.999 -99.999 -99.999 -99.999 -99.999 -99.999 -99.999 -99.999 -99.999 3.029 -99.999 -99.999 5.029 5.029 3.029 -99.999 -99.999 -99.999
342 A 6.199 -99.999 -99.999 -99.999 -99.999 -99.999 -99.999 -99.999 -99.999 3.029 3.029 -99.999 3.029 -99.999 -99.999 3.029 -99.999 -99.999 -99.999 -99.999
343 P 3.029 -99.999 -99.999 -99.999 -99.999 -99.999 -99.999 -99.999 -99.999 -99.999 -99.999 -99.999 -99.999 -99.999 7.029 -99.999 -99.999 -99.999 -99.999 5.029
344 N -99.999 -99.999 6.199 -99.999 -99.999 -99.999 -99.999 -99.999 -99.999 -99.999 -99.999 -99.999 -99.999 6.199 -99.999 -99.999 -99.999 -99.999 3.029 -99.999
345 L -99.999 -99.999 -99.999 -99.999 -99.999 -99.999 -99.999 -99.999 -99.999 3.029 7.673 -99.999 -99.999 -99.999 -99.999 -99.999 -99.999 -99.999 -99.999 3.029
346 I -99.999 -99.999 -99.999 -99.999 -99.999 -99.999 -99.999 -99.999 -99.999 8.199 -99.999 -99.999 3.029 -99.999 -99.999 -99.999 -99.999 -99.999 -99.999 -99.999
347 G -99.999 -99.999 -99.999 -99.999 -99.999 -99.999 -99.999 8.644 -99.999 -99.999 -99.999 -99.999 -99.999 -99.999 -99.999 -99.999 -99.999 -99.999 -99.999 -99.999
348 E -99.999 3.029 -99.999 -99.999 -99.999 3.029 5.029 -99.999 -99.999 -99.999 3.029 -99.999 -99.999 -99.999 -99.999 3.029 -99.999 -99.999 3.029 -99.999
349 E -99.999 -99.999 -99.999 -99.999 -99.999 3.029 7.673 -99.999 -99.999 -99.999 -99.999 -99.999 -99.999 -99.999 -99.999 -99.999 -99.999 -99.999 3.029 -99.999
350 Y -99.999 -99.999 -99.999 -99.999 -99.999 -99.999 -99.999 -99.999 -99.999 3.029 -99.999 -99.999 -99.999 3.029 -99.999 -99.999 -99.999 -99.999 7.673 -99.999
351 F 3.029 -99.999 -99.999 -99.999 -99.999 -99.999 -99.999 -99.999 -99.999 -99.999 3.029 -99.999 -99.999 7.673 -99.999 -99.999 -99.999 -99.999 -99.999 -99.999
352 N -99.999 -99.999 6.199 -99.999 -99.999 -99.999 -99.999 6.199 -99.999 -99.999 -99.999 -99.999 -99.999 -99.999 -99.999 3.029 -99.999 -99.999 -99.999 -99.999
353 D -99.999 -99.999 3.029 5.029 -99.999 -99.999 -99.999 3.029 3.029 -99.999 -99.999 -99.999 -99.999 -99.999 -99.999 5.029 -99.999 -99.999 -99.999 -99.999
354 P -99.999 -99.999 -99.999 3.029 -99.999 -99.999 3.029 -99.999 -99.999 -99.999 -99.999 -99.999 -99.999 -99.999 5.029 5.029 3.029 -99.999 -99.999 -99.999
355 E -99.999 -99.999 3.474 -99.999 -99.999 -99.999 5.474 -99.999 -99.999 -99.999 3.474 -99.999 -99.999 -99.999 -99.999 -99.999 5.474 -99.999 -99.999 -99.999
356 M -99.999 -99.999 -99.999 -99.999 -99.999 -99.999 -99.999 -99.999 -99.999 -99.999 3.474 -99.999 6.644 -99.999 -99.999 -99.999 3.474 3.474 -99.999 -99.999
357 A 6.199 -99.999 -99.999 -99.999 -99.999 -99.999 -99.999 -99.999 3.029 -99.999 -99.999 -99.999 -99.999 -99.999 -99.999 6.199 -99.999 -99.999 -99.999 -99.999
358 A 8.644 -99.999 -99.999 -99.999 -99.999 -99.999 -99.999 -99.999 -99.999 -99.999 -99.999 -99.999 -99.999 -99.999 -99.999 -99.999 -99.999 -99.999 -99.999 -99.999
359 N -99.999 -99.999 8.644 -99.999 -99.999 -99.999 -99.999 -99.999 -99.999 -99.999 -99.999 -99.999 -99.999 -99.999 -99.999 -99.999 -99.999 -99.999 -99.999 -99.999
360 T -99.999 -99.999 -99.999 -99.999 -99.999 -99.999 -99.999 -99.999 -99.999 -99.999 -99.999 -99.999 -99.999 -99.999 -99.999 -99.999 8.644 -99.999 -99.999 -99.999
361 G -99.999 -99.999 -99.999 -99.999 -99.999 -99.999 -99.999 8.644 -99.999 -99.999 -99.999 -99.999 -99.999 -99.999 -99.999 -99.999 -99.999 -99.999 -99.999 -99.999
362 W -99.999 -99.999 -99.999 -99.999 -99.999 -99.999 -99.999 -99.999 -99.999 3.029 3.029 -99.999 -99.999 3.029 -99.999 -99.999 -99.999 6.199 3.029 -99.999
363 I -99.999 -99.999 -99.999 -99.999 -99.999 -99.999 -99.999 -99.999 -99.999 8.644 -99.999 -99.999 -99.999 -99.999 -99.999 -99.999 -99.999 -99.999 -99.999 -99.999
364 G -99.999 -99.999 -99.999 -99.999 -99.999 -99.999 -99.999 8.644 -99.999 -99.999 -99.999 -99.999 -99.999 -99.999 -99.999 -99.999 -99.999 -99.999 -99.999 -99.999
365 S -99.999 -99.999 -99.999 -99.999 -99.999 -99.999 -99.999 -99.999 -99.999 -99.999 -99.999 -99.999 -99.999 -99.999 -99.999 8.644 -99.999 -99.999 -99.999 -99.999
366 G -99.999 -99.999 -99.999 -99.999 -99.999 -99.999 -99.999 8.644 -99.999 -99.999 -99.999 -99.999 -99.999 -99.999 -99.999 -99.999 -99.999 -99.999 -99.999 -99.999
367 Y -99.999 -99.999 -99.999 -99.999 -99.999 -99.999 -99.999 -99.999 -99.999 -99.999 -99.999 -99.999 -99.999 5.029 -99.999 -99.999 -99.999 -99.999 7.673 -99.999
368 A 7.673 -99.999 -99.999 -99.999 -99.999 -99.999 -99.999 3.029 -99.999 -99.999 -99.999 -99.999 -99.999 -99.999 -99.999 3.029 -99.999 -99.999 -99.999 -99.999
369 N -99.999 -99.999 7.029 -99.999 -99.999 5.029 -99.999 -99.999 3.029 -99.999 -99.999 -99.999 -99.999 -99.999 -99.999 -99.999 -99.999 -99.999 -99.999 -99.999
370 A 8.199 -99.999 -99.999 -99.999 -99.999 -99.999 -99.999 3.029 -99.999 -99.999 -99.999 -99.999 -99.999 -99.999 -99.999 -99.999 -99.999 -99.999 -99.999 -99.999
371 G 3.029 -99.999 -99.999 -99.999 -99.999 -99.999 -99.999 8.199 -99.999 -99.999 -99.999 -99.999 -99.999 -99.999 -99.999 -99.999 -99.999 -99.999 -99.999 -99.999
372 L 3.029 -99.999 -99.999 -99.999 -99.999 -99.999 -99.999 -99.999 -99.999 -99.999 6.199 -99.999 -99.999 3.029 -99.999 -99.999 -99.999 3.029 3.029 -99.999
373 I -99.999 -99.999 -99.999 -99.999 -99.999 -99.999 -99.999 -99.999 -99.999 5.029 5.029 -99.999 -99.999 5.029 -99.999 -99.999 -99.999 3.029 -99.999 -99.999
374 G -99.999 -99.999 -99.999 -99.999 -99.999 -99.999 -99.999 8.644 -99.999 -99.999 -99.999 -99.999 -99.999 -99.999 -99.999 -99.999 -99.999 -99.999 -99.999 -99.999
375 V -99.999 -99.999 -99.999 -99.999 -99.999 -99.999 -99.999 -99.999 -99.999 -99.999 -99.999 -99.999 -99.999 -99.999 -99.999 -99.999 -99.999 -99.999 -99.999 8.644
376 Y 3.029 -99.999 -99.999 -99.999 -99.999 -99.999 -99.999 -99.999 -99.999 3.029 3.029 -99.999 -99.999 -99.999 -99.999 -99.999 -99.999 -99.999 5.029 5.029
377 L 3.029 -99.999 -99.999 -99.999 -99.999 -99.999 -99.999 -99.999 -99.999 3.029 6.199 -99.999 -99.999 5.029 -99.999 -99.999 -99.999 -99.999 -99.999 -99.999
378 Y -99.999 -99.999 -99.999 -99.999 -99.999 -99.999 -99.999 -99.999 -99.999 -99.999 -99.999 -99.999 -99.999 -99.999 -99.999 -99.999 -99.999 -99.999 8.644 -99.999
379 S -99.999 -99.999 -99.999 -99.999 -99.999 -99.999 -99.999 -99.999 -99.999 -99.999 -99.999 -99.999 -99.999 -99.999 -99.999 8.644 -99.999 -99.999 -99.999 -99.999
380 I 3.029 -99.999 -99.999 -99.999 -99.999 -99.999 -99.999 -99.999 -99.999 6.199 3.029 -99.999 -99.999 3.029 -99.999 -99.999 -99.999 -99.999 -99.999 3.029
381 L -99.999 -99.999 -99.999 -99.999 -99.999 -99.999 -99.999 3.029 -99.999 -99.999 7.673 -99.999 -99.999 -99.999 -99.999 -99.999 -99.999 -99.999 -99.999 3.029
382 V -99.999 -99.999 -99.999 -99.999 -99.999 -99.999 -99.999 -99.999 -99.999 3.029 3.029 -99.999 3.029 3.029 -99.999 -99.999 3.029 -99.999 -99.999 5.029
383 G 3.029 -99.999 -99.999 -99.999 -99.999 -99.999 -99.999 8.199 -99.999 -99.999 -99.999 -99.999 -99.999 -99.999 -99.999 -99.999 -99.999 -99.999 -99.999 -99.999
384 L 3.029 -99.999 -99.999 -99.999 -99.999 -99.999 -99.999 -99.999 -99.999 -99.999 7.029 -99.999 -99.999 -99.999 -99.999 -99.999 -99.999 3.029 -99.999 3.029
385 I -99.999 -99.999 -99.999 -99.999 3.029 -99.999 -99.999 -99.999 -99.999 5.029 3.029 -99.999 -99.999 3.029 -99.999 -99.999 -99.999 -99.999 -99.999 5.029
386 I -99.999 -99.999 -99.999 -99.999 -99.999 -99.999 -99.999 -99.999 -99.999 6.199 5.029 -99.999 -99.999 5.029 -99.999 -99.999 -99.999 -99.999 -99.999 -99.999
387 S 5.029 -99.999 -99.999 -99.999 -99.999 -99.999 -99.999 3.029 -99.999 -99.999 -99.999 -99.999 -99.999 -99.999 -99.999 7.029 -99.999 -99.999 -99.999 -99.999
388 F -99.999 -99.999 -99.999 -99.999 -99.999 -99.999 -99.999 -99.999 -99.999 -99.999 -99.999 -99.999 -99.999 7.029 -99.999 -99.999 -99.999 -99.999 6.199 -99.999
389 L -99.999 -99.999 -99.999 -99.999 -99.999 -99.999 -99.999 -99.999 -99.999 -99.999 8.199 -99.999 -99.999 3.029 -99.999 -99.999 -99.999 -99.999 -99.999 -99.999
390 N -99.999 -99.999 7.673 -99.999 -99.999 -99.999 -99.999 -99.999 -99.999 -99.999 -99.999 -99.999 -99.999 -99.999 -99.999 5.029 -99.999 -99.999 -99.999 -99.999
391 S 5.029 -99.999 -99.999 -99.999 -99.999 -99.999 -99.999 -99.999 -99.999 -99.999 -99.999 -99.999 -99.999 -99.999 -99.999 7.029 -99.999 -99.999 -99.999 3.029
392 L -99.999 -99.999 -99.999 -99.999 -99.999 -99.999 -99.999 -99.999 -99.999 -99.999 5.029 -99.999 3.029 4.199 -99.999 -99.999 -99.999 -99.999 5.029 1.029
393 G -99.999 -99.999 -99.999 -99.999 -99.999 -99.999 -99.999 8.199 -99.999 -99.999 -99.999 -99.999 -99.999 -99.999 -99.999 3.029 -99.999 -99.999 -99.999 -99.999
394 R -99.999 6.199 -99.999 -99.999 -99.999 -99.999 3.029 -99.999 -99.999 -99.999 -99.999 5.029 -99.999 -99.999 -99.999 -99.999 3.029 -99.999 -99.999 -99.999
395 K -99.999 6.199 -99.999 -99.999 -99.999 -99.999 -99.999 -99.999 -99.999 -99.999 -99.999 7.029 -99.999 -99.999 -99.999 -99.999 -99.999 -99.999 -99.999 -99.999
396 L -99.999 -99.999 -99.999 -99.999 3.029 -99.999 -99.999 -99.999 -99.999 5.029 6.199 -99.999 -99.999 -99.999 -99.999 -99.999 3.029 -99.999 -99.999 -99.999
397 G -99.999 -99.999 -99.999 -99.999 -99.999 -99.999 -99.999 8.644 -99.999 -99.999 -99.999 -99.999 -99.999 -99.999 -99.999 -99.999 -99.999 -99.999 -99.999 -99.999
398 H 3.029 -99.999 3.029 3.029 -99.999 -99.999 3.029 -99.999 5.029 -99.999 3.029 -99.999 -99.999 -99.999 -99.999 -99.999 -99.999 -99.999 -99.999 -99.999
399 R 3.029 6.199 -99.999 -99.999 -99.999 -99.999 -99.999 -99.999 -99.999 -99.999 -99.999 -99.999 -99.999 -99.999 5.029 3.029 -99.999 -99.999 -99.999 -99.999
400 F -99.999 -99.999 -99.999 -99.999 -99.999 -99.999 -99.999 -99.999 -99.999 -99.999 6.199 -99.999 -99.999 7.029 -99.999 -99.999 -99.999 -99.999 -99.999 -99.999
401 V -99.999 -99.999 -99.999 -99.999 -99.999 -99.999 -99.999 -99.999 -99.999 3.029 3.029 -99.999 -99.999 -99.999 -99.999 -99.999 -99.999 -99.999 -99.999 7.673
402 I 5.029 -99.999 -99.999 -99.999 -99.999 -99.999 -99.999 -99.999 -99.999 6.199 -99.999 -99.999 -99.999 3.029 -99.999 3.029 -99.999 -99.999 -99.999 -99.999
403 S 6.199 -99.999 -99.999 -99.999 -99.999 -99.999 -99.999 -99.999 -99.999 -99.999 -99.999 -99.999 -99.999 -99.999 -99.999 7.029 -99.999 -99.999 -99.999 -99.999
404 A 5.029 -99.999 -99.999 -99.999 -99.999 -99.999 -99.999 -99.999 -99.999 5.029 5.029 -99.999 -99.999 -99.999 -99.999 3.029 -99.999 -99.999 -99.999 -99.999
405 F 3.029 -99.999 -99.999 -99.999 -99.999 -99.999 -99.999 -99.999 -99.999 -99.999 -99.999 -99.999 -99.999 5.029 -99.999 5.029 3.029 -99.999 -99.999 3.029
406 F 3.029 -99.999 -99.999 -99.999 -99.999 -99.999 -99.999 -99.999 -99.999 -99.999 3.029 -99.999 -99.999 6.199 -99.999 -99.999 5.029 -99.999 -99.999 -99.999
407 I 3.029 -99.999 -99.999 -99.999 -99.999 -99.999 -99.999 -99.999 -99.999 5.029 5.029 -99.999 -99.999 -99.999 3.029 -99.999 -99.999 -99.999 -99.999 3.029
408 P -99.999 -99.999 -99.999 -99.999 -99.999 3.029 -99.999 -99.999 -99.999 -99.999 3.029 -99.999 -99.999 -99.999 5.029 3.029 3.029 -99.999 -99.999 3.029
409 V 3.029 -99.999 -99.999 -99.999 -99.999 -99.999 -99.999 -99.999 -99.999 3.029 -99.999 -99.999 5.029 -99.999 -99.999 -99.999 -99.999 -99.999 -99.999 6.199
410 L 3.029 -99.999 -99.999 -99.999 -99.999 -99.999 -99.999 -99.999 -99.999 3.029 6.199 -99.999 3.029 3.029 -99.999 -99.999 -99.999 -99.999 -99.999 -99.999
411 T 3.029 -99.999 3.029 -99.999 -99.999 -99.999 -99.999 -99.999 -99.999 3.029 -99.999 -99.999 -99.999 -99.999 -99.999 -99.999 6.199 -99.999 -99.999 3.029
412 I -99.999 -99.999 -99.999 -99.999 -99.999 -99.999 -99.999 -99.999 -99.999 7.029 -99.999 -99.999 6.199 -99.999 -99.999 -99.999 -99.999 -99.999 -99.999 -99.999
413 I -99.999 -99.999 -99.999 -99.999 -99.999 -99.999 -99.999 -99.999 -99.999 6.199 3.029 -99.999 -99.999 3.029 -99.999 -99.999 3.029 -99.999 -99.999 3.029
414 T -99.999 5.029 -99.999 -99.999 -99.999 -99.999 -99.999 -99.999 -99.999 -99.999 3.029 -99.999 -99.999 -99.999 -99.999 3.029 6.199 -99.999 -99.999 -99.999
415 S -99.999 -99.999 -99.999 -99.999 -99.999 -99.999 -99.999 -99.999 -99.999 -99.999 -99.999 -99.999 -99.999 -99.999 -99.999 8.199 3.029 -99.999 -99.999 -99.999
416 A 6.199 -99.999 -99.999 -99.999 -99.999 -99.999 -99.999 -99.999 -99.999 -99.999 -99.999 -99.999 -99.999 -99.999 -99.999 3.029 6.199 -99.999 -99.999 -99.999
417 D -99.999 -99.999 -99.999 8.644 -99.999 -99.999 -99.999 -99.999 -99.999 -99.999 -99.999 -99.999 -99.999 -99.999 -99.999 -99.999 -99.999 -99.999 -99.999 -99.999
418 L -99.999 -99.999 -99.999 -99.999 -99.999 -99.999 -99.999 -99.999 -99.999 -99.999 7.029 -99.999 -99.999 6.199 -99.999 -99.999 -99.999 -99.999 -99.999 -99.999
419 T -99.999 -99.999 -99.999 -99.999 -99.999 -99.999 -99.999 -99.999 -99.999 5.029 -99.999 -99.999 -99.999 -99.999 3.029 -99.999 7.029 -99.999 -99.999 -99.999
420 T -99.999 -99.999 -99.999 -99.999 -99.999 -99.999 -99.999 -99.999 -99.999 -99.999 -99.999 -99.999 -99.999 -99.999 -99.999 -99.999 8.644 -99.999 -99.999 -99.999
421 V 3.029 -99.999 -99.999 -99.999 -99.999 -99.999 -99.999 -99.999 -99.999 -99.999 3.029 -99.999 5.029 -99.999 -99.999 -99.999 -99.999 -99.999 -99.999 6.199
422 L -99.999 -99.999 -99.999 -99.999 -99.999 -99.999 -99.999 -99.999 -99.999 5.029 7.029 -99.999 -99.999 3.029 -99.999 -99.999 -99.999 -99.999 -99.999 -99.999
423 L -99.999 -99.999 -99.999 -99.999 -99.999 -99.999 -99.999 -99.999 -99.999 -99.999 8.644 -99.999 -99.999 -99.999 -99.999 -99.999 -99.999 -99.999 -99.999 -99.999
424 T -99.999 -99.999 -99.999 -99.999 -99.999 -99.999 -99.999 -99.999 -99.999 -99.999 -99.999 -99.999 -99.999 -99.999 -99.999 -99.999 8.644 -99.999 -99.999 -99.999
425 H -99.999 -99.999 -99.999 -99.999 -99.999 -99.999 -99.999 -99.999 8.644 -99.999 -99.999 -99.999 -99.999 -99.999 -99.999 -99.999 -99.999 -99.999 -99.999 -99.999
426 G -99.999 -99.999 -99.999 -99.999 -99.999 -99.999 -99.999 8.644 -99.999 -99.999 -99.999 -99.999 -99.999 -99.999 -99.999 -99.999 -99.999 -99.999 -99.999 -99.999
427 L -99.999 -99.999 -99.999 -99.999 -99.999 -99.999 -99.999 -99.999 -99.999 -99.999 8.199 -99.999 3.029 -99.999 -99.999 -99.999 -99.999 -99.999 -99.999 -99.999
428 L -99.999 -99.999 -99.999 -99.999 -99.999 -99.999 -99.999 -99.999 -99.999 -99.999 7.029 -99.999 -99.999 -99.999 -99.999 -99.999 -99.999 -99.999 -99.999 6.199
429 I 3.029 -99.999 -99.999 -99.999 -99.999 -99.999 -99.999 -99.999 -99.999 5.029 5.029 -99.999 -99.999 3.029 -99.999 -99.999 -99.999 -99.999 -99.999 3.029
430 L 5.029 -99.999 -99.999 -99.999 -99.999 -99.999 -99.999 -99.999 -99.999 -99.999 6.199 -99.999 -99.999 3.029 -99.999 3.029 -99.999 -99.999 -99.999 -99.999
431 L -99.999 -99.999 -99.999 -99.999 -99.999 -99.999 -99.999 -99.999 -99.999 3.029 6.199 -99.999 3.029 5.029 -99.999 -99.999 -99.999 -99.999 -99.999 -99.999
432 L -99.999 -99.999 -99.999 -99.999 -99.999 -99.999 -99.999 3.029 -99.999 3.029 6.199 -99.999 -99.999 -99.999 -99.999 -99.999 -99.999 -99.999 -99.999 5.029
433 I -99.999 -99.999 -99.999 -99.999 -99.999 -99.999 -99.999 -99.999 -99.999 6.199 5.029 -99.999 -99.999 5.029 -99.999 -99.999 -99.999 -99.999 -99.999 -99.999
434 L -99.999 -99.999 -99.999 -99.999 -99.999 -99.999 -99.999 -99.999 -99.999 -99.999 7.029 -99.999 -99.999 -99.999 -99.999 -99.999 3.029 -99.999 3.029 3.029
435 M 3.029 -99.999 -99.999 -99.999 -99.999 -99.999 -99.999 -99.999 -99.999 -99.999 -99.999 -99.999 6.199 -99.999 -99.999 3.029 5.029 -99.999 -99.999 -99.999
436 I -99.999 -99.999 -99.999 -99.999 -99.999 -99.999 -99.999 -99.999 -99.999 6.199 5.029 -99.999 3.029 3.029 -99.999 -99.999 -99.999 -99.999 -99.999 -99.999
437 I 3.029 -99.999 -99.999 -99.999 -99.999 -99.999 -99.999 -99.999 -99.999 6.199 6.199 -99.999 -99.999 -99.999 -99.999 -99.999 -99.999 -99.999 -99.999 -99.999
438 P -99.999 3.029 -99.999 -99.999 -99.999 -99.999 -99.999 -99.999 -99.999 -99.999 -99.999 5.029 -99.999 -99.999 6.199 3.029 -99.999 -99.999 -99.999 -99.999
439 A 5.029 5.029 -99.999 -99.999 -99.999 3.029 -99.999 -99.999 -99.999 -99.999 -99.999 3.029 -99.999 -99.999 3.029 -99.999 -99.999 -99.999 -99.999 -99.999
440 K -99.999 -99.999 3.029 3.029 -99.999 -99.999 3.029 -99.999 3.029 -99.999 -99.999 5.029 -99.999 -99.999 3.029 -99.999 -99.999 -99.999 -99.999 -99.999
441 E -99.999 -99.999 3.474 -99.999 -99.999 -99.999 5.474 5.474 -99.999 -99.999 -99.999 3.474 -99.999 -99.999 -99.999 -99.999 -99.999 -99.999 -99.999 -99.999
442 V -99.999 -99.999 -99.999 4.0 -99.999 -99.999 -99.999 -99.999 -99.999 -99.999 -99.999 -99.999 -99.999 -99.999 4.0 -99.999 -99.999 -99.999 4.0 6.0
443 R -99.999 5.474 -99.999 -99.999 -99.999 -99.999 5.474 -99.999 -99.999 5.474 -99.999 -99.999 -99.999 -99.999 -99.999 -99.999 -99.999 -99.999 -99.999 -99.999
444 N -99.999 -99.999 5.474 -99.999 -99.999 -99.999 -99.999 -99.999 -99.999 -99.999 5.474 5.474 -99.999 -99.999 -99.999 -99.999 -99.999 -99.999 -99.999 -99.999
445 A 5.474 -99.999 -99.999 -99.999 -99.999 -99.999 -99.999 5.474 -99.999 -99.999 -99.999 -99.999 -99.999 -99.999 -99.999 -99.999 5.474 -99.999 -99.999 -99.999
446 L -99.999 -99.999 -99.999 -99.999 -99.999 -99.999 -99.999 -99.999 -99.999 -99.999 7.474 -99.999 -99.999 -99.999 -99.999 5.474 -99.999 -99.999 -99.999 -99.999
447 N -99.999 -99.999 5.474 -99.999 -99.999 -99.999 5.474 5.474 -99.999 -99.999 -99.999 -99.999 -99.999 -99.999 -99.999 -99.999 -99.999 -99.999 -99.999 -99.999
448 T -99.999 -99.999 -99.999 -99.999 -99.999 -99.999 -99.999 -99.999 -99.999 -99.999 -99.999 -99.999 -99.999 -99.999 -99.999 -99.999 8.644 -99.999 -99.999 -99.999
449 V 4.0 -99.999 -99.999 4.0 -99.999 -99.999 -99.999 -99.999 -99.999 -99.999 -99.999 -99.999 -99.999 -99.999 -99.999 4.0 -99.999 -99.999 -99.999 6.0
450 P -99.999 -99.999 -99.999 -99.999 -99.999 -99.999 -99.999 -99.999 -99.999 -99.999 -99.999 -99.999 -99.999 -99.999 8.644 -99.999 -99.999 -99.999 -99.999 -99.999
451 W -99.999 -99.999 -99.999 -99.999 -99.999 -99.999 -99.999 -99.999 -99.999 -99.999 -99.999 -99.999 -99.999 -99.999 -99.999 -99.999 -99.999 8.644 -99.999 -99.999
452 R -99.999 8.644 -99.999 -99.999 -99.999 -99.999 -99.999 -99.999 -99.999 -99.999 -99.999 -99.999 -99.999 -99.999 -99.999 -99.999 -99.999 -99.999 -99.999 -99.999
453 R -99.999 8.644 -99.999 -99.999 -99.999 -99.999 -99.999 -99.999 -99.999 -99.999 -99.999 -99.999 -99.999 -99.999 -99.999 -99.999 -99.999 -99.999 -99.999 -99.999
454 A 8.644 -99.999 -99.999 -99.999 -99.999 -99.999 -99.999 -99.999 -99.999 -99.999 -99.999 -99.999 -99.999 -99.999 -99.999 -99.999 -99.999 -99.999 -99.999 -99.999
455 A 8.644 -99.999 -99.999 -99.999 -99.999 -99.999 -99.999 -99.999 -99.999 -99.999 -99.999 -99.999 -99.999 -99.999 -99.999 -99.999 -99.999 -99.999 -99.999 -99.999
456 T -99.999 -99.999 -99.999 -99.999 -99.999 -99.999 -99.999 -99.999 -99.999 -99.999 -99.999 -99.999 -99.999 -99.999 -99.999 -99.999 8.644 -99.999 -99.999 -99.999
457 P -99.999 -99.999 -99.999 -99.999 -99.999 -99.999 -99.999 -99.999 -99.999 -99.999 -99.999 -99.999 -99.999 -99.999 8.644 -99.999 -99.999 -99.999 -99.999 -99.999
458 H -99.999 -99.999 -99.999 -99.999 -99.999 -99.999 -99.999 -99.999 8.644 -99.999 -99.999 -99.999 -99.999 -99.999 -99.999 -99.999 -99.999 -99.999 -99.999 -99.999
459 S -99.999 -99.999 -99.999 -99.999 -99.999 -99.999 -99.999 -99.999 -99.999 -99.999 -99.999 -99.999 -99.999 -99.999 -99.999 8.644 -99.999 -99.999 -99.999 -99.999
460 A 8.644 -99.999 -99.999 -99.999 -99.999 -99.999 -99.999 -99.999 -99.999 -99.999 -99.999 -99.999 -99.999 -99.999 -99.999 -99.999 -99.999 -99.999 -99.999 -99.999
461 S -99.999 -99.999 -99.999 -99.999 -99.999 -99.999 -99.999 -99.999 -99.999 -99.999 -99.999 -99.999 -99.999 -99.999 -99.999 8.644 -99.999 -99.999 -99.999 -99.999
462 L -99.999 -99.999 -99.999 -99.999 -99.999 -99.999 -99.999 -99.999 -99.999 -99.999 8.644 -99.999 -99.999 -99.999 -99.999 -99.999 -99.999 -99.999 -99.999 -99.999
463 K -99.999 -99.999 -99.999 -99.999 -99.999 -99.999 -99.999 -99.999 -99.999 -99.999 -99.999 8.644 -99.999 -99.999 -99.999 -99.999 -99.999 -99.999 -99.999 -99.999
464 P -99.999 -99.999 -99.999 -99.999 -99.999 -99.999 -99.999 -99.999 -99.999 -99.999 -99.999 -99.999 -99.999 -99.999 8.644 -99.999 -99.999 -99.999 -99.999 -99.999
465 A 8.644 -99.999 -99.999 -99.999 -99.999 -99.999 -99.999 -99.999 -99.999 -99.999 -99.999 -99.999 -99.999 -99.999 -99.999 -99.999 -99.999 -99.999 -99.999 -99.999
466 P -99.999 -99.999 -99.999 -99.999 -99.999 -99.999 -99.999 -99.999 -99.999 -99.999 -99.999 -99.999 -99.999 -99.999 8.644 -99.999 -99.999 -99.999 -99.999 -99.999
467 R -99.999 5.474 -99.999 -99.999 -99.999 -99.999 3.474 -99.999 3.474 -99.999 -99.999 -99.999 -99.999 -99.999 3.474 -99.999 -99.999 -99.999 -99.999 3.474
468 E -99.999 3.474 -99.999 -99.999 -99.999 -99.999 5.474 -99.999 -99.999 -99.999 3.474 3.474 -99.999 -99.999 -99.999 3.474 -99.999 -99.999 -99.999 -99.999
469 K -99.999 -99.999 -99.999 -99.999 -99.999 -99.999 3.474 3.474 -99.999 -99.999 -99.999 5.474 -99.999 -99.999 -99.999 5.474 -99.999 -99.999 -99.999 -99.999
470 A 5.029 3.029 5.029 -99.999 -99.999 3.029 -99.999 -99.999 -99.999 -99.999 -99.999 -99.999 -99.999 -99.999 -99.999 -99.999 -99.999 -99.999 -99.999 3.029
471 K 3.029 -99.999 -99.999 3.029 3.029 -99.999 -99.999 -99.999 -99.999 -99.999 -99.999 5.029 -99.999 3.029 -99.999 -99.999 -99.999 3.029 -99.999 -99.999
472 A 3.029 -99.999 -99.999 -99.999 -99.999 3.029 -99.999 -99.999 3.029 -99.999 3.029 -99.999 -99.999 -99.999 -99.999 3.029 3.029 -99.999 3.029 -99.999