#Seq2Logo.py -f /work3/idamei/ssn-clusterings/clustering/2205110921/clusters/0003_800/sequences.afa -o /work3/idamei/ssn-clusterings/clustering/2205110921/clusters/0003_800/sequences.logo
Last position-specific scoring matrix computed, values are in halfbits
A R N D C Q E G H I L K M F P S T W Y V
0 L -1.066 -1.369 -2.345 -2.799 -0.154 -1.037 -2.339 -2.569 -0.954 1.618 2.149 -1.438 5.537 0.482 -3.228 -2.002 -1.031 -1.292 -0.818 1.004
1 Y -1.798 -1.763 -2.111 -3.008 -1.737 -1.769 -2.349 -2.918 2.119 -0.789 -0.896 -1.859 -0.668 3.363 -3.319 -2.423 -2.075 2.323 6.624 -0.965
2 L -1.471 -2.446 -3.314 -3.452 -0.136 -2.803 -3.413 -3.4 -2.426 3.09 3.426 -2.529 1.887 0.656 -3.556 -3.116 -1.388 -1.803 -1.116 1.83
3 L -1.526 -2.172 -3.348 -3.606 -0.136 -2.626 -3.291 -3.368 -2.299 2.019 4.014 -2.464 2.147 0.847 -3.59 -3.144 -1.566 -1.636 -1.042 1.12
4 K -0.812 2.108 -0.254 -0.708 -1.963 0.821 0.328 -1.328 -0.229 -2.109 -2.226 4.453 -1.209 -2.791 -1.673 -0.867 -1.068 -2.535 -1.774 -1.984
5 D -1.763 -1.574 1.213 5.811 -2.358 -0.858 1.065 -1.109 -0.522 -2.711 -3.477 -0.815 -2.683 -2.905 -2.275 -0.938 -1.398 -3.517 -3.029 -2.85
6 N -1.645 -0.4 5.612 1.296 -1.832 -0.512 -0.711 -0.14 0.983 -2.698 -3.137 -0.281 -2.147 -2.36 -2.573 -0.104 -0.437 -2.952 -2.054 -2.546
7 N -1.645 -0.4 5.612 1.296 -1.832 -0.512 -0.711 -0.14 0.983 -2.698 -3.137 -0.281 -2.147 -2.36 -2.573 -0.104 -0.437 -2.952 -2.054 -2.546
8 L -1.526 -2.172 -3.348 -3.606 -0.136 -2.626 -3.291 -3.368 -2.299 2.019 4.014 -2.464 2.147 0.847 -3.59 -3.144 -1.566 -1.636 -1.042 1.12
9 L -1.526 -2.172 -3.348 -3.606 -0.136 -2.626 -3.291 -3.368 -2.299 2.019 4.014 -2.464 2.147 0.847 -3.59 -3.144 -1.566 -1.636 -1.042 1.12
10 L -1.526 -2.172 -3.348 -3.606 -0.136 -2.626 -3.291 -3.368 -2.299 2.019 4.014 -2.464 2.147 0.847 -3.59 -3.144 -1.566 -1.636 -1.042 1.12
11 F -2.32 -2.882 -2.846 -3.3 -1.36 -3.85 -3.468 -2.86 -0.814 0.291 0.579 -3.29 0.216 6.492 -4.434 -3.016 -2.356 0.866 2.945 -0.493
12 F -2.32 -2.882 -2.846 -3.3 -1.36 -3.85 -3.468 -2.86 -0.814 0.291 0.579 -3.29 0.216 6.492 -4.434 -3.016 -2.356 0.866 2.945 -0.493
13 F -2.32 -2.882 -2.846 -3.3 -1.36 -3.85 -3.468 -2.86 -0.814 0.291 0.579 -3.29 0.216 6.492 -4.434 -3.016 -2.356 0.866 2.945 -0.493
14 L -1.526 -2.172 -3.348 -3.606 -0.136 -2.626 -3.291 -3.368 -2.299 2.019 4.014 -2.464 2.147 0.847 -3.59 -3.144 -1.566 -1.636 -1.042 1.12
15 H -1.693 -0.343 0.474 -0.947 -2.32 -0.151 -0.486 -1.683 7.972 -2.647 -2.581 -0.751 -1.247 -0.838 -2.735 -1.565 -2.212 -1.44 1.681 -3.021
16 I -1.362 -3.086 -3.248 -3.166 -0.136 -3.195 -3.672 -3.465 -2.697 4.483 1.691 -2.664 1.286 0.232 -3.49 -3.062 -1.06 -2.17 -1.271 2.875
17 A 3.883 -1.469 -1.648 -1.673 0.694 -1.306 -1.284 0.388 -1.197 -0.816 -1.307 -0.834 -0.859 -1.834 -1.461 0.469 -0.408 -2.426 -1.741 0.153
18 L -1.526 -2.172 -3.348 -3.606 -0.136 -2.626 -3.291 -3.368 -2.299 2.019 4.014 -2.464 2.147 0.847 -3.59 -3.144 -1.566 -1.636 -1.042 1.12
19 V -0.219 -2.472 -2.915 -3.15 0.354 -2.573 -2.879 -2.941 -2.9 3.044 0.96 -2.374 0.846 -0.384 -3.157 -2.27 -0.437 -2.373 -1.271 4.086
20 F -2.32 -2.882 -2.846 -3.3 -1.36 -3.85 -3.468 -2.86 -0.814 0.291 0.579 -3.29 0.216 6.492 -4.434 -3.016 -2.356 0.866 2.945 -0.493
21 L -1.066 -1.369 -2.345 -2.799 -0.154 -1.037 -2.339 -2.569 -0.954 1.618 2.149 -1.438 5.537 0.482 -3.228 -2.002 -1.031 -1.292 -0.818 1.004
22 T -0.098 -1.078 -0.124 -1.0 0.136 -1.089 -1.363 -1.314 -1.399 -0.21 -1.043 -0.776 -0.517 -1.566 -1.673 0.719 4.201 -2.17 -1.692 0.244
23 F -2.32 -2.882 -2.846 -3.3 -1.36 -3.85 -3.468 -2.86 -0.814 0.291 0.579 -3.29 0.216 6.492 -4.434 -3.016 -2.356 0.866 2.945 -0.493
24 F -2.32 -2.882 -2.846 -3.3 -1.36 -3.85 -3.468 -2.86 -0.814 0.291 0.579 -3.29 0.216 6.492 -4.434 -3.016 -2.356 0.866 2.945 -0.493
25 I -1.362 -3.086 -3.248 -3.166 -0.136 -3.195 -3.672 -3.465 -2.697 4.483 1.691 -2.664 1.286 0.232 -3.49 -3.062 -1.06 -2.17 -1.271 2.875
26 S 1.082 -0.727 0.511 -0.234 0.087 -0.555 -0.541 -0.092 -0.446 -1.897 -2.314 -0.271 -1.172 -1.929 -1.461 3.212 1.025 -2.535 -1.741 -1.278
27 Y -1.798 -1.763 -2.111 -3.008 -1.737 -1.769 -2.349 -2.918 2.119 -0.789 -0.896 -1.859 -0.668 3.363 -3.319 -2.423 -2.075 2.323 6.624 -0.965
28 R -1.52 5.483 -0.448 -1.549 -2.245 0.532 -0.546 -2.114 0.113 -2.597 -2.013 2.033 -1.209 -2.458 -2.69 -1.392 -1.439 -2.22 -1.758 -2.147
29 G 0.104 -2.343 -0.426 -1.308 -1.306 -2.181 -2.608 5.796 -1.462 -3.201 -3.446 -1.636 -2.652 -2.664 -2.765 -0.988 -1.905 -2.426 -3.134 -2.85
30 S 1.082 -0.727 0.511 -0.234 0.087 -0.555 -0.541 -0.092 -0.446 -1.897 -2.314 -0.271 -1.172 -1.929 -1.461 3.212 1.025 -2.535 -1.741 -1.278
31 K -0.812 2.108 -0.254 -0.708 -1.963 0.821 0.328 -1.328 -0.229 -2.109 -2.226 4.453 -1.209 -2.791 -1.673 -0.867 -1.068 -2.535 -1.774 -1.984
32 G 0.104 -2.343 -0.426 -1.308 -1.306 -2.181 -2.608 5.796 -1.462 -3.201 -3.446 -1.636 -2.652 -2.664 -2.765 -0.988 -1.905 -2.426 -3.134 -2.85
33 T -0.461 -1.606 -0.843 -1.559 0.048 -1.636 -1.949 -1.87 -1.77 2.27 0.178 -1.28 0.216 -0.835 -2.161 -0.086 3.255 -2.17 -1.545 1.406
34 D -1.763 -1.574 1.213 5.811 -2.358 -0.858 1.065 -1.109 -0.522 -2.711 -3.477 -0.815 -2.683 -2.905 -2.275 -0.938 -1.398 -3.517 -3.029 -2.85
35 R -1.52 5.483 -0.448 -1.549 -2.245 0.532 -0.546 -2.114 0.113 -2.597 -2.013 2.033 -1.209 -2.458 -2.69 -1.392 -1.439 -2.22 -1.758 -2.147
36 V -0.219 -2.472 -2.915 -3.15 0.354 -2.573 -2.879 -2.941 -2.9 3.044 0.96 -2.374 0.846 -0.384 -3.157 -2.27 -0.437 -2.373 -1.271 4.086
37 G 0.104 -2.343 -0.426 -1.308 -1.306 -2.181 -2.608 5.796 -1.462 -3.201 -3.446 -1.636 -2.652 -2.664 -2.765 -0.988 -1.905 -2.426 -3.134 -2.85
38 V -0.219 -2.472 -2.915 -3.15 0.354 -2.573 -2.879 -2.941 -2.9 3.044 0.96 -2.374 0.846 -0.384 -3.157 -2.27 -0.437 -2.373 -1.271 4.086
39 L -1.526 -2.172 -3.348 -3.606 -0.136 -2.626 -3.291 -3.368 -2.299 2.019 4.014 -2.464 2.147 0.847 -3.59 -3.144 -1.566 -1.636 -1.042 1.12
40 I -1.362 -3.086 -3.248 -3.166 -0.136 -3.195 -3.672 -3.465 -2.697 4.483 1.691 -2.664 1.286 0.232 -3.49 -3.062 -1.06 -2.17 -1.271 2.875
41 I -1.362 -3.086 -3.248 -3.166 -0.136 -3.195 -3.672 -3.465 -2.697 4.483 1.691 -2.664 1.286 0.232 -3.49 -3.062 -1.06 -2.17 -1.271 2.875
42 A 3.883 -1.469 -1.648 -1.673 0.694 -1.306 -1.284 0.388 -1.197 -0.816 -1.307 -0.834 -0.859 -1.834 -1.461 0.469 -0.408 -2.426 -1.741 0.153
43 L -1.526 -2.172 -3.348 -3.606 -0.136 -2.626 -3.291 -3.368 -2.299 2.019 4.014 -2.464 2.147 0.847 -3.59 -3.144 -1.566 -1.636 -1.042 1.12
44 T -0.098 -1.078 -0.124 -1.0 0.136 -1.089 -1.363 -1.314 -1.399 -0.21 -1.043 -0.776 -0.517 -1.566 -1.673 0.719 4.201 -2.17 -1.692 0.244
45 Y -1.798 -1.763 -2.111 -3.008 -1.737 -1.769 -2.349 -2.918 2.119 -0.789 -0.896 -1.859 -0.668 3.363 -3.319 -2.423 -2.075 2.323 6.624 -0.965
46 L -1.526 -2.172 -3.348 -3.606 -0.136 -2.626 -3.291 -3.368 -2.299 2.019 4.014 -2.464 2.147 0.847 -3.59 -3.144 -1.566 -1.636 -1.042 1.12
47 L -1.526 -2.172 -3.348 -3.606 -0.136 -2.626 -3.291 -3.368 -2.299 2.019 4.014 -2.464 2.147 0.847 -3.59 -3.144 -1.566 -1.636 -1.042 1.12
48 I -1.362 -3.086 -3.248 -3.166 -0.136 -3.195 -3.672 -3.465 -2.697 4.483 1.691 -2.664 1.286 0.232 -3.49 -3.062 -1.06 -2.17 -1.271 2.875
49 V -0.219 -2.472 -2.915 -3.15 0.354 -2.573 -2.879 -2.941 -2.9 3.044 0.96 -2.374 0.846 -0.384 -3.157 -2.27 -0.437 -2.373 -1.271 4.086
50 F -2.32 -2.882 -2.846 -3.3 -1.36 -3.85 -3.468 -2.86 -0.814 0.291 0.579 -3.29 0.216 6.492 -4.434 -3.016 -2.356 0.866 2.945 -0.493
51 T -0.098 -1.078 -0.124 -1.0 0.136 -1.089 -1.363 -1.314 -1.399 -0.21 -1.043 -0.776 -0.517 -1.566 -1.673 0.719 4.201 -2.17 -1.692 0.244
52 R -1.52 5.483 -0.448 -1.549 -2.245 0.532 -0.546 -2.114 0.113 -2.597 -2.013 2.033 -1.209 -2.458 -2.69 -1.392 -1.439 -2.22 -1.758 -2.147
53 Q -0.868 1.022 -0.078 -0.342 -1.897 4.831 1.406 -1.465 0.784 -2.226 -1.976 1.236 -0.389 -2.944 -2.137 -0.74 -0.961 -2.17 -1.271 -1.773
54 G 0.104 -2.343 -0.426 -1.308 -1.306 -2.181 -2.608 5.796 -1.462 -3.201 -3.446 -1.636 -2.652 -2.664 -2.765 -0.988 -1.905 -2.426 -3.134 -2.85
55 L -1.526 -2.172 -3.348 -3.606 -0.136 -2.626 -3.291 -3.368 -2.299 2.019 4.014 -2.464 2.147 0.847 -3.59 -3.144 -1.566 -1.636 -1.042 1.12
56 G 0.104 -2.343 -0.426 -1.308 -1.306 -2.181 -2.608 5.796 -1.462 -3.201 -3.446 -1.636 -2.652 -2.664 -2.765 -0.988 -1.905 -2.426 -3.134 -2.85
57 V -0.219 -2.472 -2.915 -3.15 0.354 -2.573 -2.879 -2.941 -2.9 3.044 0.96 -2.374 0.846 -0.384 -3.157 -2.27 -0.437 -2.373 -1.271 4.086
58 D -1.763 -1.574 1.213 5.811 -2.358 -0.858 1.065 -1.109 -0.522 -2.711 -3.477 -0.815 -2.683 -2.905 -2.275 -0.938 -1.398 -3.517 -3.029 -2.85
59 E -0.905 -0.107 -0.324 1.532 -2.397 1.361 4.46 -1.935 0.407 -2.75 -2.688 0.691 -1.739 -2.593 -1.867 -0.777 -1.286 -2.373 -1.893 -2.12
60 S 1.082 -0.727 0.511 -0.234 0.087 -0.555 -0.541 -0.092 -0.446 -1.897 -2.314 -0.271 -1.172 -1.929 -1.461 3.212 1.025 -2.535 -1.741 -1.278
61 T -0.098 -1.078 -0.124 -1.0 0.136 -1.089 -1.363 -1.314 -1.399 -0.21 -1.043 -0.776 -0.517 -1.566 -1.673 0.719 4.201 -2.17 -1.692 0.244
62 Y -1.798 -1.763 -2.111 -3.008 -1.737 -1.769 -2.349 -2.918 2.119 -0.789 -0.896 -1.859 -0.668 3.363 -3.319 -2.423 -2.075 2.323 6.624 -0.965
63 R -1.52 5.483 -0.448 -1.549 -2.245 0.532 -0.546 -2.114 0.113 -2.597 -2.013 2.033 -1.209 -2.458 -2.69 -1.392 -1.439 -2.22 -1.758 -2.147
64 E -0.905 -0.107 -0.324 1.532 -2.397 1.361 4.46 -1.935 0.407 -2.75 -2.688 0.691 -1.739 -2.593 -1.867 -0.777 -1.286 -2.373 -1.893 -2.12
65 A 3.883 -1.469 -1.648 -1.673 0.694 -1.306 -1.284 0.388 -1.197 -0.816 -1.307 -0.834 -0.859 -1.834 -1.461 0.469 -0.408 -2.426 -1.741 0.153
66 Y -1.798 -1.763 -2.111 -3.008 -1.737 -1.769 -2.349 -2.918 2.119 -0.789 -0.896 -1.859 -0.668 3.363 -3.319 -2.423 -2.075 2.323 6.624 -0.965
67 R -1.52 5.483 -0.448 -1.549 -2.245 0.532 -0.546 -2.114 0.113 -2.597 -2.013 2.033 -1.209 -2.458 -2.69 -1.392 -1.439 -2.22 -1.758 -2.147
68 L -1.526 -2.172 -3.348 -3.606 -0.136 -2.626 -3.291 -3.368 -2.299 2.019 4.014 -2.464 2.147 0.847 -3.59 -3.144 -1.566 -1.636 -1.042 1.12
69 Y -1.798 -1.763 -2.111 -3.008 -1.737 -1.769 -2.349 -2.918 2.119 -0.789 -0.896 -1.859 -0.668 3.363 -3.319 -2.423 -2.075 2.323 6.624 -0.965
70 L -1.526 -2.172 -3.348 -3.606 -0.136 -2.626 -3.291 -3.368 -2.299 2.019 4.014 -2.464 2.147 0.847 -3.59 -3.144 -1.566 -1.636 -1.042 1.12
71 I -1.362 -3.086 -3.248 -3.166 -0.136 -3.195 -3.672 -3.465 -2.697 4.483 1.691 -2.664 1.286 0.232 -3.49 -3.062 -1.06 -2.17 -1.271 2.875
72 D -1.763 -1.574 1.213 5.811 -2.358 -0.858 1.065 -1.109 -0.522 -2.711 -3.477 -0.815 -2.683 -2.905 -2.275 -0.938 -1.398 -3.517 -3.029 -2.85
73 T -0.098 -1.078 -0.124 -1.0 0.136 -1.089 -1.363 -1.314 -1.399 -0.21 -1.043 -0.776 -0.517 -1.566 -1.673 0.719 4.201 -2.17 -1.692 0.244
74 S 1.082 -0.727 0.511 -0.234 0.087 -0.555 -0.541 -0.092 -0.446 -1.897 -2.314 -0.271 -1.172 -1.929 -1.461 3.212 1.025 -2.535 -1.741 -1.278
75 S 1.082 -0.727 0.511 -0.234 0.087 -0.555 -0.541 -0.092 -0.446 -1.897 -2.314 -0.271 -1.172 -1.929 -1.461 3.212 1.025 -2.535 -1.741 -1.278
76 L -0.706 -1.269 -1.403 -2.068 -0.054 -1.054 -1.976 -2.087 -1.095 1.127 1.421 -1.2 4.539 -0.053 -2.611 -0.789 1.846 -1.556 -1.081 0.772
77 E -0.905 -0.107 -0.324 1.532 -2.397 1.361 4.46 -1.935 0.407 -2.75 -2.688 0.691 -1.739 -2.593 -1.867 -0.777 -1.286 -2.373 -1.893 -2.12
78 F -2.32 -2.882 -2.846 -3.3 -1.36 -3.85 -3.468 -2.86 -0.814 0.291 0.579 -3.29 0.216 6.492 -4.434 -3.016 -2.356 0.866 2.945 -0.493
79 E -0.905 -0.107 -0.324 1.532 -2.397 1.361 4.46 -1.935 0.407 -2.75 -2.688 0.691 -1.739 -2.593 -1.867 -0.777 -1.286 -2.373 -1.893 -2.12
80 Y -1.798 -1.763 -2.111 -3.008 -1.737 -1.769 -2.349 -2.918 2.119 -0.789 -0.896 -1.859 -0.668 3.363 -3.319 -2.423 -2.075 2.323 6.624 -0.965
81 S 1.082 -0.727 0.511 -0.234 0.087 -0.555 -0.541 -0.092 -0.446 -1.897 -2.314 -0.271 -1.172 -1.929 -1.461 3.212 1.025 -2.535 -1.741 -1.278
82 F -2.32 -2.882 -2.846 -3.3 -1.36 -3.85 -3.468 -2.86 -0.814 0.291 0.579 -3.29 0.216 6.492 -4.434 -3.016 -2.356 0.866 2.945 -0.493
83 N -1.645 -0.4 5.612 1.296 -1.832 -0.512 -0.711 -0.14 0.983 -2.698 -3.137 -0.281 -2.147 -2.36 -2.573 -0.104 -0.437 -2.952 -2.054 -2.546
84 F -2.32 -2.882 -2.846 -3.3 -1.36 -3.85 -3.468 -2.86 -0.814 0.291 0.579 -3.29 0.216 6.492 -4.434 -3.016 -2.356 0.866 2.945 -0.493
85 L -1.526 -2.172 -3.348 -3.606 -0.136 -2.626 -3.291 -3.368 -2.299 2.019 4.014 -2.464 2.147 0.847 -3.59 -3.144 -1.566 -1.636 -1.042 1.12
86 F -2.32 -2.882 -2.846 -3.3 -1.36 -3.85 -3.468 -2.86 -0.814 0.291 0.579 -3.29 0.216 6.492 -4.434 -3.016 -2.356 0.866 2.945 -0.493
87 Y -1.798 -1.763 -2.111 -3.008 -1.737 -1.769 -2.349 -2.918 2.119 -0.789 -0.896 -1.859 -0.668 3.363 -3.319 -2.423 -2.075 2.323 6.624 -0.965
88 C -0.433 -3.324 -2.95 -3.404 9.664 -3.444 -3.91 -2.149 -2.936 -0.717 -1.047 -3.099 -1.064 -2.013 -3.192 -1.656 -1.302 -3.22 -2.782 -0.395
89 L -1.526 -2.172 -3.348 -3.606 -0.136 -2.626 -3.291 -3.368 -2.299 2.019 4.014 -2.464 2.147 0.847 -3.59 -3.144 -1.566 -1.636 -1.042 1.12
90 K -0.812 2.108 -0.254 -0.708 -1.963 0.821 0.328 -1.328 -0.229 -2.109 -2.226 4.453 -1.209 -2.791 -1.673 -0.867 -1.068 -2.535 -1.774 -1.984
91 I -1.362 -3.086 -3.248 -3.166 -0.136 -3.195 -3.672 -3.465 -2.697 4.483 1.691 -2.664 1.286 0.232 -3.49 -3.062 -1.06 -2.17 -1.271 2.875
92 L -1.526 -2.172 -3.348 -3.606 -0.136 -2.626 -3.291 -3.368 -2.299 2.019 4.014 -2.464 2.147 0.847 -3.59 -3.144 -1.566 -1.636 -1.042 1.12
93 S 1.082 -0.727 0.511 -0.234 0.087 -0.555 -0.541 -0.092 -0.446 -1.897 -2.314 -0.271 -1.172 -1.929 -1.461 3.212 1.025 -2.535 -1.741 -1.278
94 V -0.552 -2.663 -3.022 -3.156 0.2 -2.766 -3.12 -3.105 -2.831 3.607 1.225 -2.467 1.0 -0.164 -3.264 -2.51 -0.63 -2.304 -1.271 3.736
95 S 1.082 -0.727 0.511 -0.234 0.087 -0.555 -0.541 -0.092 -0.446 -1.897 -2.314 -0.271 -1.172 -1.929 -1.461 3.212 1.025 -2.535 -1.741 -1.278
96 P -0.822 -1.999 -1.919 -1.549 -1.443 -1.919 -1.608 -1.838 -1.593 -2.303 -2.736 -1.05 -2.389 -3.321 6.648 -1.437 -1.334 -4.535 -2.621 -2.147
97 E -1.163 -0.518 0.284 3.721 -2.384 0.792 3.704 -1.633 0.129 -2.737 -2.928 0.271 -2.021 -2.694 -1.997 -0.829 -1.323 -2.706 -2.225 -2.343
98 N -1.645 -0.4 5.612 1.296 -1.832 -0.512 -0.711 -0.14 0.983 -2.698 -3.137 -0.281 -2.147 -2.36 -2.573 -0.104 -0.437 -2.952 -2.054 -2.546
99 F -2.32 -2.882 -2.846 -3.3 -1.36 -3.85 -3.468 -2.86 -0.814 0.291 0.579 -3.29 0.216 6.492 -4.434 -3.016 -2.356 0.866 2.945 -0.493
100 N -1.645 -0.4 5.612 1.296 -1.832 -0.512 -0.711 -0.14 0.983 -2.698 -3.137 -0.281 -2.147 -2.36 -2.573 -0.104 -0.437 -2.952 -2.054 -2.546
101 N -1.645 -0.4 5.612 1.296 -1.832 -0.512 -0.711 -0.14 0.983 -2.698 -3.137 -0.281 -2.147 -2.36 -2.573 -0.104 -0.437 -2.952 -2.054 -2.546
102 F -2.32 -2.882 -2.846 -3.3 -1.36 -3.85 -3.468 -2.86 -0.814 0.291 0.579 -3.29 0.216 6.492 -4.434 -3.016 -2.356 0.866 2.945 -0.493
103 I -1.362 -3.086 -3.248 -3.166 -0.136 -3.195 -3.672 -3.465 -2.697 4.483 1.691 -2.664 1.286 0.232 -3.49 -3.062 -1.06 -2.17 -1.271 2.875
104 C -0.433 -3.324 -2.95 -3.404 9.664 -3.444 -3.91 -2.149 -2.936 -0.717 -1.047 -3.099 -1.064 -2.013 -3.192 -1.656 -1.302 -3.22 -2.782 -0.395
105 S 0.74 -0.839 0.315 -0.468 0.103 -0.722 -0.79 -0.445 -0.73 -1.219 -1.825 -0.43 -0.937 -1.803 -1.53 2.594 2.503 -2.408 -1.725 -0.677
106 L -1.416 -2.748 -3.281 -3.306 -0.136 -2.993 -3.54 -3.432 -2.558 3.87 2.687 -2.596 1.602 0.452 -3.523 -3.089 -1.219 -1.981 -1.192 2.399
107 Y -1.798 -1.763 -2.111 -3.008 -1.737 -1.769 -2.349 -2.918 2.119 -0.789 -0.896 -1.859 -0.668 3.363 -3.319 -2.423 -2.075 2.323 6.624 -0.965
108 V -0.219 -2.472 -2.915 -3.15 0.354 -2.573 -2.879 -2.941 -2.9 3.044 0.96 -2.374 0.846 -0.384 -3.157 -2.27 -0.437 -2.373 -1.271 4.086
109 L -1.526 -2.172 -3.348 -3.606 -0.136 -2.626 -3.291 -3.368 -2.299 2.019 4.014 -2.464 2.147 0.847 -3.59 -3.144 -1.566 -1.636 -1.042 1.12
110 F -2.32 -2.882 -2.846 -3.3 -1.36 -3.85 -3.468 -2.86 -0.814 0.291 0.579 -3.29 0.216 6.492 -4.434 -3.016 -2.356 0.866 2.945 -0.493
111 V -0.219 -2.472 -2.915 -3.15 0.354 -2.573 -2.879 -2.941 -2.9 3.044 0.96 -2.374 0.846 -0.384 -3.157 -2.27 -0.437 -2.373 -1.271 4.086
112 T 0.351 -0.956 0.103 -0.722 0.12 -0.9 -1.062 -0.847 -1.045 -0.67 -1.407 -0.598 -0.72 -1.682 -1.6 1.806 3.475 -2.287 -1.708 -0.18
113 L -1.526 -2.172 -3.348 -3.606 -0.136 -2.626 -3.291 -3.368 -2.299 2.019 4.014 -2.464 2.147 0.847 -3.59 -3.144 -1.566 -1.636 -1.042 1.12
114 L -1.526 -2.172 -3.348 -3.606 -0.136 -2.626 -3.291 -3.368 -2.299 2.019 4.014 -2.464 2.147 0.847 -3.59 -3.144 -1.566 -1.636 -1.042 1.12
115 V -0.219 -2.472 -2.915 -3.15 0.354 -2.573 -2.879 -2.941 -2.9 3.044 0.96 -2.374 0.846 -0.384 -3.157 -2.27 -0.437 -2.373 -1.271 4.086
116 L -1.526 -2.172 -3.348 -3.606 -0.136 -2.626 -3.291 -3.368 -2.299 2.019 4.014 -2.464 2.147 0.847 -3.59 -3.144 -1.566 -1.636 -1.042 1.12
117 K -0.812 2.108 -0.254 -0.708 -1.963 0.821 0.328 -1.328 -0.229 -2.109 -2.226 4.453 -1.209 -2.791 -1.673 -0.867 -1.068 -2.535 -1.774 -1.984
118 V -0.219 -2.472 -2.915 -3.15 0.354 -2.573 -2.879 -2.941 -2.9 3.044 0.96 -2.374 0.846 -0.384 -3.157 -2.27 -0.437 -2.373 -1.271 4.086
119 V -0.219 -2.472 -2.915 -3.15 0.354 -2.573 -2.879 -2.941 -2.9 3.044 0.96 -2.374 0.846 -0.384 -3.157 -2.27 -0.437 -2.373 -1.271 4.086
120 D -1.763 -1.574 1.213 5.811 -2.358 -0.858 1.065 -1.109 -0.522 -2.711 -3.477 -0.815 -2.683 -2.905 -2.275 -0.938 -1.398 -3.517 -3.029 -2.85
121 S 2.341 -0.954 -0.046 -0.639 0.304 -0.785 -0.768 0.077 -0.675 -1.49 -1.938 -0.447 -1.064 -1.897 -1.461 2.552 0.622 -2.498 -1.741 -0.718
122 P -0.822 -1.999 -1.919 -1.549 -1.443 -1.919 -1.608 -1.838 -1.593 -2.303 -2.736 -1.05 -2.389 -3.321 6.648 -1.437 -1.334 -4.535 -2.621 -2.147
123 Y -1.798 -1.763 -2.111 -3.008 -1.737 -1.769 -2.349 -2.918 2.119 -0.789 -0.896 -1.859 -0.668 3.363 -3.319 -2.423 -2.075 2.323 6.624 -0.965
124 K -0.812 2.108 -0.254 -0.708 -1.963 0.821 0.328 -1.328 -0.229 -2.109 -2.226 4.453 -1.209 -2.791 -1.673 -0.867 -1.068 -2.535 -1.774 -1.984
125 T -0.098 -1.078 -0.124 -1.0 0.136 -1.089 -1.363 -1.314 -1.399 -0.21 -1.043 -0.776 -0.517 -1.566 -1.673 0.719 4.201 -2.17 -1.692 0.244
126 L -1.526 -2.172 -3.348 -3.606 -0.136 -2.626 -3.291 -3.368 -2.299 2.019 4.014 -2.464 2.147 0.847 -3.59 -3.144 -1.566 -1.636 -1.042 1.12
127 C -0.433 -3.324 -2.95 -3.404 9.664 -3.444 -3.91 -2.149 -2.936 -0.717 -1.047 -3.099 -1.064 -2.013 -3.192 -1.656 -1.302 -3.22 -2.782 -0.395
128 V -0.552 -2.663 -3.022 -3.156 0.2 -2.766 -3.12 -3.105 -2.831 3.607 1.225 -2.467 1.0 -0.164 -3.264 -2.51 -0.63 -2.304 -1.271 3.736
129 L -1.526 -2.172 -3.348 -3.606 -0.136 -2.626 -3.291 -3.368 -2.299 2.019 4.014 -2.464 2.147 0.847 -3.59 -3.144 -1.566 -1.636 -1.042 1.12
130 L -1.526 -2.172 -3.348 -3.606 -0.136 -2.626 -3.291 -3.368 -2.299 2.019 4.014 -2.464 2.147 0.847 -3.59 -3.144 -1.566 -1.636 -1.042 1.12
131 F -2.32 -2.882 -2.846 -3.3 -1.36 -3.85 -3.468 -2.86 -0.814 0.291 0.579 -3.29 0.216 6.492 -4.434 -3.016 -2.356 0.866 2.945 -0.493
132 L -1.526 -2.172 -3.348 -3.606 -0.136 -2.626 -3.291 -3.368 -2.299 2.019 4.014 -2.464 2.147 0.847 -3.59 -3.144 -1.566 -1.636 -1.042 1.12
133 F -2.32 -2.882 -2.846 -3.3 -1.36 -3.85 -3.468 -2.86 -0.814 0.291 0.579 -3.29 0.216 6.492 -4.434 -3.016 -2.356 0.866 2.945 -0.493
134 S 1.082 -0.727 0.511 -0.234 0.087 -0.555 -0.541 -0.092 -0.446 -1.897 -2.314 -0.271 -1.172 -1.929 -1.461 3.212 1.025 -2.535 -1.741 -1.278
135 S 1.082 -0.727 0.511 -0.234 0.087 -0.555 -0.541 -0.092 -0.446 -1.897 -2.314 -0.271 -1.172 -1.929 -1.461 3.212 1.025 -2.535 -1.741 -1.278
136 V -0.219 -2.472 -2.915 -3.15 0.354 -2.573 -2.879 -2.941 -2.9 3.044 0.96 -2.374 0.846 -0.384 -3.157 -2.27 -0.437 -2.373 -1.271 4.086
137 S 1.082 -0.727 0.511 -0.234 0.087 -0.555 -0.541 -0.092 -0.446 -1.897 -2.314 -0.271 -1.172 -1.929 -1.461 3.212 1.025 -2.535 -1.741 -1.278
138 L -1.526 -2.172 -3.348 -3.606 -0.136 -2.626 -3.291 -3.368 -2.299 2.019 4.014 -2.464 2.147 0.847 -3.59 -3.144 -1.566 -1.636 -1.042 1.12
139 D -1.763 -1.574 1.213 5.811 -2.358 -0.858 1.065 -1.109 -0.522 -2.711 -3.477 -0.815 -2.683 -2.905 -2.275 -0.938 -1.398 -3.517 -3.029 -2.85
140 F -2.32 -2.882 -2.846 -3.3 -1.36 -3.85 -3.468 -2.86 -0.814 0.291 0.579 -3.29 0.216 6.492 -4.434 -3.016 -2.356 0.866 2.945 -0.493
141 I -1.362 -3.086 -3.248 -3.166 -0.136 -3.195 -3.672 -3.465 -2.697 4.483 1.691 -2.664 1.286 0.232 -3.49 -3.062 -1.06 -2.17 -1.271 2.875
142 F -2.32 -2.882 -2.846 -3.3 -1.36 -3.85 -3.468 -2.86 -0.814 0.291 0.579 -3.29 0.216 6.492 -4.434 -3.016 -2.356 0.866 2.945 -0.493
143 N -1.645 -0.4 5.612 1.296 -1.832 -0.512 -0.711 -0.14 0.983 -2.698 -3.137 -0.281 -2.147 -2.36 -2.573 -0.104 -0.437 -2.952 -2.054 -2.546
144 A 3.883 -1.469 -1.648 -1.673 0.694 -1.306 -1.284 0.388 -1.197 -0.816 -1.307 -0.834 -0.859 -1.834 -1.461 0.469 -0.408 -2.426 -1.741 0.153
145 Y -1.798 -1.763 -2.111 -3.008 -1.737 -1.769 -2.349 -2.918 2.119 -0.789 -0.896 -1.859 -0.668 3.363 -3.319 -2.423 -2.075 2.323 6.624 -0.965
146 R -1.52 5.483 -0.448 -1.549 -2.245 0.532 -0.546 -2.114 0.113 -2.597 -2.013 2.033 -1.209 -2.458 -2.69 -1.392 -1.439 -2.22 -1.758 -2.147
147 Q -0.868 1.022 -0.078 -0.342 -1.897 4.831 1.406 -1.465 0.784 -2.226 -1.976 1.236 -0.389 -2.944 -2.137 -0.74 -0.961 -2.17 -1.271 -1.773
148 G 0.104 -2.343 -0.426 -1.308 -1.306 -2.181 -2.608 5.796 -1.462 -3.201 -3.446 -1.636 -2.652 -2.664 -2.765 -0.988 -1.905 -2.426 -3.134 -2.85
149 I -1.362 -3.086 -3.248 -3.166 -0.136 -3.195 -3.672 -3.465 -2.697 4.483 1.691 -2.664 1.286 0.232 -3.49 -3.062 -1.06 -2.17 -1.271 2.875
150 A 3.883 -1.469 -1.648 -1.673 0.694 -1.306 -1.284 0.388 -1.197 -0.816 -1.307 -0.834 -0.859 -1.834 -1.461 0.469 -0.408 -2.426 -1.741 0.153
151 F -2.32 -2.882 -2.846 -3.3 -1.36 -3.85 -3.468 -2.86 -0.814 0.291 0.579 -3.29 0.216 6.492 -4.434 -3.016 -2.356 0.866 2.945 -0.493
152 V -0.219 -2.472 -2.915 -3.15 0.354 -2.573 -2.879 -2.941 -2.9 3.044 0.96 -2.374 0.846 -0.384 -3.157 -2.27 -0.437 -2.373 -1.271 4.086
153 F -2.32 -2.882 -2.846 -3.3 -1.36 -3.85 -3.468 -2.86 -0.814 0.291 0.579 -3.29 0.216 6.492 -4.434 -3.016 -2.356 0.866 2.945 -0.493
154 V -0.219 -2.472 -2.915 -3.15 0.354 -2.573 -2.879 -2.941 -2.9 3.044 0.96 -2.374 0.846 -0.384 -3.157 -2.27 -0.437 -2.373 -1.271 4.086
155 F -2.32 -2.882 -2.846 -3.3 -1.36 -3.85 -3.468 -2.86 -0.814 0.291 0.579 -3.29 0.216 6.492 -4.434 -3.016 -2.356 0.866 2.945 -0.493
156 S 1.082 -0.727 0.511 -0.234 0.087 -0.555 -0.541 -0.092 -0.446 -1.897 -2.314 -0.271 -1.172 -1.929 -1.461 3.212 1.025 -2.535 -1.741 -1.278
157 S 1.082 -0.727 0.511 -0.234 0.087 -0.555 -0.541 -0.092 -0.446 -1.897 -2.314 -0.271 -1.172 -1.929 -1.461 3.212 1.025 -2.535 -1.741 -1.278
158 L -1.526 -2.172 -3.348 -3.606 -0.136 -2.626 -3.291 -3.368 -2.299 2.019 4.014 -2.464 2.147 0.847 -3.59 -3.144 -1.566 -1.636 -1.042 1.12
159 L -1.526 -2.172 -3.348 -3.606 -0.136 -2.626 -3.291 -3.368 -2.299 2.019 4.014 -2.464 2.147 0.847 -3.59 -3.144 -1.566 -1.636 -1.042 1.12
160 A 3.883 -1.469 -1.648 -1.673 0.694 -1.306 -1.284 0.388 -1.197 -0.816 -1.307 -0.834 -0.859 -1.834 -1.461 0.469 -0.408 -2.426 -1.741 0.153
161 Y -1.798 -1.763 -2.111 -3.008 -1.737 -1.769 -2.349 -2.918 2.119 -0.789 -0.896 -1.859 -0.668 3.363 -3.319 -2.423 -2.075 2.323 6.624 -0.965
162 Y -1.798 -1.763 -2.111 -3.008 -1.737 -1.769 -2.349 -2.918 2.119 -0.789 -0.896 -1.859 -0.668 3.363 -3.319 -2.423 -2.075 2.323 6.624 -0.965
163 Q -0.868 1.022 -0.078 -0.342 -1.897 4.831 1.406 -1.465 0.784 -2.226 -1.976 1.236 -0.389 -2.944 -2.137 -0.74 -0.961 -2.17 -1.271 -1.773
164 G -0.195 -1.393 -0.391 -0.027 -1.626 -0.478 1.75 4.723 -0.697 -3.043 -3.171 -0.638 -2.315 -2.64 -2.434 -0.916 -1.684 -2.408 -2.659 -2.585
165 R -1.52 5.483 -0.448 -1.549 -2.245 0.532 -0.546 -2.114 0.113 -2.597 -2.013 2.033 -1.209 -2.458 -2.69 -1.392 -1.439 -2.22 -1.758 -2.147
166 K -0.812 2.108 -0.254 -0.708 -1.963 0.821 0.328 -1.328 -0.229 -2.109 -2.226 4.453 -1.209 -2.791 -1.673 -0.867 -1.068 -2.535 -1.774 -1.984
167 K -0.812 2.108 -0.254 -0.708 -1.963 0.821 0.328 -1.328 -0.229 -2.109 -2.226 4.453 -1.209 -2.791 -1.673 -0.867 -1.068 -2.535 -1.774 -1.984
168 I -1.362 -3.086 -3.248 -3.166 -0.136 -3.195 -3.672 -3.465 -2.697 4.483 1.691 -2.664 1.286 0.232 -3.49 -3.062 -1.06 -2.17 -1.271 2.875
169 A 3.883 -1.469 -1.648 -1.673 0.694 -1.306 -1.284 0.388 -1.197 -0.816 -1.307 -0.834 -0.859 -1.834 -1.461 0.469 -0.408 -2.426 -1.741 0.153
170 V 1.727 -1.729 -2.256 -2.47 0.319 -1.565 -2.09 -1.295 -1.563 1.684 0.927 -1.481 3.137 -0.427 -2.493 -0.986 -0.611 -1.981 -1.252 2.271
171 F -2.32 -2.882 -2.846 -3.3 -1.36 -3.85 -3.468 -2.86 -0.814 0.291 0.579 -3.29 0.216 6.492 -4.434 -3.016 -2.356 0.866 2.945 -0.493
172 F -2.32 -2.882 -2.846 -3.3 -1.36 -3.85 -3.468 -2.86 -0.814 0.291 0.579 -3.29 0.216 6.492 -4.434 -3.016 -2.356 0.866 2.945 -0.493
173 I -1.26 -2.394 -2.915 -3.039 -0.142 -2.285 -3.156 -3.134 -1.992 3.803 1.852 -2.195 3.456 0.318 -3.4 -2.664 -1.051 -1.847 -1.112 2.375
174 F -1.439 -2.739 -2.869 -3.249 -0.669 -3.359 -3.258 -2.887 -1.357 1.522 0.712 -2.951 0.442 5.452 -3.943 -2.745 -1.566 0.131 2.092 1.906
175 V -0.552 -2.663 -3.022 -3.156 0.2 -2.766 -3.12 -3.105 -2.831 3.607 1.225 -2.467 1.0 -0.164 -3.264 -2.51 -0.63 -2.304 -1.271 3.736
176 A 3.883 -1.469 -1.648 -1.673 0.694 -1.306 -1.284 0.388 -1.197 -0.816 -1.307 -0.834 -0.859 -1.834 -1.461 0.469 -0.408 -2.426 -1.741 0.153
177 I -1.362 -3.086 -3.248 -3.166 -0.136 -3.195 -3.672 -3.465 -2.697 4.483 1.691 -2.664 1.286 0.232 -3.49 -3.062 -1.06 -2.17 -1.271 2.875
178 G 0.104 -2.343 -0.426 -1.308 -1.306 -2.181 -2.608 5.796 -1.462 -3.201 -3.446 -1.636 -2.652 -2.664 -2.765 -0.988 -1.905 -2.426 -3.134 -2.85
179 F -2.32 -2.882 -2.846 -3.3 -1.36 -3.85 -3.468 -2.86 -0.814 0.291 0.579 -3.29 0.216 6.492 -4.434 -3.016 -2.356 0.866 2.945 -0.493
180 H -1.693 -0.343 0.474 -0.947 -2.32 -0.151 -0.486 -1.683 7.972 -2.647 -2.581 -0.751 -1.247 -0.838 -2.735 -1.565 -2.212 -1.44 1.681 -3.021
181 W -2.635 -2.368 -3.152 -3.606 -2.32 -2.81 -2.954 -2.351 -1.12 -1.839 -1.636 -2.776 -1.266 1.143 -5.394 -3.34 -2.68 10.596 2.184 -2.213
182 S 1.082 -0.727 0.511 -0.234 0.087 -0.555 -0.541 -0.092 -0.446 -1.897 -2.314 -0.271 -1.172 -1.929 -1.461 3.212 1.025 -2.535 -1.741 -1.278
183 S 1.082 -0.727 0.511 -0.234 0.087 -0.555 -0.541 -0.092 -0.446 -1.897 -2.314 -0.271 -1.172 -1.929 -1.461 3.212 1.025 -2.535 -1.741 -1.278
184 I -1.362 -3.086 -3.248 -3.166 -0.136 -3.195 -3.672 -3.465 -2.697 4.483 1.691 -2.664 1.286 0.232 -3.49 -3.062 -1.06 -2.17 -1.271 2.875
185 I -1.362 -3.086 -3.248 -3.166 -0.136 -3.195 -3.672 -3.465 -2.697 4.483 1.691 -2.664 1.286 0.232 -3.49 -3.062 -1.06 -2.17 -1.271 2.875
186 I -1.362 -3.086 -3.248 -3.166 -0.136 -3.195 -3.672 -3.465 -2.697 4.483 1.691 -2.664 1.286 0.232 -3.49 -3.062 -1.06 -2.17 -1.271 2.875
187 P -0.822 -1.999 -1.919 -1.549 -1.443 -1.919 -1.608 -1.838 -1.593 -2.303 -2.736 -1.05 -2.389 -3.321 6.648 -1.437 -1.334 -4.535 -2.621 -2.147
188 S 0.444 -1.133 -0.303 -0.987 0.015 -1.095 -1.202 -0.832 -0.942 0.047 1.425 -0.834 0.392 -0.685 -2.012 2.197 0.39 -2.203 -1.489 -0.242
189 L -1.526 -2.172 -3.348 -3.606 -0.136 -2.626 -3.291 -3.368 -2.299 2.019 4.014 -2.464 2.147 0.847 -3.59 -3.144 -1.566 -1.636 -1.042 1.12
190 L -1.526 -2.172 -3.348 -3.606 -0.136 -2.626 -3.291 -3.368 -2.299 2.019 4.014 -2.464 2.147 0.847 -3.59 -3.144 -1.566 -1.636 -1.042 1.12
191 L -1.526 -2.172 -3.348 -3.606 -0.136 -2.626 -3.291 -3.368 -2.299 2.019 4.014 -2.464 2.147 0.847 -3.59 -3.144 -1.566 -1.636 -1.042 1.12
192 L -1.161 -1.836 -2.616 -2.917 -0.148 -1.594 -2.719 -2.838 -1.427 2.912 2.005 -1.792 4.68 0.401 -3.313 -2.314 -1.041 -1.556 -0.961 1.77
193 F -2.32 -2.882 -2.846 -3.3 -1.36 -3.85 -3.468 -2.86 -0.814 0.291 0.579 -3.29 0.216 6.492 -4.434 -3.016 -2.356 0.866 2.945 -0.493
194 R -1.52 5.483 -0.448 -1.549 -2.245 0.532 -0.546 -2.114 0.113 -2.597 -2.013 2.033 -1.209 -2.458 -2.69 -1.392 -1.439 -2.22 -1.758 -2.147
195 F -2.32 -2.882 -2.846 -3.3 -1.36 -3.85 -3.468 -2.86 -0.814 0.291 0.579 -3.29 0.216 6.492 -4.434 -3.016 -2.356 0.866 2.945 -0.493
196 I -1.362 -3.086 -3.248 -3.166 -0.136 -3.195 -3.672 -3.465 -2.697 4.483 1.691 -2.664 1.286 0.232 -3.49 -3.062 -1.06 -2.17 -1.271 2.875
197 P -0.822 -1.999 -1.919 -1.549 -1.443 -1.919 -1.608 -1.838 -1.593 -2.303 -2.736 -1.05 -2.389 -3.321 6.648 -1.437 -1.334 -4.535 -2.621 -2.147
198 K -0.812 2.108 -0.254 -0.708 -1.963 0.821 0.328 -1.328 -0.229 -2.109 -2.226 4.453 -1.209 -2.791 -1.673 -0.867 -1.068 -2.535 -1.774 -1.984
199 R -1.52 5.483 -0.448 -1.549 -2.245 0.532 -0.546 -2.114 0.113 -2.597 -2.013 2.033 -1.209 -2.458 -2.69 -1.392 -1.439 -2.22 -1.758 -2.147
200 T -0.098 -1.078 -0.124 -1.0 0.136 -1.089 -1.363 -1.314 -1.399 -0.21 -1.043 -0.776 -0.517 -1.566 -1.673 0.719 4.201 -2.17 -1.692 0.244
201 I -1.362 -3.086 -3.248 -3.166 -0.136 -3.195 -3.672 -3.465 -2.697 4.483 1.691 -2.664 1.286 0.232 -3.49 -3.062 -1.06 -2.17 -1.271 2.875
202 K -0.812 2.108 -0.254 -0.708 -1.963 0.821 0.328 -1.328 -0.229 -2.109 -2.226 4.453 -1.209 -2.791 -1.673 -0.867 -1.068 -2.535 -1.774 -1.984
203 I -1.362 -3.086 -3.248 -3.166 -0.136 -3.195 -3.672 -3.465 -2.697 4.483 1.691 -2.664 1.286 0.232 -3.49 -3.062 -1.06 -2.17 -1.271 2.875
204 I -1.362 -3.086 -3.248 -3.166 -0.136 -3.195 -3.672 -3.465 -2.697 4.483 1.691 -2.664 1.286 0.232 -3.49 -3.062 -1.06 -2.17 -1.271 2.875
205 L -1.526 -2.172 -3.348 -3.606 -0.136 -2.626 -3.291 -3.368 -2.299 2.019 4.014 -2.464 2.147 0.847 -3.59 -3.144 -1.566 -1.636 -1.042 1.12
206 T -0.098 -1.078 -0.124 -1.0 0.136 -1.089 -1.363 -1.314 -1.399 -0.21 -1.043 -0.776 -0.517 -1.566 -1.673 0.719 4.201 -2.17 -1.692 0.244
207 G 0.104 -2.343 -0.426 -1.308 -1.306 -2.181 -2.608 5.796 -1.462 -3.201 -3.446 -1.636 -2.652 -2.664 -2.765 -0.988 -1.905 -2.426 -3.134 -2.85
208 V -0.219 -2.472 -2.915 -3.15 0.354 -2.573 -2.879 -2.941 -2.9 3.044 0.96 -2.374 0.846 -0.384 -3.157 -2.27 -0.437 -2.373 -1.271 4.086
209 I -1.362 -3.086 -3.248 -3.166 -0.136 -3.195 -3.672 -3.465 -2.697 4.483 1.691 -2.664 1.286 0.232 -3.49 -3.062 -1.06 -2.17 -1.271 2.875
210 I -1.362 -3.086 -3.248 -3.166 -0.136 -3.195 -3.672 -3.465 -2.697 4.483 1.691 -2.664 1.286 0.232 -3.49 -3.062 -1.06 -2.17 -1.271 2.875
211 L -1.526 -2.172 -3.348 -3.606 -0.136 -2.626 -3.291 -3.368 -2.299 2.019 4.014 -2.464 2.147 0.847 -3.59 -3.144 -1.566 -1.636 -1.042 1.12
212 T -0.098 -1.078 -0.124 -1.0 0.136 -1.089 -1.363 -1.314 -1.399 -0.21 -1.043 -0.776 -0.517 -1.566 -1.673 0.719 4.201 -2.17 -1.692 0.244
213 V -0.219 -2.472 -2.915 -3.15 0.354 -2.573 -2.879 -2.941 -2.9 3.044 0.96 -2.374 0.846 -0.384 -3.157 -2.27 -0.437 -2.373 -1.271 4.086
214 I -1.362 -3.086 -3.248 -3.166 -0.136 -3.195 -3.672 -3.465 -2.697 4.483 1.691 -2.664 1.286 0.232 -3.49 -3.062 -1.06 -2.17 -1.271 2.875
215 G 0.104 -2.343 -0.426 -1.308 -1.306 -2.181 -2.608 5.796 -1.462 -3.201 -3.446 -1.636 -2.652 -2.664 -2.765 -0.988 -1.905 -2.426 -3.134 -2.85
216 F -2.32 -2.882 -2.846 -3.3 -1.36 -3.85 -3.468 -2.86 -0.814 0.291 0.579 -3.29 0.216 6.492 -4.434 -3.016 -2.356 0.866 2.945 -0.493
217 V -0.552 -2.663 -3.022 -3.156 0.2 -2.766 -3.12 -3.105 -2.831 3.607 1.225 -2.467 1.0 -0.164 -3.264 -2.51 -0.63 -2.304 -1.271 3.736
218 V -0.552 -2.663 -3.022 -3.156 0.2 -2.766 -3.12 -3.105 -2.831 3.607 1.225 -2.467 1.0 -0.164 -3.264 -2.51 -0.63 -2.304 -1.271 3.736
219 P -0.822 -1.999 -1.919 -1.549 -1.443 -1.919 -1.608 -1.838 -1.593 -2.303 -2.736 -1.05 -2.389 -3.321 6.648 -1.437 -1.334 -4.535 -2.621 -2.147
220 L -1.526 -2.172 -3.348 -3.606 -0.136 -2.626 -3.291 -3.368 -2.299 2.019 4.014 -2.464 2.147 0.847 -3.59 -3.144 -1.566 -1.636 -1.042 1.12
221 G 0.104 -2.343 -0.426 -1.308 -1.306 -2.181 -2.608 5.796 -1.462 -3.201 -3.446 -1.636 -2.652 -2.664 -2.765 -0.988 -1.905 -2.426 -3.134 -2.85
222 I -1.362 -3.086 -3.248 -3.166 -0.136 -3.195 -3.672 -3.465 -2.697 4.483 1.691 -2.664 1.286 0.232 -3.49 -3.062 -1.06 -2.17 -1.271 2.875
223 L -1.526 -2.172 -3.348 -3.606 -0.136 -2.626 -3.291 -3.368 -2.299 2.019 4.014 -2.464 2.147 0.847 -3.59 -3.144 -1.566 -1.636 -1.042 1.12
224 P -0.822 -1.999 -1.919 -1.549 -1.443 -1.919 -1.608 -1.838 -1.593 -2.303 -2.736 -1.05 -2.389 -3.321 6.648 -1.437 -1.334 -4.535 -2.621 -2.147
225 T -0.098 -1.078 -0.124 -1.0 0.136 -1.089 -1.363 -1.314 -1.399 -0.21 -1.043 -0.776 -0.517 -1.566 -1.673 0.719 4.201 -2.17 -1.692 0.244
226 L -1.526 -2.172 -3.348 -3.606 -0.136 -2.626 -3.291 -3.368 -2.299 2.019 4.014 -2.464 2.147 0.847 -3.59 -3.144 -1.566 -1.636 -1.042 1.12
227 K -0.812 2.108 -0.254 -0.708 -1.963 0.821 0.328 -1.328 -0.229 -2.109 -2.226 4.453 -1.209 -2.791 -1.673 -0.867 -1.068 -2.535 -1.774 -1.984
228 T -0.098 -1.078 -0.124 -1.0 0.136 -1.089 -1.363 -1.314 -1.399 -0.21 -1.043 -0.776 -0.517 -1.566 -1.673 0.719 4.201 -2.17 -1.692 0.244
229 I -1.362 -3.086 -3.248 -3.166 -0.136 -3.195 -3.672 -3.465 -2.697 4.483 1.691 -2.664 1.286 0.232 -3.49 -3.062 -1.06 -2.17 -1.271 2.875
230 L -1.161 -1.836 -2.616 -2.917 -0.148 -1.594 -2.719 -2.838 -1.427 2.912 2.005 -1.792 4.68 0.401 -3.313 -2.314 -1.041 -1.556 -0.961 1.77
231 A 3.055 -1.333 -1.046 -1.431 0.52 -1.231 -1.31 -0.076 -1.262 -0.599 -1.216 -0.815 -0.741 -1.742 -1.53 0.555 2.012 -2.338 -1.725 0.184
232 S 1.082 -0.727 0.511 -0.234 0.087 -0.555 -0.541 -0.092 -0.446 -1.897 -2.314 -0.271 -1.172 -1.929 -1.461 3.212 1.025 -2.535 -1.741 -1.278
233 L -1.526 -2.172 -3.348 -3.606 -0.136 -2.626 -3.291 -3.368 -2.299 2.019 4.014 -2.464 2.147 0.847 -3.59 -3.144 -1.566 -1.636 -1.042 1.12
234 I -1.362 -3.086 -3.248 -3.166 -0.136 -3.195 -3.672 -3.465 -2.697 4.483 1.691 -2.664 1.286 0.232 -3.49 -3.062 -1.06 -2.17 -1.271 2.875
235 I -1.362 -3.086 -3.248 -3.166 -0.136 -3.195 -3.672 -3.465 -2.697 4.483 1.691 -2.664 1.286 0.232 -3.49 -3.062 -1.06 -2.17 -1.271 2.875
236 K -0.812 2.108 -0.254 -0.708 -1.963 0.821 0.328 -1.328 -0.229 -2.109 -2.226 4.453 -1.209 -2.791 -1.673 -0.867 -1.068 -2.535 -1.774 -1.984
237 S 1.082 -0.727 0.511 -0.234 0.087 -0.555 -0.541 -0.092 -0.446 -1.897 -2.314 -0.271 -1.172 -1.929 -1.461 3.212 1.025 -2.535 -1.741 -1.278
238 P -0.853 0.318 -0.572 -0.691 -1.737 3.797 0.704 -1.584 0.186 -2.251 -2.208 0.655 -0.915 -3.064 3.741 -0.954 -1.08 -2.766 -1.655 -1.892
239 Y -1.798 -1.763 -2.111 -3.008 -1.737 -1.769 -2.349 -2.918 2.119 -0.789 -0.896 -1.859 -0.668 3.363 -3.319 -2.423 -2.075 2.323 6.624 -0.965
240 L -1.416 -2.748 -3.281 -3.306 -0.136 -2.993 -3.54 -3.432 -2.558 3.87 2.687 -2.596 1.602 0.452 -3.523 -3.089 -1.219 -1.981 -1.192 2.399
241 D -1.763 -1.574 1.213 5.811 -2.358 -0.858 1.065 -1.109 -0.522 -2.711 -3.477 -0.815 -2.683 -2.905 -2.275 -0.938 -1.398 -3.517 -3.029 -2.85
242 K -0.812 2.108 -0.254 -0.708 -1.963 0.821 0.328 -1.328 -0.229 -2.109 -2.226 4.453 -1.209 -2.791 -1.673 -0.867 -1.068 -2.535 -1.774 -1.984
243 I -1.362 -3.086 -3.248 -3.166 -0.136 -3.195 -3.672 -3.465 -2.697 4.483 1.691 -2.664 1.286 0.232 -3.49 -3.062 -1.06 -2.17 -1.271 2.875
244 I -1.362 -3.086 -3.248 -3.166 -0.136 -3.195 -3.672 -3.465 -2.697 4.483 1.691 -2.664 1.286 0.232 -3.49 -3.062 -1.06 -2.17 -1.271 2.875
245 F -2.32 -2.882 -2.846 -3.3 -1.36 -3.85 -3.468 -2.86 -0.814 0.291 0.579 -3.29 0.216 6.492 -4.434 -3.016 -2.356 0.866 2.945 -0.493
246 Y -1.798 -1.763 -2.111 -3.008 -1.737 -1.769 -2.349 -2.918 2.119 -0.789 -0.896 -1.859 -0.668 3.363 -3.319 -2.423 -2.075 2.323 6.624 -0.965
247 L -1.526 -2.172 -3.348 -3.606 -0.136 -2.626 -3.291 -3.368 -2.299 2.019 4.014 -2.464 2.147 0.847 -3.59 -3.144 -1.566 -1.636 -1.042 1.12
248 T -0.098 -1.078 -0.124 -1.0 0.136 -1.089 -1.363 -1.314 -1.399 -0.21 -1.043 -0.776 -0.517 -1.566 -1.673 0.719 4.201 -2.17 -1.692 0.244
249 T -0.098 -1.078 -0.124 -1.0 0.136 -1.089 -1.363 -1.314 -1.399 -0.21 -1.043 -0.776 -0.517 -1.566 -1.673 0.719 4.201 -2.17 -1.692 0.244
250 S 1.082 -0.727 0.511 -0.234 0.087 -0.555 -0.541 -0.092 -0.446 -1.897 -2.314 -0.271 -1.172 -1.929 -1.461 3.212 1.025 -2.535 -1.741 -1.278
251 D -1.447 -0.998 0.786 4.951 -2.371 0.084 2.676 -1.359 -0.178 -2.724 -3.19 -0.221 -2.333 -2.798 -2.132 -0.883 -1.361 -3.083 -2.599 -2.585
252 S 1.082 -0.727 0.511 -0.234 0.087 -0.555 -0.541 -0.092 -0.446 -1.897 -2.314 -0.271 -1.172 -1.929 -1.461 3.212 1.025 -2.535 -1.741 -1.278
253 S 1.082 -0.727 0.511 -0.234 0.087 -0.555 -0.541 -0.092 -0.446 -1.897 -2.314 -0.271 -1.172 -1.929 -1.461 3.212 1.025 -2.535 -1.741 -1.278
254 I -1.362 -3.086 -3.248 -3.166 -0.136 -3.195 -3.672 -3.465 -2.697 4.483 1.691 -2.664 1.286 0.232 -3.49 -3.062 -1.06 -2.17 -1.271 2.875
255 Y -1.798 -1.763 -2.111 -3.008 -1.737 -1.769 -2.349 -2.918 2.119 -0.789 -0.896 -1.859 -0.668 3.363 -3.319 -2.423 -2.075 2.323 6.624 -0.965
256 D -1.447 -0.998 0.786 4.951 -2.371 0.084 2.676 -1.359 -0.178 -2.724 -3.19 -0.221 -2.333 -2.798 -2.132 -0.883 -1.361 -3.083 -2.599 -2.585
257 L -1.526 -2.172 -3.348 -3.606 -0.136 -2.626 -3.291 -3.368 -2.299 2.019 4.014 -2.464 2.147 0.847 -3.59 -3.144 -1.566 -1.636 -1.042 1.12
258 N -1.645 -0.4 5.612 1.296 -1.832 -0.512 -0.711 -0.14 0.983 -2.698 -3.137 -0.281 -2.147 -2.36 -2.573 -0.104 -0.437 -2.952 -2.054 -2.546
259 F -2.32 -2.882 -2.846 -3.3 -1.36 -3.85 -3.468 -2.86 -0.814 0.291 0.579 -3.29 0.216 6.492 -4.434 -3.016 -2.356 0.866 2.945 -0.493
260 F -2.32 -2.882 -2.846 -3.3 -1.36 -3.85 -3.468 -2.86 -0.814 0.291 0.579 -3.29 0.216 6.492 -4.434 -3.016 -2.356 0.866 2.945 -0.493
261 G 0.104 -2.343 -0.426 -1.308 -1.306 -2.181 -2.608 5.796 -1.462 -3.201 -3.446 -1.636 -2.652 -2.664 -2.765 -0.988 -1.905 -2.426 -3.134 -2.85
262 R -1.52 5.483 -0.448 -1.549 -2.245 0.532 -0.546 -2.114 0.113 -2.597 -2.013 2.033 -1.209 -2.458 -2.69 -1.392 -1.439 -2.22 -1.758 -2.147
263 L -1.526 -2.172 -3.348 -3.606 -0.136 -2.626 -3.291 -3.368 -2.299 2.019 4.014 -2.464 2.147 0.847 -3.59 -3.144 -1.566 -1.636 -1.042 1.12
264 P -0.822 -1.999 -1.919 -1.549 -1.443 -1.919 -1.608 -1.838 -1.593 -2.303 -2.736 -1.05 -2.389 -3.321 6.648 -1.437 -1.334 -4.535 -2.621 -2.147
265 L -1.526 -2.172 -3.348 -3.606 -0.136 -2.626 -3.291 -3.368 -2.299 2.019 4.014 -2.464 2.147 0.847 -3.59 -3.144 -1.566 -1.636 -1.042 1.12
266 L -1.526 -2.172 -3.348 -3.606 -0.136 -2.626 -3.291 -3.368 -2.299 2.019 4.014 -2.464 2.147 0.847 -3.59 -3.144 -1.566 -1.636 -1.042 1.12
267 T -0.098 -1.078 -0.124 -1.0 0.136 -1.089 -1.363 -1.314 -1.399 -0.21 -1.043 -0.776 -0.517 -1.566 -1.673 0.719 4.201 -2.17 -1.692 0.244
268 N -1.645 -0.4 5.612 1.296 -1.832 -0.512 -0.711 -0.14 0.983 -2.698 -3.137 -0.281 -2.147 -2.36 -2.573 -0.104 -0.437 -2.952 -2.054 -2.546
269 A 3.883 -1.469 -1.648 -1.673 0.694 -1.306 -1.284 0.388 -1.197 -0.816 -1.307 -0.834 -0.859 -1.834 -1.461 0.469 -0.408 -2.426 -1.741 0.153
270 L -1.526 -2.172 -3.348 -3.606 -0.136 -2.626 -3.291 -3.368 -2.299 2.019 4.014 -2.464 2.147 0.847 -3.59 -3.144 -1.566 -1.636 -1.042 1.12
271 L -1.526 -2.172 -3.348 -3.606 -0.136 -2.626 -3.291 -3.368 -2.299 2.019 4.014 -2.464 2.147 0.847 -3.59 -3.144 -1.566 -1.636 -1.042 1.12
272 L -0.376 -1.606 -1.441 -2.009 -0.06 -1.76 -2.062 -1.83 -1.541 1.199 3.0 -1.535 1.401 0.182 -2.695 0.618 -0.425 -1.906 -1.257 0.519
273 L -1.526 -2.172 -3.348 -3.606 -0.136 -2.626 -3.291 -3.368 -2.299 2.019 4.014 -2.464 2.147 0.847 -3.59 -3.144 -1.566 -1.636 -1.042 1.12
274 I -1.362 -3.086 -3.248 -3.166 -0.136 -3.195 -3.672 -3.465 -2.697 4.483 1.691 -2.664 1.286 0.232 -3.49 -3.062 -1.06 -2.17 -1.271 2.875
275 I -1.362 -3.086 -3.248 -3.166 -0.136 -3.195 -3.672 -3.465 -2.697 4.483 1.691 -2.664 1.286 0.232 -3.49 -3.062 -1.06 -2.17 -1.271 2.875
276 C -0.433 -3.324 -2.95 -3.404 9.664 -3.444 -3.91 -2.149 -2.936 -0.717 -1.047 -3.099 -1.064 -2.013 -3.192 -1.656 -1.302 -3.22 -2.782 -0.395
277 R -1.52 5.483 -0.448 -1.549 -2.245 0.532 -0.546 -2.114 0.113 -2.597 -2.013 2.033 -1.209 -2.458 -2.69 -1.392 -1.439 -2.22 -1.758 -2.147
278 I -1.362 -3.086 -3.248 -3.166 -0.136 -3.195 -3.672 -3.465 -2.697 4.483 1.691 -2.664 1.286 0.232 -3.49 -3.062 -1.06 -2.17 -1.271 2.875
279 F -2.32 -2.882 -2.846 -3.3 -1.36 -3.85 -3.468 -2.86 -0.814 0.291 0.579 -3.29 0.216 6.492 -4.434 -3.016 -2.356 0.866 2.945 -0.493
280 Y -1.798 -1.763 -2.111 -3.008 -1.737 -1.769 -2.349 -2.918 2.119 -0.789 -0.896 -1.859 -0.668 3.363 -3.319 -2.423 -2.075 2.323 6.624 -0.965
281 R -1.52 5.483 -0.448 -1.549 -2.245 0.532 -0.546 -2.114 0.113 -2.597 -2.013 2.033 -1.209 -2.458 -2.69 -1.392 -1.439 -2.22 -1.758 -2.147
282 Y -1.798 -1.763 -2.111 -3.008 -1.737 -1.769 -2.349 -2.918 2.119 -0.789 -0.896 -1.859 -0.668 3.363 -3.319 -2.423 -2.075 2.323 6.624 -0.965
283 V 1.849 -2.098 -2.428 -2.57 0.472 -2.086 -2.244 -1.37 -2.215 2.23 0.382 -1.765 0.381 -0.791 -2.475 -1.047 -0.427 -2.39 -1.419 3.264
284 D -1.763 -1.574 1.213 5.811 -2.358 -0.858 1.065 -1.109 -0.522 -2.711 -3.477 -0.815 -2.683 -2.905 -2.275 -0.938 -1.398 -3.517 -3.029 -2.85
285 F -2.32 -2.882 -2.846 -3.3 -1.36 -3.85 -3.468 -2.86 -0.814 0.291 0.579 -3.29 0.216 6.492 -4.434 -3.016 -2.356 0.866 2.945 -0.493
286 A 3.214 -1.2 -0.737 -1.11 0.506 -1.033 -1.014 0.237 -0.924 -1.133 -1.605 -0.634 -0.96 -1.865 -1.461 1.694 0.153 -2.462 -1.741 -0.25
287 F -2.32 -2.882 -2.846 -3.3 -1.36 -3.85 -3.468 -2.86 -0.814 0.291 0.579 -3.29 0.216 6.492 -4.434 -3.016 -2.356 0.866 2.945 -0.493
288 I -0.929 -2.867 -3.133 -3.161 0.037 -2.972 -3.383 -3.279 -2.763 4.078 1.467 -2.564 1.146 0.041 -3.375 -2.773 -0.837 -2.236 -1.271 3.337
289 Q -0.868 1.022 -0.078 -0.342 -1.897 4.831 1.406 -1.465 0.784 -2.226 -1.976 1.236 -0.389 -2.944 -2.137 -0.74 -0.961 -2.17 -1.271 -1.773
290 L -1.526 -2.172 -3.348 -3.606 -0.136 -2.626 -3.291 -3.368 -2.299 2.019 4.014 -2.464 2.147 0.847 -3.59 -3.144 -1.566 -1.636 -1.042 1.12
291 I -1.362 -3.086 -3.248 -3.166 -0.136 -3.195 -3.672 -3.465 -2.697 4.483 1.691 -2.664 1.286 0.232 -3.49 -3.062 -1.06 -2.17 -1.271 2.875
292 T -0.098 -1.078 -0.124 -1.0 0.136 -1.089 -1.363 -1.314 -1.399 -0.21 -1.043 -0.776 -0.517 -1.566 -1.673 0.719 4.201 -2.17 -1.692 0.244
293 A 3.883 -1.469 -1.648 -1.673 0.694 -1.306 -1.284 0.388 -1.197 -0.816 -1.307 -0.834 -0.859 -1.834 -1.461 0.469 -0.408 -2.426 -1.741 0.153
294 V -0.219 -2.472 -2.915 -3.15 0.354 -2.573 -2.879 -2.941 -2.9 3.044 0.96 -2.374 0.846 -0.384 -3.157 -2.27 -0.437 -2.373 -1.271 4.086
295 G 0.104 -2.343 -0.426 -1.308 -1.306 -2.181 -2.608 5.796 -1.462 -3.201 -3.446 -1.636 -2.652 -2.664 -2.765 -0.988 -1.905 -2.426 -3.134 -2.85
296 L -1.526 -2.172 -3.348 -3.606 -0.136 -2.626 -3.291 -3.368 -2.299 2.019 4.014 -2.464 2.147 0.847 -3.59 -3.144 -1.566 -1.636 -1.042 1.12
297 Y -1.798 -1.763 -2.111 -3.008 -1.737 -1.769 -2.349 -2.918 2.119 -0.789 -0.896 -1.859 -0.668 3.363 -3.319 -2.423 -2.075 2.323 6.624 -0.965
298 C -0.433 -3.324 -2.95 -3.404 9.664 -3.444 -3.91 -2.149 -2.936 -0.717 -1.047 -3.099 -1.064 -2.013 -3.192 -1.656 -1.302 -3.22 -2.782 -0.395
299 V -0.219 -2.472 -2.915 -3.15 0.354 -2.573 -2.879 -2.941 -2.9 3.044 0.96 -2.374 0.846 -0.384 -3.157 -2.27 -0.437 -2.373 -1.271 4.086
300 I -0.929 -2.867 -3.133 -3.161 0.037 -2.972 -3.383 -3.279 -2.763 4.078 1.467 -2.564 1.146 0.041 -3.375 -2.773 -0.837 -2.236 -1.271 3.337
301 F -2.32 -2.882 -2.846 -3.3 -1.36 -3.85 -3.468 -2.86 -0.814 0.291 0.579 -3.29 0.216 6.492 -4.434 -3.016 -2.356 0.866 2.945 -0.493
302 L -1.066 -1.369 -2.345 -2.799 -0.154 -1.037 -2.339 -2.569 -0.954 1.618 2.149 -1.438 5.537 0.482 -3.228 -2.002 -1.031 -1.292 -0.818 1.004
303 E -0.905 -0.107 -0.324 1.532 -2.397 1.361 4.46 -1.935 0.407 -2.75 -2.688 0.691 -1.739 -2.593 -1.867 -0.777 -1.286 -2.373 -1.893 -2.12
304 L -1.066 -1.369 -2.345 -2.799 -0.154 -1.037 -2.339 -2.569 -0.954 1.618 2.149 -1.438 5.537 0.482 -3.228 -2.002 -1.031 -1.292 -0.818 1.004
305 S 1.082 -0.727 0.511 -0.234 0.087 -0.555 -0.541 -0.092 -0.446 -1.897 -2.314 -0.271 -1.172 -1.929 -1.461 3.212 1.025 -2.535 -1.741 -1.278
306 F -2.32 -2.882 -2.846 -3.3 -1.36 -3.85 -3.468 -2.86 -0.814 0.291 0.579 -3.29 0.216 6.492 -4.434 -3.016 -2.356 0.866 2.945 -0.493
307 S 1.082 -0.727 0.511 -0.234 0.087 -0.555 -0.541 -0.092 -0.446 -1.897 -2.314 -0.271 -1.172 -1.929 -1.461 3.212 1.025 -2.535 -1.741 -1.278
308 F -2.32 -2.882 -2.846 -3.3 -1.36 -3.85 -3.468 -2.86 -0.814 0.291 0.579 -3.29 0.216 6.492 -4.434 -3.016 -2.356 0.866 2.945 -0.493
309 R -1.52 5.483 -0.448 -1.549 -2.245 0.532 -0.546 -2.114 0.113 -2.597 -2.013 2.033 -1.209 -2.458 -2.69 -1.392 -1.439 -2.22 -1.758 -2.147
310 N -1.645 -0.4 5.612 1.296 -1.832 -0.512 -0.711 -0.14 0.983 -2.698 -3.137 -0.281 -2.147 -2.36 -2.573 -0.104 -0.437 -2.952 -2.054 -2.546
311 Y -1.798 -1.763 -2.111 -3.008 -1.737 -1.769 -2.349 -2.918 2.119 -0.789 -0.896 -1.859 -0.668 3.363 -3.319 -2.423 -2.075 2.323 6.624 -0.965
312 Y -1.798 -1.763 -2.111 -3.008 -1.737 -1.769 -2.349 -2.918 2.119 -0.789 -0.896 -1.859 -0.668 3.363 -3.319 -2.423 -2.075 2.323 6.624 -0.965
313 W -2.635 -2.368 -3.152 -3.606 -2.32 -2.81 -2.954 -2.351 -1.12 -1.839 -1.636 -2.776 -1.266 1.143 -5.394 -3.34 -2.68 10.596 2.184 -2.213
314 L -1.526 -2.172 -3.348 -3.606 -0.136 -2.626 -3.291 -3.368 -2.299 2.019 4.014 -2.464 2.147 0.847 -3.59 -3.144 -1.566 -1.636 -1.042 1.12
315 F -2.32 -2.882 -2.846 -3.3 -1.36 -3.85 -3.468 -2.86 -0.814 0.291 0.579 -3.29 0.216 6.492 -4.434 -3.016 -2.356 0.866 2.945 -0.493
316 P -0.822 -1.999 -1.919 -1.549 -1.443 -1.919 -1.608 -1.838 -1.593 -2.303 -2.736 -1.05 -2.389 -3.321 6.648 -1.437 -1.334 -4.535 -2.621 -2.147
317 L -1.526 -2.172 -3.348 -3.606 -0.136 -2.626 -3.291 -3.368 -2.299 2.019 4.014 -2.464 2.147 0.847 -3.59 -3.144 -1.566 -1.636 -1.042 1.12
318 L -1.767 -2.39 -3.171 -3.5 -0.489 -2.979 -3.349 -3.189 -1.715 1.55 3.252 -2.714 1.635 4.04 -3.845 -3.101 -1.806 -0.544 0.95 0.676
319 P -0.822 -1.999 -1.919 -1.549 -1.443 -1.919 -1.608 -1.838 -1.593 -2.303 -2.736 -1.05 -2.389 -3.321 6.648 -1.437 -1.334 -4.535 -2.621 -2.147
320 F -2.32 -2.882 -2.846 -3.3 -1.36 -3.85 -3.468 -2.86 -0.814 0.291 0.579 -3.29 0.216 6.492 -4.434 -3.016 -2.356 0.866 2.945 -0.493
321 L -1.526 -2.172 -3.348 -3.606 -0.136 -2.626 -3.291 -3.368 -2.299 2.019 4.014 -2.464 2.147 0.847 -3.59 -3.144 -1.566 -1.636 -1.042 1.12
322 V -0.552 -2.663 -3.022 -3.156 0.2 -2.766 -3.12 -3.105 -2.831 3.607 1.225 -2.467 1.0 -0.164 -3.264 -2.51 -0.63 -2.304 -1.271 3.736
323 I -0.929 -2.867 -3.133 -3.161 0.037 -2.972 -3.383 -3.279 -2.763 4.078 1.467 -2.564 1.146 0.041 -3.375 -2.773 -0.837 -2.236 -1.271 3.337
324 N -1.645 -0.4 5.612 1.296 -1.832 -0.512 -0.711 -0.14 0.983 -2.698 -3.137 -0.281 -2.147 -2.36 -2.573 -0.104 -0.437 -2.952 -2.054 -2.546
325 V -0.219 -2.472 -2.915 -3.15 0.354 -2.573 -2.879 -2.941 -2.9 3.044 0.96 -2.374 0.846 -0.384 -3.157 -2.27 -0.437 -2.373 -1.271 4.086
326 L -1.526 -2.172 -3.348 -3.606 -0.136 -2.626 -3.291 -3.368 -2.299 2.019 4.014 -2.464 2.147 0.847 -3.59 -3.144 -1.566 -1.636 -1.042 1.12
327 N -0.012 -0.722 3.216 0.183 -0.403 -0.707 -0.85 -0.463 -0.119 -1.409 -2.034 -0.433 -1.203 -1.933 -1.863 1.637 2.264 -2.535 -1.825 -0.969
328 N -1.645 -0.4 5.612 1.296 -1.832 -0.512 -0.711 -0.14 0.983 -2.698 -3.137 -0.281 -2.147 -2.36 -2.573 -0.104 -0.437 -2.952 -2.054 -2.546
329 Y -1.798 -1.763 -2.111 -3.008 -1.737 -1.769 -2.349 -2.918 2.119 -0.789 -0.896 -1.859 -0.668 3.363 -3.319 -2.423 -2.075 2.323 6.624 -0.965
330 K -0.812 2.108 -0.254 -0.708 -1.963 0.821 0.328 -1.328 -0.229 -2.109 -2.226 4.453 -1.209 -2.791 -1.673 -0.867 -1.068 -2.535 -1.774 -1.984
331 K -0.812 2.108 -0.254 -0.708 -1.963 0.821 0.328 -1.328 -0.229 -2.109 -2.226 4.453 -1.209 -2.791 -1.673 -0.867 -1.068 -2.535 -1.774 -1.984
332 N -1.645 -0.4 5.612 1.296 -1.832 -0.512 -0.711 -0.14 0.983 -2.698 -3.137 -0.281 -2.147 -2.36 -2.573 -0.104 -0.437 -2.952 -2.054 -2.546
333 G 3.078 -1.732 -1.18 -1.546 0.168 -1.569 -1.662 3.398 -1.282 -1.415 -1.86 -1.078 -1.343 -2.085 -1.834 0.06 -0.826 -2.426 -2.135 -0.548
334 H -1.634 2.993 0.198 -1.134 -2.295 0.095 -0.506 -1.819 6.895 -2.63 -2.379 0.497 -1.234 -1.284 -2.72 -1.506 -1.931 -1.677 0.919 -2.7
335 D -1.739 -1.103 0.987 4.777 -2.345 -0.602 0.634 -1.288 5.091 -2.689 -3.146 -0.793 -2.121 -2.041 -2.42 -1.132 -1.645 -2.648 -0.537 -2.906
336 K -0.812 2.108 -0.254 -0.708 -1.963 0.821 0.328 -1.328 -0.229 -2.109 -2.226 4.453 -1.209 -2.791 -1.673 -0.867 -1.068 -2.535 -1.774 -1.984
337 T -0.461 -1.606 -0.843 -1.559 0.048 -1.636 -1.949 -1.87 -1.77 2.27 0.178 -1.28 0.216 -0.835 -2.161 -0.086 3.255 -2.17 -1.545 1.406
338 G 3.078 -1.732 -1.18 -1.546 0.168 -1.569 -1.662 3.398 -1.282 -1.415 -1.86 -1.078 -1.343 -2.085 -1.834 0.06 -0.826 -2.426 -2.135 -0.548
339 Q -0.868 1.022 -0.078 -0.342 -1.897 4.831 1.406 -1.465 0.784 -2.226 -1.976 1.236 -0.389 -2.944 -2.137 -0.74 -0.961 -2.17 -1.271 -1.773
340 I -1.362 -3.086 -3.248 -3.166 -0.136 -3.195 -3.672 -3.465 -2.697 4.483 1.691 -2.664 1.286 0.232 -3.49 -3.062 -1.06 -2.17 -1.271 2.875
341 L -1.526 -2.172 -3.348 -3.606 -0.136 -2.626 -3.291 -3.368 -2.299 2.019 4.014 -2.464 2.147 0.847 -3.59 -3.144 -1.566 -1.636 -1.042 1.12
342 V -0.219 -2.472 -2.915 -3.15 0.354 -2.573 -2.879 -2.941 -2.9 3.044 0.96 -2.374 0.846 -0.384 -3.157 -2.27 -0.437 -2.373 -1.271 4.086
343 L -1.022 -2.269 -3.196 -3.446 0.037 -2.608 -3.147 -3.219 -2.486 2.403 3.305 -2.433 1.775 0.492 -3.438 -2.822 -1.139 -1.861 -1.116 2.473
344 I -1.362 -3.086 -3.248 -3.166 -0.136 -3.195 -3.672 -3.465 -2.697 4.483 1.691 -2.664 1.286 0.232 -3.49 -3.062 -1.06 -2.17 -1.271 2.875
345 L -1.526 -2.172 -3.348 -3.606 -0.136 -2.626 -3.291 -3.368 -2.299 2.019 4.014 -2.464 2.147 0.847 -3.59 -3.144 -1.566 -1.636 -1.042 1.12
346 L -0.535 -1.784 -1.348 -1.948 -0.403 -2.018 -2.099 -1.723 -1.082 0.556 1.847 -1.714 0.718 3.837 -2.879 0.63 -0.585 -0.726 0.844 -0.039
347 C -0.433 -3.324 -2.95 -3.404 9.664 -3.444 -3.91 -2.149 -2.936 -0.717 -1.047 -3.099 -1.064 -2.013 -3.192 -1.656 -1.302 -3.22 -2.782 -0.395
348 H -1.693 -0.343 0.474 -0.947 -2.32 -0.151 -0.486 -1.683 7.972 -2.647 -2.581 -0.751 -1.247 -0.838 -2.735 -1.565 -2.212 -1.44 1.681 -3.021
349 I -0.929 -2.867 -3.133 -3.161 0.037 -2.972 -3.383 -3.279 -2.763 4.078 1.467 -2.564 1.146 0.041 -3.375 -2.773 -0.837 -2.236 -1.271 3.337
350 L -1.526 -2.172 -3.348 -3.606 -0.136 -2.626 -3.291 -3.368 -2.299 2.019 4.014 -2.464 2.147 0.847 -3.59 -3.144 -1.566 -1.636 -1.042 1.12
351 I -1.362 -3.086 -3.248 -3.166 -0.136 -3.195 -3.672 -3.465 -2.697 4.483 1.691 -2.664 1.286 0.232 -3.49 -3.062 -1.06 -2.17 -1.271 2.875
352 S 1.082 -0.727 0.511 -0.234 0.087 -0.555 -0.541 -0.092 -0.446 -1.897 -2.314 -0.271 -1.172 -1.929 -1.461 3.212 1.025 -2.535 -1.741 -1.278
353 F -2.32 -2.882 -2.846 -3.3 -1.36 -3.85 -3.468 -2.86 -0.814 0.291 0.579 -3.29 0.216 6.492 -4.434 -3.016 -2.356 0.866 2.945 -0.493
354 I -1.362 -3.086 -3.248 -3.166 -0.136 -3.195 -3.672 -3.465 -2.697 4.483 1.691 -2.664 1.286 0.232 -3.49 -3.062 -1.06 -2.17 -1.271 2.875
355 T -0.098 -1.078 -0.124 -1.0 0.136 -1.089 -1.363 -1.314 -1.399 -0.21 -1.043 -0.776 -0.517 -1.566 -1.673 0.719 4.201 -2.17 -1.692 0.244
356 Y -1.798 -1.763 -2.111 -3.008 -1.737 -1.769 -2.349 -2.918 2.119 -0.789 -0.896 -1.859 -0.668 3.363 -3.319 -2.423 -2.075 2.323 6.624 -0.965
357 Y -1.798 -1.763 -2.111 -3.008 -1.737 -1.769 -2.349 -2.918 2.119 -0.789 -0.896 -1.859 -0.668 3.363 -3.319 -2.423 -2.075 2.323 6.624 -0.965
358 S 1.082 -0.727 0.511 -0.234 0.087 -0.555 -0.541 -0.092 -0.446 -1.897 -2.314 -0.271 -1.172 -1.929 -1.461 3.212 1.025 -2.535 -1.741 -1.278
359 S 1.082 -0.727 0.511 -0.234 0.087 -0.555 -0.541 -0.092 -0.446 -1.897 -2.314 -0.271 -1.172 -1.929 -1.461 3.212 1.025 -2.535 -1.741 -1.278
360 P -0.822 -1.999 -1.919 -1.549 -1.443 -1.919 -1.608 -1.838 -1.593 -2.303 -2.736 -1.05 -2.389 -3.321 6.648 -1.437 -1.334 -4.535 -2.621 -2.147
361 L -1.526 -2.172 -3.348 -3.606 -0.136 -2.626 -3.291 -3.368 -2.299 2.019 4.014 -2.464 2.147 0.847 -3.59 -3.144 -1.566 -1.636 -1.042 1.12
362 I -1.362 -3.086 -3.248 -3.166 -0.136 -3.195 -3.672 -3.465 -2.697 4.483 1.691 -2.664 1.286 0.232 -3.49 -3.062 -1.06 -2.17 -1.271 2.875
363 P 0.289 -1.288 -0.45 -0.813 -0.573 -1.152 -1.02 -0.83 -0.958 -2.088 -2.512 -0.629 -1.712 -2.537 4.812 1.723 0.085 -3.36 -2.143 -1.675
364 L -1.521 -2.167 -3.343 -3.601 -0.131 -2.621 -3.286 -3.363 -2.294 2.024 4.006 -2.459 2.152 0.852 -3.585 -3.139 -1.561 -1.631 -1.037 1.125
365 V -0.214 -2.467 -2.91 -3.145 0.359 -2.568 -2.874 -2.936 -2.896 3.049 0.964 -2.369 0.851 -0.379 -3.152 -2.265 -0.432 -2.368 -1.266 4.073
366 F -2.315 -2.877 -2.841 -3.295 -1.355 -3.845 -3.463 -2.855 -0.809 0.296 0.584 -3.285 0.221 6.484 -4.429 -3.011 -2.351 0.871 2.95 -0.488
367 I -1.358 -3.082 -3.243 -3.162 -0.131 -3.19 -3.668 -3.46 -2.692 4.47 1.696 -2.659 1.29 0.237 -3.485 -3.057 -1.056 -2.165 -1.266 2.879
368 N -1.641 -0.396 5.602 1.301 -1.827 -0.508 -0.706 -0.135 0.988 -2.693 -3.132 -0.276 -2.142 -2.355 -2.568 -0.099 -0.432 -2.947 -2.05 -2.541
369 T -0.093 -1.073 -0.12 -0.995 0.141 -1.084 -1.359 -1.31 -1.394 -0.205 -1.038 -0.772 -0.513 -1.561 -1.668 0.724 4.186 -2.165 -1.687 0.249