#Seq2Logo.py -f /work3/idamei/ssn-clusterings/clustering/2205181315/clusters/0008_86/sequences.afa -o /work3/idamei/ssn-clusterings/clustering/2205181315/clusters/0008_86/sequences.logo
Last position-specific scoring matrix computed, values are in halfbits
A R N D C Q E G H I L K M F P S T W Y V
0 L -1.066 -1.369 -2.345 -2.799 -0.154 -1.037 -2.339 -2.569 -0.954 1.618 2.149 -1.438 5.537 0.482 -3.228 -2.002 -1.031 -1.292 -0.818 1.004
1 Y -1.778 -1.553 0.746 -1.975 -1.749 -1.579 -2.086 -2.386 1.999 -0.969 -1.097 -1.608 -0.816 3.034 -3.214 -2.009 -1.812 2.003 6.259 -1.121
2 F -2.32 -2.882 -2.846 -3.3 -1.36 -3.85 -3.468 -2.86 -0.814 0.291 0.579 -3.29 0.216 6.492 -4.434 -3.016 -2.356 0.866 2.945 -0.493
3 L -1.526 -2.172 -3.348 -3.606 -0.136 -2.626 -3.291 -3.368 -2.299 2.019 4.014 -2.464 2.147 0.847 -3.59 -3.144 -1.566 -1.636 -1.042 1.12
4 L -1.526 -2.172 -3.348 -3.606 -0.136 -2.626 -3.291 -3.368 -2.299 2.019 4.014 -2.464 2.147 0.847 -3.59 -3.144 -1.566 -1.636 -1.042 1.12
5 F -2.32 -2.882 -2.846 -3.3 -1.36 -3.85 -3.468 -2.86 -0.814 0.291 0.579 -3.29 0.216 6.492 -4.434 -3.016 -2.356 0.866 2.945 -0.493
6 F -2.32 -2.882 -2.846 -3.3 -1.36 -3.85 -3.468 -2.86 -0.814 0.291 0.579 -3.29 0.216 6.492 -4.434 -3.016 -2.356 0.866 2.945 -0.493
7 S 1.082 -0.727 0.511 -0.234 0.087 -0.555 -0.541 -0.092 -0.446 -1.897 -2.314 -0.271 -1.172 -1.929 -1.461 3.212 1.025 -2.535 -1.741 -1.278
8 I -1.362 -3.086 -3.248 -3.166 -0.136 -3.195 -3.672 -3.465 -2.697 4.483 1.691 -2.664 1.286 0.232 -3.49 -3.062 -1.06 -2.17 -1.271 2.875
9 F -2.005 -2.934 -2.859 -3.313 4.076 -3.796 -3.52 -2.761 -1.008 0.183 0.419 -3.265 0.084 6.128 -4.246 -2.807 -2.201 0.579 2.616 -0.481
10 Y -1.798 -1.763 -2.111 -3.008 -1.737 -1.769 -2.349 -2.918 2.119 -0.789 -0.896 -1.859 -0.668 3.363 -3.319 -2.423 -2.075 2.323 6.624 -0.965
11 F -2.32 -2.882 -2.846 -3.3 -1.36 -3.85 -3.468 -2.86 -0.814 0.291 0.579 -3.29 0.216 6.492 -4.434 -3.016 -2.356 0.866 2.945 -0.493
12 V -0.354 -2.433 -2.966 -3.203 0.297 -2.579 -2.928 -2.991 -2.818 2.934 1.569 -2.385 1.044 -0.198 -3.208 -2.366 -0.556 -2.27 -1.241 3.845
13 Y -1.798 -1.763 -2.111 -3.008 -1.737 -1.769 -2.349 -2.918 2.119 -0.789 -0.896 -1.859 -0.668 3.363 -3.319 -2.423 -2.075 2.323 6.624 -0.965
14 V -0.219 -2.472 -2.915 -3.15 0.354 -2.573 -2.879 -2.941 -2.9 3.044 0.96 -2.374 0.846 -0.384 -3.157 -2.27 -0.437 -2.373 -1.271 4.086
15 I -1.171 -2.745 -2.618 -2.789 -0.1 -2.831 -3.261 -3.091 -2.499 4.177 1.461 -2.349 1.113 0.06 -3.19 -2.221 0.383 -2.17 -1.32 2.65
16 L -1.04 -1.946 -2.48 -2.9 -0.107 -2.27 -2.767 -2.692 -1.991 1.738 3.674 -2.08 1.889 0.615 -3.221 -1.135 -1.084 -1.734 -1.12 0.909
17 I -1.362 -3.086 -3.248 -3.166 -0.136 -3.195 -3.672 -3.465 -2.697 4.483 1.691 -2.664 1.286 0.232 -3.49 -3.062 -1.06 -2.17 -1.271 2.875
18 G 0.104 -2.343 -0.426 -1.308 -1.306 -2.181 -2.608 5.796 -1.462 -3.201 -3.446 -1.636 -2.652 -2.664 -2.765 -0.988 -1.905 -2.426 -3.134 -2.85
19 T -0.203 -1.113 -0.325 -1.172 0.101 -1.082 -1.469 -1.445 -1.339 0.093 -0.392 -0.851 1.325 -1.215 -1.827 0.49 3.882 -2.045 -1.567 0.35
20 L -1.526 -2.172 -3.348 -3.606 -0.136 -2.626 -3.291 -3.368 -2.299 2.019 4.014 -2.464 2.147 0.847 -3.59 -3.144 -1.566 -1.636 -1.042 1.12
21 C -0.612 -3.265 -2.937 -3.391 9.288 -3.492 -3.851 -2.229 -2.568 -0.57 -0.786 -3.122 -0.869 1.395 -3.321 -1.795 -1.415 -2.27 -1.111 -0.407
22 H -1.687 -0.35 1.86 -0.551 -2.254 -0.194 -0.513 -1.438 7.623 -2.653 -2.645 -0.688 -1.345 -0.99 -2.714 -1.337 -1.921 -1.591 1.407 -2.957
23 N -1.645 -0.4 5.612 1.296 -1.832 -0.512 -0.711 -0.14 0.983 -2.698 -3.137 -0.281 -2.147 -2.36 -2.573 -0.104 -0.437 -2.952 -2.054 -2.546
24 Y -1.798 -1.763 -2.111 -3.008 -1.737 -1.769 -2.349 -2.918 2.119 -0.789 -0.896 -1.859 -0.668 3.363 -3.319 -2.423 -2.075 2.323 6.624 -0.965
25 K -0.812 2.108 -0.254 -0.708 -1.963 0.821 0.328 -1.328 -0.229 -2.109 -2.226 4.453 -1.209 -2.791 -1.673 -0.867 -1.068 -2.535 -1.774 -1.984
26 A 3.596 -1.577 -1.779 -1.821 0.654 -1.437 -1.441 0.13 -1.362 0.053 -0.906 -0.987 -0.582 -1.607 -1.626 0.239 -0.411 -2.419 -1.678 1.048
27 L -1.526 -2.172 -3.348 -3.606 -0.136 -2.626 -3.291 -3.368 -2.299 2.019 4.014 -2.464 2.147 0.847 -3.59 -3.144 -1.566 -1.636 -1.042 1.12
28 L -1.526 -2.172 -3.348 -3.606 -0.136 -2.626 -3.291 -3.368 -2.299 2.019 4.014 -2.464 2.147 0.847 -3.59 -3.144 -1.566 -1.636 -1.042 1.12
29 I -1.362 -3.086 -3.248 -3.166 -0.136 -3.195 -3.672 -3.465 -2.697 4.483 1.691 -2.664 1.286 0.232 -3.49 -3.062 -1.06 -2.17 -1.271 2.875
30 F -2.32 -2.882 -2.846 -3.3 -1.36 -3.85 -3.468 -2.86 -0.814 0.291 0.579 -3.29 0.216 6.492 -4.434 -3.016 -2.356 0.866 2.945 -0.493
31 S 1.082 -0.727 0.511 -0.234 0.087 -0.555 -0.541 -0.092 -0.446 -1.897 -2.314 -0.271 -1.172 -1.929 -1.461 3.212 1.025 -2.535 -1.741 -1.278
32 L -1.526 -2.172 -3.348 -3.606 -0.136 -2.626 -3.291 -3.368 -2.299 2.019 4.014 -2.464 2.147 0.847 -3.59 -3.144 -1.566 -1.636 -1.042 1.12
33 I -1.362 -3.086 -3.248 -3.166 -0.136 -3.195 -3.672 -3.465 -2.697 4.483 1.691 -2.664 1.286 0.232 -3.49 -3.062 -1.06 -2.17 -1.271 2.875
34 P -0.822 -1.999 -1.919 -1.549 -1.443 -1.919 -1.608 -1.838 -1.593 -2.303 -2.736 -1.05 -2.389 -3.321 6.648 -1.437 -1.334 -4.535 -2.621 -2.147
35 L -1.428 -2.15 -3.126 -3.253 -0.27 -2.527 -3.019 -3.126 -2.201 1.725 3.668 -2.244 1.846 0.558 1.178 -2.867 -1.536 -1.874 -1.198 0.865
36 T -0.098 -1.078 -0.124 -1.0 0.136 -1.089 -1.363 -1.314 -1.399 -0.21 -1.043 -0.776 -0.517 -1.566 -1.673 0.719 4.201 -2.17 -1.692 0.244
37 I -1.362 -3.086 -3.248 -3.166 -0.136 -3.195 -3.672 -3.465 -2.697 4.483 1.691 -2.664 1.286 0.232 -3.49 -3.062 -1.06 -2.17 -1.271 2.875
38 V -0.219 -2.472 -2.915 -3.15 0.354 -2.573 -2.879 -2.941 -2.9 3.044 0.96 -2.374 0.846 -0.384 -3.157 -2.27 -0.437 -2.373 -1.271 4.086
39 S 1.082 -0.727 0.511 -0.234 0.087 -0.555 -0.541 -0.092 -0.446 -1.897 -2.314 -0.271 -1.172 -1.929 -1.461 3.212 1.025 -2.535 -1.741 -1.278
40 G 0.066 -2.359 -0.642 -1.484 -1.038 -2.227 -2.64 5.43 -1.607 -1.254 -2.373 -1.719 -1.906 -2.259 -2.811 -1.12 -1.675 -2.419 -2.824 -0.5
41 I -1.362 -3.086 -3.248 -3.166 -0.136 -3.195 -3.672 -3.465 -2.697 4.483 1.691 -2.664 1.286 0.232 -3.49 -3.062 -1.06 -2.17 -1.271 2.875
42 R -1.52 5.483 -0.448 -1.549 -2.245 0.532 -0.546 -2.114 0.113 -2.597 -2.013 2.033 -1.209 -2.458 -2.69 -1.392 -1.439 -2.22 -1.758 -2.147
43 Y -1.798 -1.763 -2.111 -3.008 -1.737 -1.769 -2.349 -2.918 2.119 -0.789 -0.896 -1.859 -0.668 3.363 -3.319 -2.423 -2.075 2.323 6.624 -0.965
44 N -1.645 -0.4 5.612 1.296 -1.832 -0.512 -0.711 -0.14 0.983 -2.698 -3.137 -0.281 -2.147 -2.36 -2.573 -0.104 -0.437 -2.952 -2.054 -2.546
45 V -0.219 -2.472 -2.915 -3.15 0.354 -2.573 -2.879 -2.941 -2.9 3.044 0.96 -2.374 0.846 -0.384 -3.157 -2.27 -0.437 -2.373 -1.271 4.086
46 G 0.104 -2.343 -0.426 -1.308 -1.306 -2.181 -2.608 5.796 -1.462 -3.201 -3.446 -1.636 -2.652 -2.664 -2.765 -0.988 -1.905 -2.426 -3.134 -2.85
47 F -2.181 -2.907 -2.893 -3.283 -1.175 -3.759 -3.493 -2.929 -0.992 1.281 0.744 -3.204 0.373 6.153 -4.297 -3.022 -2.159 0.621 2.654 0.212
48 D -1.763 -1.574 1.213 5.811 -2.358 -0.858 1.065 -1.109 -0.522 -2.711 -3.477 -0.815 -2.683 -2.905 -2.275 -0.938 -1.398 -3.517 -3.029 -2.85
49 F -2.32 -2.882 -2.846 -3.3 -1.36 -3.85 -3.468 -2.86 -0.814 0.291 0.579 -3.29 0.216 6.492 -4.434 -3.016 -2.356 0.866 2.945 -0.493
50 L -1.066 -1.369 -2.345 -2.799 -0.154 -1.037 -2.339 -2.569 -0.954 1.618 2.149 -1.438 5.537 0.482 -3.228 -2.002 -1.031 -1.292 -0.818 1.004
51 S 1.082 -0.727 0.511 -0.234 0.087 -0.555 -0.541 -0.092 -0.446 -1.897 -2.314 -0.271 -1.172 -1.929 -1.461 3.212 1.025 -2.535 -1.741 -1.278
52 Y -1.798 -1.763 -2.111 -3.008 -1.737 -1.769 -2.349 -2.918 2.119 -0.789 -0.896 -1.859 -0.668 3.363 -3.319 -2.423 -2.075 2.323 6.624 -0.965
53 V -0.219 -2.472 -2.915 -3.15 0.354 -2.573 -2.879 -2.941 -2.9 3.044 0.96 -2.374 0.846 -0.384 -3.157 -2.27 -0.437 -2.373 -1.271 4.086
54 D -1.763 -1.574 1.213 5.811 -2.358 -0.858 1.065 -1.109 -0.522 -2.711 -3.477 -0.815 -2.683 -2.905 -2.275 -0.938 -1.398 -3.517 -3.029 -2.85
55 Y -1.798 -1.763 -2.111 -3.008 -1.737 -1.769 -2.349 -2.918 2.119 -0.789 -0.896 -1.859 -0.668 3.363 -3.319 -2.423 -2.075 2.323 6.624 -0.965
56 F -2.32 -2.882 -2.846 -3.3 -1.36 -3.85 -3.468 -2.86 -0.814 0.291 0.579 -3.29 0.216 6.492 -4.434 -3.016 -2.356 0.866 2.945 -0.493
57 N -1.645 -0.4 5.612 1.296 -1.832 -0.512 -0.711 -0.14 0.983 -2.698 -3.137 -0.281 -2.147 -2.36 -2.573 -0.104 -0.437 -2.952 -2.054 -2.546
58 Q -0.868 1.022 -0.078 -0.342 -1.897 4.831 1.406 -1.465 0.784 -2.226 -1.976 1.236 -0.389 -2.944 -2.137 -0.74 -0.961 -2.17 -1.271 -1.773
59 L -1.526 -2.172 -3.348 -3.606 -0.136 -2.626 -3.291 -3.368 -2.299 2.019 4.014 -2.464 2.147 0.847 -3.59 -3.144 -1.566 -1.636 -1.042 1.12
60 K -0.812 2.108 -0.254 -0.708 -1.963 0.821 0.328 -1.328 -0.229 -2.109 -2.226 4.453 -1.209 -2.791 -1.673 -0.867 -1.068 -2.535 -1.774 -1.984
61 Y -1.798 -1.763 -2.111 -3.008 -1.737 -1.769 -2.349 -2.918 2.119 -0.789 -0.896 -1.859 -0.668 3.363 -3.319 -2.423 -2.075 2.323 6.624 -0.965
62 S 0.959 -0.768 0.439 -0.32 0.093 -0.617 -0.632 -0.219 -0.549 -1.624 -2.121 -0.329 -1.082 -1.881 -1.487 2.995 1.671 -2.487 -1.735 -1.038
63 N -1.689 -0.787 4.61 3.844 -2.018 -0.637 0.088 -0.467 0.506 -2.703 -3.26 -0.47 -2.337 -2.553 -2.458 -0.389 -0.761 -3.151 -2.382 -2.656
64 D -1.64 -1.344 1.06 5.518 -2.363 -0.468 1.778 -1.2 -0.388 -2.716 -3.366 -0.578 -2.547 -2.864 -2.221 -0.917 -1.384 -3.346 -2.86 -2.748
65 I -1.362 -3.086 -3.248 -3.166 -0.136 -3.195 -3.672 -3.465 -2.697 4.483 1.691 -2.664 1.286 0.232 -3.49 -3.062 -1.06 -2.17 -1.271 2.875
66 Y -1.798 -1.763 -2.111 -3.008 -1.737 -1.769 -2.349 -2.918 2.119 -0.789 -0.896 -1.859 -0.668 3.363 -3.319 -2.423 -2.075 2.323 6.624 -0.965
67 L -1.526 -2.172 -3.348 -3.606 -0.136 -2.626 -3.291 -3.368 -2.299 2.019 4.014 -2.464 2.147 0.847 -3.59 -3.144 -1.566 -1.636 -1.042 1.12
68 D -1.763 -1.574 1.213 5.811 -2.358 -0.858 1.065 -1.109 -0.522 -2.711 -3.477 -0.815 -2.683 -2.905 -2.275 -0.938 -1.398 -3.517 -3.029 -2.85
69 S 0.847 -0.82 0.609 1.604 -0.127 -0.592 -0.284 -0.201 -0.455 -1.987 -2.436 -0.333 -1.323 -2.034 -1.551 2.923 0.813 -2.641 -1.874 -1.434
70 T -0.098 -1.078 -0.124 -1.0 0.136 -1.089 -1.363 -1.314 -1.399 -0.21 -1.043 -0.776 -0.517 -1.566 -1.673 0.719 4.201 -2.17 -1.692 0.244
71 F -2.32 -2.882 -2.846 -3.3 -1.36 -3.85 -3.468 -2.86 -0.814 0.291 0.579 -3.29 0.216 6.492 -4.434 -3.016 -2.356 0.866 2.945 -0.493
72 K -0.812 2.108 -0.254 -0.708 -1.963 0.821 0.328 -1.328 -0.229 -2.109 -2.226 4.453 -1.209 -2.791 -1.673 -0.867 -1.068 -2.535 -1.774 -1.984
73 Y -1.798 -1.763 -2.111 -3.008 -1.737 -1.769 -2.349 -2.918 2.119 -0.789 -0.896 -1.859 -0.668 3.363 -3.319 -2.423 -2.075 2.323 6.624 -0.965
74 I -1.362 -3.086 -3.248 -3.166 -0.136 -3.195 -3.672 -3.465 -2.697 4.483 1.691 -2.664 1.286 0.232 -3.49 -3.062 -1.06 -2.17 -1.271 2.875
75 S 1.082 -0.727 0.511 -0.234 0.087 -0.555 -0.541 -0.092 -0.446 -1.897 -2.314 -0.271 -1.172 -1.929 -1.461 3.212 1.025 -2.535 -1.741 -1.278
76 Y -1.798 -1.763 -2.111 -3.008 -1.737 -1.769 -2.349 -2.918 2.119 -0.789 -0.896 -1.859 -0.668 3.363 -3.319 -2.423 -2.075 2.323 6.624 -0.965
77 F -2.32 -2.882 -2.846 -3.3 -1.36 -3.85 -3.468 -2.86 -0.814 0.291 0.579 -3.29 0.216 6.492 -4.434 -3.016 -2.356 0.866 2.945 -0.493
78 T 0.079 -1.032 -0.037 -0.892 0.13 -1.016 -1.247 -1.13 -1.261 -0.374 -1.174 -0.708 -0.592 -1.609 -1.645 1.176 3.95 -2.213 -1.698 0.092
79 Y -1.798 -1.763 -2.111 -3.008 -1.737 -1.769 -2.349 -2.918 2.119 -0.789 -0.896 -1.859 -0.668 3.363 -3.319 -2.423 -2.075 2.323 6.624 -0.965
80 Y -1.798 -1.763 -2.111 -3.008 -1.737 -1.769 -2.349 -2.918 2.119 -0.789 -0.896 -1.859 -0.668 3.363 -3.319 -2.423 -2.075 2.323 6.624 -0.965
81 I -1.362 -3.086 -3.248 -3.166 -0.136 -3.195 -3.672 -3.465 -2.697 4.483 1.691 -2.664 1.286 0.232 -3.49 -3.062 -1.06 -2.17 -1.271 2.875
82 G 0.104 -2.343 -0.426 -1.308 -1.306 -2.181 -2.608 5.796 -1.462 -3.201 -3.446 -1.636 -2.652 -2.664 -2.765 -0.988 -1.905 -2.426 -3.134 -2.85
83 G 0.104 -2.343 -0.426 -1.308 -1.306 -2.181 -2.608 5.796 -1.462 -3.201 -3.446 -1.636 -2.652 -2.664 -2.765 -0.988 -1.905 -2.426 -3.134 -2.85
84 N -1.645 -0.4 5.612 1.296 -1.832 -0.512 -0.711 -0.14 0.983 -2.698 -3.137 -0.281 -2.147 -2.36 -2.573 -0.104 -0.437 -2.952 -2.054 -2.546
85 E -0.905 -0.107 -0.324 1.532 -2.397 1.361 4.46 -1.935 0.407 -2.75 -2.688 0.691 -1.739 -2.593 -1.867 -0.777 -1.286 -2.373 -1.893 -2.12
86 Q -0.868 1.022 -0.078 -0.342 -1.897 4.831 1.406 -1.465 0.784 -2.226 -1.976 1.236 -0.389 -2.944 -2.137 -0.74 -0.961 -2.17 -1.271 -1.773
87 I -1.362 -3.086 -3.248 -3.166 -0.136 -3.195 -3.672 -3.465 -2.697 4.483 1.691 -2.664 1.286 0.232 -3.49 -3.062 -1.06 -2.17 -1.271 2.875
88 L -1.327 -2.208 -3.29 -3.545 -0.07 -2.619 -3.236 -3.311 -2.368 2.169 3.768 -2.452 2.013 0.719 -3.532 -3.019 -1.398 -1.719 -1.069 1.704
89 F -2.32 -2.882 -2.846 -3.3 -1.36 -3.85 -3.468 -2.86 -0.814 0.291 0.579 -3.29 0.216 6.492 -4.434 -3.016 -2.356 0.866 2.945 -0.493
90 L -1.526 -2.172 -3.348 -3.606 -0.136 -2.626 -3.291 -3.368 -2.299 2.019 4.014 -2.464 2.147 0.847 -3.59 -3.144 -1.566 -1.636 -1.042 1.12
91 I -1.362 -3.086 -3.248 -3.166 -0.136 -3.195 -3.672 -3.465 -2.697 4.483 1.691 -2.664 1.286 0.232 -3.49 -3.062 -1.06 -2.17 -1.271 2.875
92 Y -1.798 -1.763 -2.111 -3.008 -1.737 -1.769 -2.349 -2.918 2.119 -0.789 -0.896 -1.859 -0.668 3.363 -3.319 -2.423 -2.075 2.323 6.624 -0.965
93 A 3.883 -1.469 -1.648 -1.673 0.694 -1.306 -1.284 0.388 -1.197 -0.816 -1.307 -0.834 -0.859 -1.834 -1.461 0.469 -0.408 -2.426 -1.741 0.153
94 V -0.34 -2.542 -2.955 -3.152 0.297 -2.644 -2.967 -3.001 -2.874 3.268 1.062 -2.409 0.905 -0.299 -3.197 -2.358 -0.508 -2.347 -1.271 3.96
95 F -2.32 -2.882 -2.846 -3.3 -1.36 -3.85 -3.468 -2.86 -0.814 0.291 0.579 -3.29 0.216 6.492 -4.434 -3.016 -2.356 0.866 2.945 -0.493
96 Y -1.798 -1.763 -2.111 -3.008 -1.737 -1.769 -2.349 -2.918 2.119 -0.789 -0.896 -1.859 -0.668 3.363 -3.319 -2.423 -2.075 2.323 6.624 -0.965
97 S 1.082 -0.727 0.511 -0.234 0.087 -0.555 -0.541 -0.092 -0.446 -1.897 -2.314 -0.271 -1.172 -1.929 -1.461 3.212 1.025 -2.535 -1.741 -1.278
98 V 0.737 -2.326 -2.723 -2.919 0.399 -2.381 -2.625 -2.248 -2.624 2.765 0.756 -2.13 0.68 -0.53 -2.882 -1.749 -0.433 -2.379 -1.325 3.804
99 A 3.883 -1.469 -1.648 -1.673 0.694 -1.306 -1.284 0.388 -1.197 -0.816 -1.307 -0.834 -0.859 -1.834 -1.461 0.469 -0.408 -2.426 -1.741 0.153
100 L -1.526 -2.172 -3.348 -3.606 -0.136 -2.626 -3.291 -3.368 -2.299 2.019 4.014 -2.464 2.147 0.847 -3.59 -3.144 -1.566 -1.636 -1.042 1.12
101 Y -1.798 -1.763 -2.111 -3.008 -1.737 -1.769 -2.349 -2.918 2.119 -0.789 -0.896 -1.859 -0.668 3.363 -3.319 -2.423 -2.075 2.323 6.624 -0.965
102 F -2.32 -2.882 -2.846 -3.3 -1.36 -3.85 -3.468 -2.86 -0.814 0.291 0.579 -3.29 0.216 6.492 -4.434 -3.016 -2.356 0.866 2.945 -0.493
103 L -1.526 -2.172 -3.348 -3.606 -0.136 -2.626 -3.291 -3.368 -2.299 2.019 4.014 -2.464 2.147 0.847 -3.59 -3.144 -1.566 -1.636 -1.042 1.12
104 I -1.362 -3.086 -3.248 -3.166 -0.136 -3.195 -3.672 -3.465 -2.697 4.483 1.691 -2.664 1.286 0.232 -3.49 -3.062 -1.06 -2.17 -1.271 2.875
105 K -0.812 2.108 -0.254 -0.708 -1.963 0.821 0.328 -1.328 -0.229 -2.109 -2.226 4.453 -1.209 -2.791 -1.673 -0.867 -1.068 -2.535 -1.774 -1.984
106 L -1.526 -2.172 -3.348 -3.606 -0.136 -2.626 -3.291 -3.368 -2.299 2.019 4.014 -2.464 2.147 0.847 -3.59 -3.144 -1.566 -1.636 -1.042 1.12
107 V -0.219 -2.472 -2.915 -3.15 0.354 -2.573 -2.879 -2.941 -2.9 3.044 0.96 -2.374 0.846 -0.384 -3.157 -2.27 -0.437 -2.373 -1.271 4.086
108 L -1.526 -2.172 -3.348 -3.606 -0.136 -2.626 -3.291 -3.368 -2.299 2.019 4.014 -2.464 2.147 0.847 -3.59 -3.144 -1.566 -1.636 -1.042 1.12
109 E -0.905 -0.107 -0.324 1.532 -2.397 1.361 4.46 -1.935 0.407 -2.75 -2.688 0.691 -1.739 -2.593 -1.867 -0.777 -1.286 -2.373 -1.893 -2.12
110 N -1.645 -0.4 5.612 1.296 -1.832 -0.512 -0.711 -0.14 0.983 -2.698 -3.137 -0.281 -2.147 -2.36 -2.573 -0.104 -0.437 -2.952 -2.054 -2.546
111 Y -1.798 -1.763 -2.111 -3.008 -1.737 -1.769 -2.349 -2.918 2.119 -0.789 -0.896 -1.859 -0.668 3.363 -3.319 -2.423 -2.075 2.323 6.624 -0.965
112 I -1.362 -3.086 -3.248 -3.166 -0.136 -3.195 -3.672 -3.465 -2.697 4.483 1.691 -2.664 1.286 0.232 -3.49 -3.062 -1.06 -2.17 -1.271 2.875
113 T -0.098 -1.078 -0.124 -1.0 0.136 -1.089 -1.363 -1.314 -1.399 -0.21 -1.043 -0.776 -0.517 -1.566 -1.673 0.719 4.201 -2.17 -1.692 0.244
114 E -0.975 1.495 -0.339 1.285 -2.377 1.269 4.147 -1.957 0.372 -2.73 -2.595 0.897 -1.667 -2.576 -1.958 -0.847 -1.305 -2.353 -1.876 -2.123
115 I -1.362 -3.086 -3.248 -3.166 -0.136 -3.195 -3.672 -3.465 -2.697 4.483 1.691 -2.664 1.286 0.232 -3.49 -3.062 -1.06 -2.17 -1.271 2.875
116 N -1.645 -0.4 5.612 1.296 -1.832 -0.512 -0.711 -0.14 0.983 -2.698 -3.137 -0.281 -2.147 -2.36 -2.573 -0.104 -0.437 -2.952 -2.054 -2.546
117 N -1.645 -0.4 5.612 1.296 -1.832 -0.512 -0.711 -0.14 0.983 -2.698 -3.137 -0.281 -2.147 -2.36 -2.573 -0.104 -0.437 -2.952 -2.054 -2.546
118 F -2.32 -2.882 -2.846 -3.3 -1.36 -3.85 -3.468 -2.86 -0.814 0.291 0.579 -3.29 0.216 6.492 -4.434 -3.016 -2.356 0.866 2.945 -0.493
119 Y -1.798 -1.763 -2.111 -3.008 -1.737 -1.769 -2.349 -2.918 2.119 -0.789 -0.896 -1.859 -0.668 3.363 -3.319 -2.423 -2.075 2.323 6.624 -0.965
120 T -0.113 -1.22 -0.357 -1.196 0.164 -1.237 -1.515 -1.474 -1.549 0.46 -0.702 -0.934 -0.307 -1.389 -1.821 0.477 3.897 -2.195 -1.636 1.106
121 I -1.192 -3.002 -3.204 -3.164 -0.07 -3.11 -3.56 -3.394 -2.721 4.337 1.609 -2.626 1.234 0.162 -3.446 -2.95 -0.975 -2.195 -1.271 3.057
122 G 0.104 -2.343 -0.426 -1.308 -1.306 -2.181 -2.608 5.796 -1.462 -3.201 -3.446 -1.636 -2.652 -2.664 -2.765 -0.988 -1.905 -2.426 -3.134 -2.85
123 L -1.526 -2.172 -3.348 -3.606 -0.136 -2.626 -3.291 -3.368 -2.299 2.019 4.014 -2.464 2.147 0.847 -3.59 -3.144 -1.566 -1.636 -1.042 1.12
124 V -0.354 -2.433 -2.966 -3.203 0.297 -2.579 -2.928 -2.991 -2.818 2.934 1.569 -2.385 1.044 -0.198 -3.208 -2.366 -0.556 -2.27 -1.241 3.845
125 L -1.526 -2.172 -3.348 -3.606 -0.136 -2.626 -3.291 -3.368 -2.299 2.019 4.014 -2.464 2.147 0.847 -3.59 -3.144 -1.566 -1.636 -1.042 1.12
126 S 1.082 -0.727 0.511 -0.234 0.087 -0.555 -0.541 -0.092 -0.446 -1.897 -2.314 -0.271 -1.172 -1.929 -1.461 3.212 1.025 -2.535 -1.741 -1.278
127 F -2.32 -2.882 -2.846 -3.3 -1.36 -3.85 -3.468 -2.86 -0.814 0.291 0.579 -3.29 0.216 6.492 -4.434 -3.016 -2.356 0.866 2.945 -0.493
128 Y -1.798 -1.763 -2.111 -3.008 -1.737 -1.769 -2.349 -2.918 2.119 -0.789 -0.896 -1.859 -0.668 3.363 -3.319 -2.423 -2.075 2.323 6.624 -0.965
129 S 1.082 -0.727 0.511 -0.234 0.087 -0.555 -0.541 -0.092 -0.446 -1.897 -2.314 -0.271 -1.172 -1.929 -1.461 3.212 1.025 -2.535 -1.741 -1.278
130 F -2.32 -2.882 -2.846 -3.3 -1.36 -3.85 -3.468 -2.86 -0.814 0.291 0.579 -3.29 0.216 6.492 -4.434 -3.016 -2.356 0.866 2.945 -0.493
131 Y -1.798 -1.763 -2.111 -3.008 -1.737 -1.769 -2.349 -2.918 2.119 -0.789 -0.896 -1.859 -0.668 3.363 -3.319 -2.423 -2.075 2.323 6.624 -0.965
132 F -2.32 -2.882 -2.846 -3.3 -1.36 -3.85 -3.468 -2.86 -0.814 0.291 0.579 -3.29 0.216 6.492 -4.434 -3.016 -2.356 0.866 2.945 -0.493
133 L -1.526 -2.172 -3.348 -3.606 -0.136 -2.626 -3.291 -3.368 -2.299 2.019 4.014 -2.464 2.147 0.847 -3.59 -3.144 -1.566 -1.636 -1.042 1.12
134 L -1.526 -2.172 -3.348 -3.606 -0.136 -2.626 -3.291 -3.368 -2.299 2.019 4.014 -2.464 2.147 0.847 -3.59 -3.144 -1.566 -1.636 -1.042 1.12
135 S 1.082 -0.727 0.511 -0.234 0.087 -0.555 -0.541 -0.092 -0.446 -1.897 -2.314 -0.271 -1.172 -1.929 -1.461 3.212 1.025 -2.535 -1.741 -1.278
136 F -2.32 -2.882 -2.846 -3.3 -1.36 -3.85 -3.468 -2.86 -0.814 0.291 0.579 -3.29 0.216 6.492 -4.434 -3.016 -2.356 0.866 2.945 -0.493
137 N -1.645 -0.4 5.612 1.296 -1.832 -0.512 -0.711 -0.14 0.983 -2.698 -3.137 -0.281 -2.147 -2.36 -2.573 -0.104 -0.437 -2.952 -2.054 -2.546
138 Q -0.868 1.022 -0.078 -0.342 -1.897 4.831 1.406 -1.465 0.784 -2.226 -1.976 1.236 -0.389 -2.944 -2.137 -0.74 -0.961 -2.17 -1.271 -1.773
139 I -1.362 -3.086 -3.248 -3.166 -0.136 -3.195 -3.672 -3.465 -2.697 4.483 1.691 -2.664 1.286 0.232 -3.49 -3.062 -1.06 -2.17 -1.271 2.875
140 R -1.52 5.483 -0.448 -1.549 -2.245 0.532 -0.546 -2.114 0.113 -2.597 -2.013 2.033 -1.209 -2.458 -2.69 -1.392 -1.439 -2.22 -1.758 -2.147
141 A 3.65 -1.365 -1.272 -1.449 0.625 -1.2 -1.18 0.332 -1.091 -0.931 -1.415 -0.757 -0.896 -1.846 -1.461 0.991 -0.185 -2.439 -1.741 0.008
142 V -0.021 -2.187 -2.192 -2.58 0.322 -2.229 -2.461 -2.39 -2.453 2.732 0.704 -2.011 0.659 -0.538 -2.882 -0.721 -0.208 -2.393 -1.325 3.764
143 L -1.526 -2.172 -3.348 -3.606 -0.136 -2.626 -3.291 -3.368 -2.299 2.019 4.014 -2.464 2.147 0.847 -3.59 -3.144 -1.566 -1.636 -1.042 1.12
144 S 1.082 -0.727 0.511 -0.234 0.087 -0.555 -0.541 -0.092 -0.446 -1.897 -2.314 -0.271 -1.172 -1.929 -1.461 3.212 1.025 -2.535 -1.741 -1.278
145 A 3.883 -1.469 -1.648 -1.673 0.694 -1.306 -1.284 0.388 -1.197 -0.816 -1.307 -0.834 -0.859 -1.834 -1.461 0.469 -0.408 -2.426 -1.741 0.153
146 L -1.526 -2.172 -3.348 -3.606 -0.136 -2.626 -3.291 -3.368 -2.299 2.019 4.014 -2.464 2.147 0.847 -3.59 -3.144 -1.566 -1.636 -1.042 1.12
147 I -1.382 -2.955 -3.261 -3.218 -0.136 -3.117 -3.622 -3.452 -2.644 4.268 2.106 -2.638 1.408 0.317 -3.503 -3.072 -1.119 -2.098 -1.241 2.705
148 L -1.526 -2.172 -3.348 -3.606 -0.136 -2.626 -3.291 -3.368 -2.299 2.019 4.014 -2.464 2.147 0.847 -3.59 -3.144 -1.566 -1.636 -1.042 1.12
149 C -0.433 -3.324 -2.95 -3.404 9.664 -3.444 -3.91 -2.149 -2.936 -0.717 -1.047 -3.099 -1.064 -2.013 -3.192 -1.656 -1.302 -3.22 -2.782 -0.395
150 Y -1.798 -1.763 -2.111 -3.008 -1.737 -1.769 -2.349 -2.918 2.119 -0.789 -0.896 -1.859 -0.668 3.363 -3.319 -2.423 -2.075 2.323 6.624 -0.965
151 G 0.104 -2.343 -0.426 -1.308 -1.306 -2.181 -2.608 5.796 -1.462 -3.201 -3.446 -1.636 -2.652 -2.664 -2.765 -0.988 -1.905 -2.426 -3.134 -2.85
152 L -1.526 -2.172 -3.348 -3.606 -0.136 -2.626 -3.291 -3.368 -2.299 2.019 4.014 -2.464 2.147 0.847 -3.59 -3.144 -1.566 -1.636 -1.042 1.12
153 L -1.526 -2.172 -3.348 -3.606 -0.136 -2.626 -3.291 -3.368 -2.299 2.019 4.014 -2.464 2.147 0.847 -3.59 -3.144 -1.566 -1.636 -1.042 1.12
154 K -0.812 2.108 -0.254 -0.708 -1.963 0.821 0.328 -1.328 -0.229 -2.109 -2.226 4.453 -1.209 -2.791 -1.673 -0.867 -1.068 -2.535 -1.774 -1.984
155 N -1.629 1.352 5.277 1.06 -1.88 -0.359 -0.69 -0.325 0.887 -2.685 -2.97 0.131 -2.012 -2.372 -2.587 -0.236 -0.545 -2.849 -2.016 -2.493
156 K -0.812 2.108 -0.254 -0.708 -1.963 0.821 0.328 -1.328 -0.229 -2.109 -2.226 4.453 -1.209 -2.791 -1.673 -0.867 -1.068 -2.535 -1.774 -1.984
157 I -1.288 -1.674 -2.656 -2.718 -0.31 -2.27 -2.753 -3.094 -2.246 4.139 1.41 -0.201 1.069 -0.012 -3.19 -2.678 -1.061 -2.213 -1.329 2.565
158 D -1.763 -1.574 1.213 5.811 -2.358 -0.858 1.065 -1.109 -0.522 -2.711 -3.477 -0.815 -2.683 -2.905 -2.275 -0.938 -1.398 -3.517 -3.029 -2.85
159 F -2.32 -2.882 -2.846 -3.3 -1.36 -3.85 -3.468 -2.86 -0.814 0.291 0.579 -3.29 0.216 6.492 -4.434 -3.016 -2.356 0.866 2.945 -0.493
160 S 1.082 -0.727 0.511 -0.234 0.087 -0.555 -0.541 -0.092 -0.446 -1.897 -2.314 -0.271 -1.172 -1.929 -1.461 3.212 1.025 -2.535 -1.741 -1.278
161 F -2.32 -2.882 -2.846 -3.3 -1.36 -3.85 -3.468 -2.86 -0.814 0.291 0.579 -3.29 0.216 6.492 -4.434 -3.016 -2.356 0.866 2.945 -0.493
162 I -1.192 -3.002 -3.204 -3.164 -0.07 -3.11 -3.56 -3.394 -2.721 4.337 1.609 -2.626 1.234 0.162 -3.446 -2.95 -0.975 -2.195 -1.271 3.057
163 I -1.324 -2.807 -3.119 -3.118 -0.138 -2.819 -3.468 -3.336 -2.412 4.246 1.753 -2.479 2.298 0.265 -3.456 -2.906 -1.057 -2.045 -1.21 2.697
164 T 0.814 -1.124 -0.276 -1.076 0.212 -1.115 -1.353 -1.038 -1.373 -0.279 -1.074 -0.784 -0.558 -1.598 -1.645 0.689 3.898 -2.201 -1.698 0.233
165 I -1.362 -3.086 -3.248 -3.166 -0.136 -3.195 -3.672 -3.465 -2.697 4.483 1.691 -2.664 1.286 0.232 -3.49 -3.062 -1.06 -2.17 -1.271 2.875
166 T -0.242 -1.194 -0.378 -1.223 0.103 -1.241 -1.545 -1.504 -1.497 0.183 0.306 -0.941 -0.016 -1.129 -1.853 0.44 3.871 -2.098 -1.602 0.369
167 L -1.526 -2.172 -3.348 -3.606 -0.136 -2.626 -3.291 -3.368 -2.299 2.019 4.014 -2.464 2.147 0.847 -3.59 -3.144 -1.566 -1.636 -1.042 1.12
168 S 1.082 -0.727 0.511 -0.234 0.087 -0.555 -0.541 -0.092 -0.446 -1.897 -2.314 -0.271 -1.172 -1.929 -1.461 3.212 1.025 -2.535 -1.741 -1.278
169 I -1.192 -3.002 -3.204 -3.164 -0.07 -3.11 -3.56 -3.394 -2.721 4.337 1.609 -2.626 1.234 0.162 -3.446 -2.95 -0.975 -2.195 -1.271 3.057
170 L -1.526 -2.172 -3.348 -3.606 -0.136 -2.626 -3.291 -3.368 -2.299 2.019 4.014 -2.464 2.147 0.847 -3.59 -3.144 -1.566 -1.636 -1.042 1.12
171 F -2.32 -2.882 -2.846 -3.3 -1.36 -3.85 -3.468 -2.86 -0.814 0.291 0.579 -3.29 0.216 6.492 -4.434 -3.016 -2.356 0.866 2.945 -0.493
172 H -1.693 -0.343 0.474 -0.947 -2.32 -0.151 -0.486 -1.683 7.972 -2.647 -2.581 -0.751 -1.247 -0.838 -2.735 -1.565 -2.212 -1.44 1.681 -3.021
173 S 1.082 -0.727 0.511 -0.234 0.087 -0.555 -0.541 -0.092 -0.446 -1.897 -2.314 -0.271 -1.172 -1.929 -1.461 3.212 1.025 -2.535 -1.741 -1.278
174 A 3.883 -1.469 -1.648 -1.673 0.694 -1.306 -1.284 0.388 -1.197 -0.816 -1.307 -0.834 -0.859 -1.834 -1.461 0.469 -0.408 -2.426 -1.741 0.153
175 A 3.883 -1.469 -1.648 -1.673 0.694 -1.306 -1.284 0.388 -1.197 -0.816 -1.307 -0.834 -0.859 -1.834 -1.461 0.469 -0.408 -2.426 -1.741 0.153
176 L -1.066 -1.369 -2.345 -2.799 -0.154 -1.037 -2.339 -2.569 -0.954 1.618 2.149 -1.438 5.537 0.482 -3.228 -2.002 -1.031 -1.292 -0.818 1.004
177 F -2.32 -2.882 -2.846 -3.3 -1.36 -3.85 -3.468 -2.86 -0.814 0.291 0.579 -3.29 0.216 6.492 -4.434 -3.016 -2.356 0.866 2.945 -0.493
178 I -1.362 -3.086 -3.248 -3.166 -0.136 -3.195 -3.672 -3.465 -2.697 4.483 1.691 -2.664 1.286 0.232 -3.49 -3.062 -1.06 -2.17 -1.271 2.875
179 L -1.526 -2.172 -3.348 -3.606 -0.136 -2.626 -3.291 -3.368 -2.299 2.019 4.014 -2.464 2.147 0.847 -3.59 -3.144 -1.566 -1.636 -1.042 1.12
180 P -0.822 -1.999 -1.919 -1.549 -1.443 -1.919 -1.608 -1.838 -1.593 -2.303 -2.736 -1.05 -2.389 -3.321 6.648 -1.437 -1.334 -4.535 -2.621 -2.147
181 L -1.614 -2.252 -3.28 -3.566 -0.263 -2.753 -3.313 -3.3 -2.066 1.852 3.751 -2.555 1.965 2.477 -3.683 -3.128 -1.654 -1.177 -0.128 0.961
182 Y -1.798 -1.763 -2.111 -3.008 -1.737 -1.769 -2.349 -2.918 2.119 -0.789 -0.896 -1.859 -0.668 3.363 -3.319 -2.423 -2.075 2.323 6.624 -0.965
183 F -1.957 -2.827 -2.854 -3.281 -1.081 -3.656 -3.387 -2.87 -1.006 0.816 0.63 -3.158 0.303 6.144 -4.24 -2.912 -2.034 0.612 2.654 0.65
184 V 0.737 -2.326 -2.723 -2.919 0.399 -2.381 -2.625 -2.248 -2.624 2.765 0.756 -2.13 0.68 -0.53 -2.882 -1.749 -0.433 -2.379 -1.325 3.804
185 L -1.526 -2.172 -3.348 -3.606 -0.136 -2.626 -3.291 -3.368 -2.299 2.019 4.014 -2.464 2.147 0.847 -3.59 -3.144 -1.566 -1.636 -1.042 1.12
186 R -1.52 5.483 -0.448 -1.549 -2.245 0.532 -0.546 -2.114 0.113 -2.597 -2.013 2.033 -1.209 -2.458 -2.69 -1.392 -1.439 -2.22 -1.758 -2.147
187 K -0.812 2.108 -0.254 -0.708 -1.963 0.821 0.328 -1.328 -0.229 -2.109 -2.226 4.453 -1.209 -2.791 -1.673 -0.867 -1.068 -2.535 -1.774 -1.984
188 I -1.362 -3.086 -3.248 -3.166 -0.136 -3.195 -3.672 -3.465 -2.697 4.483 1.691 -2.664 1.286 0.232 -3.49 -3.062 -1.06 -2.17 -1.271 2.875
189 N -1.527 0.06 5.28 1.109 -1.848 -0.308 -0.559 -0.264 0.856 -2.617 -3.006 0.927 -2.012 -2.41 -2.444 -0.189 -0.509 -2.896 -2.018 -2.469
190 V -0.219 -2.472 -2.915 -3.15 0.354 -2.573 -2.879 -2.941 -2.9 3.044 0.96 -2.374 0.846 -0.384 -3.157 -2.27 -0.437 -2.373 -1.271 4.086
191 T -0.072 -1.209 -0.16 -1.037 -0.01 -1.205 -1.493 1.144 -1.406 -0.452 -1.254 -0.871 -0.712 -1.683 -1.789 0.554 3.865 -2.201 -1.838 -0.004
192 V -0.375 -2.373 -2.801 -3.132 0.162 -2.459 -2.807 -2.938 -1.568 2.766 0.783 -2.304 0.695 0.445 -3.177 -2.288 -0.597 -1.181 1.704 3.772
193 L -1.526 -2.172 -3.348 -3.606 -0.136 -2.626 -3.291 -3.368 -2.299 2.019 4.014 -2.464 2.147 0.847 -3.59 -3.144 -1.566 -1.636 -1.042 1.12
194 L -1.526 -2.172 -3.348 -3.606 -0.136 -2.626 -3.291 -3.368 -2.299 2.019 4.014 -2.464 2.147 0.847 -3.59 -3.144 -1.566 -1.636 -1.042 1.12
195 V -0.219 -2.472 -2.915 -3.15 0.354 -2.573 -2.879 -2.941 -2.9 3.044 0.96 -2.374 0.846 -0.384 -3.157 -2.27 -0.437 -2.373 -1.271 4.086
196 I -1.362 -3.086 -3.248 -3.166 -0.136 -3.195 -3.672 -3.465 -2.697 4.483 1.691 -2.664 1.286 0.232 -3.49 -3.062 -1.06 -2.17 -1.271 2.875
197 F -2.32 -2.882 -2.846 -3.3 -1.36 -3.85 -3.468 -2.86 -0.814 0.291 0.579 -3.29 0.216 6.492 -4.434 -3.016 -2.356 0.866 2.945 -0.493
198 P -0.822 -1.999 -1.919 -1.549 -1.443 -1.919 -1.608 -1.838 -1.593 -2.303 -2.736 -1.05 -2.389 -3.321 6.648 -1.437 -1.334 -4.535 -2.621 -2.147
199 F -2.32 -2.882 -2.846 -3.3 -1.36 -3.85 -3.468 -2.86 -0.814 0.291 0.579 -3.29 0.216 6.492 -4.434 -3.016 -2.356 0.866 2.945 -0.493
200 L -1.526 -2.172 -3.348 -3.606 -0.136 -2.626 -3.291 -3.368 -2.299 2.019 4.014 -2.464 2.147 0.847 -3.59 -3.144 -1.566 -1.636 -1.042 1.12
201 V -0.354 -2.433 -2.966 -3.203 0.297 -2.579 -2.928 -2.991 -2.818 2.934 1.569 -2.385 1.044 -0.198 -3.208 -2.366 -0.556 -2.27 -1.241 3.845
202 V -0.219 -2.472 -2.915 -3.15 0.354 -2.573 -2.879 -2.941 -2.9 3.044 0.96 -2.374 0.846 -0.384 -3.157 -2.27 -0.437 -2.373 -1.271 4.086
203 A 3.883 -1.469 -1.648 -1.673 0.694 -1.306 -1.284 0.388 -1.197 -0.816 -1.307 -0.834 -0.859 -1.834 -1.461 0.469 -0.408 -2.426 -1.741 0.153
204 S 1.082 -0.727 0.511 -0.234 0.087 -0.555 -0.541 -0.092 -0.446 -1.897 -2.314 -0.271 -1.172 -1.929 -1.461 3.212 1.025 -2.535 -1.741 -1.278
205 F -1.604 -2.507 -2.144 -2.687 -1.134 -3.168 -2.895 -2.331 -0.765 0.093 0.341 -2.69 0.075 6.129 -3.848 -1.079 -1.647 0.605 2.64 -0.58
206 F -2.249 -2.716 -2.743 -3.262 -1.404 -3.492 -3.302 -2.867 -0.239 0.176 0.431 -3.067 0.119 6.243 -4.268 -2.935 -2.32 1.094 3.751 -0.548
207 N -1.645 -0.4 5.612 1.296 -1.832 -0.512 -0.711 -0.14 0.983 -2.698 -3.137 -0.281 -2.147 -2.36 -2.573 -0.104 -0.437 -2.952 -2.054 -2.546
208 I -1.362 -3.086 -3.248 -3.166 -0.136 -3.195 -3.672 -3.465 -2.697 4.483 1.691 -2.664 1.286 0.232 -3.49 -3.062 -1.06 -2.17 -1.271 2.875
209 F -2.32 -2.882 -2.846 -3.3 -1.36 -3.85 -3.468 -2.86 -0.814 0.291 0.579 -3.29 0.216 6.492 -4.434 -3.016 -2.356 0.866 2.945 -0.493
210 S 1.082 -0.727 0.511 -0.234 0.087 -0.555 -0.541 -0.092 -0.446 -1.897 -2.314 -0.271 -1.172 -1.929 -1.461 3.212 1.025 -2.535 -1.741 -1.278
211 D -1.763 -1.574 1.213 5.811 -2.358 -0.858 1.065 -1.109 -0.522 -2.711 -3.477 -0.815 -2.683 -2.905 -2.275 -0.938 -1.398 -3.517 -3.029 -2.85
212 I -1.192 -3.002 -3.204 -3.164 -0.07 -3.11 -3.56 -3.394 -2.721 4.337 1.609 -2.626 1.234 0.162 -3.446 -2.95 -0.975 -2.195 -1.271 3.057
213 V -0.354 -2.433 -2.966 -3.203 0.297 -2.579 -2.928 -2.991 -2.818 2.934 1.569 -2.385 1.044 -0.198 -3.208 -2.366 -0.556 -2.27 -1.241 3.845
214 R -1.421 5.223 -0.423 -1.43 -2.208 0.57 -0.421 -2.003 0.072 -2.531 -2.039 2.472 -1.209 -2.497 -2.541 -1.321 -1.39 -2.257 -1.76 -2.126
215 F -2.32 -2.882 -2.846 -3.3 -1.36 -3.85 -3.468 -2.86 -0.814 0.291 0.579 -3.29 0.216 6.492 -4.434 -3.016 -2.356 0.866 2.945 -0.493
216 I -1.362 -3.086 -3.248 -3.166 -0.136 -3.195 -3.672 -3.465 -2.697 4.483 1.691 -2.664 1.286 0.232 -3.49 -3.062 -1.06 -2.17 -1.271 2.875
217 L -1.526 -2.172 -3.348 -3.606 -0.136 -2.626 -3.291 -3.368 -2.299 2.019 4.014 -2.464 2.147 0.847 -3.59 -3.144 -1.566 -1.636 -1.042 1.12
218 T -0.098 -1.078 -0.124 -1.0 0.136 -1.089 -1.363 -1.314 -1.399 -0.21 -1.043 -0.776 -0.517 -1.566 -1.673 0.719 4.201 -2.17 -1.692 0.244
219 L -1.614 -2.252 -3.28 -3.566 -0.263 -2.753 -3.313 -3.3 -2.066 1.852 3.751 -2.555 1.965 2.477 -3.683 -3.128 -1.654 -1.177 -0.128 0.961
220 L -1.505 -2.272 -3.335 -3.547 -0.136 -2.691 -3.336 -3.38 -2.346 2.469 3.807 -2.488 2.052 0.777 -3.577 -3.134 -1.498 -1.698 -1.069 1.407
221 N -1.645 -0.4 5.612 1.296 -1.832 -0.512 -0.711 -0.14 0.983 -2.698 -3.137 -0.281 -2.147 -2.36 -2.573 -0.104 -0.437 -2.952 -2.054 -2.546
222 S 1.082 -0.727 0.511 -0.234 0.087 -0.555 -0.541 -0.092 -0.446 -1.897 -2.314 -0.271 -1.172 -1.929 -1.461 3.212 1.025 -2.535 -1.741 -1.278
223 R -1.035 5.145 -0.309 -1.348 -1.828 0.417 -0.546 -1.769 0.049 -2.5 -2.049 1.827 -1.205 -2.386 -2.504 -0.239 -0.99 -2.257 -1.756 -2.023
224 F -2.32 -2.882 -2.846 -3.3 -1.36 -3.85 -3.468 -2.86 -0.814 0.291 0.579 -3.29 0.216 6.492 -4.434 -3.016 -2.356 0.866 2.945 -0.493
225 L -1.526 -2.172 -3.348 -3.606 -0.136 -2.626 -3.291 -3.368 -2.299 2.019 4.014 -2.464 2.147 0.847 -3.59 -3.144 -1.566 -1.636 -1.042 1.12
226 T -0.229 -1.265 -0.373 -1.197 0.103 -1.282 -1.569 -1.51 -1.532 0.981 -0.523 -0.955 -0.22 -1.27 -1.846 0.443 3.882 -2.17 -1.636 0.736
227 Y -1.798 -1.763 -2.111 -3.008 -1.737 -1.769 -2.349 -2.918 2.119 -0.789 -0.896 -1.859 -0.668 3.363 -3.319 -2.423 -2.075 2.323 6.624 -0.965
228 F -2.32 -2.882 -2.846 -3.3 -1.36 -3.85 -3.468 -2.86 -0.814 0.291 0.579 -3.29 0.216 6.492 -4.434 -3.016 -2.356 0.866 2.945 -0.493
229 N -1.545 -0.058 4.876 0.795 -1.836 -0.429 -0.711 -0.507 1.033 -2.306 -2.627 0.825 -1.79 -0.719 -2.524 -0.401 -0.673 -1.468 1.492 -2.224
230 S 1.082 -0.727 0.511 -0.234 0.087 -0.555 -0.541 -0.092 -0.446 -1.897 -2.314 -0.271 -1.172 -1.929 -1.461 3.212 1.025 -2.535 -1.741 -1.278
231 E -0.905 -0.107 -0.324 1.532 -2.397 1.361 4.46 -1.935 0.407 -2.75 -2.688 0.691 -1.739 -2.593 -1.867 -0.777 -1.286 -2.373 -1.893 -2.12
232 Y -1.798 -1.763 -2.111 -3.008 -1.737 -1.769 -2.349 -2.918 2.119 -0.789 -0.896 -1.859 -0.668 3.363 -3.319 -2.423 -2.075 2.323 6.624 -0.965
233 F -2.32 -2.882 -2.846 -3.3 -1.36 -3.85 -3.468 -2.86 -0.814 0.291 0.579 -3.29 0.216 6.492 -4.434 -3.016 -2.356 0.866 2.945 -0.493
234 V -0.219 -2.472 -2.915 -3.15 0.354 -2.573 -2.879 -2.941 -2.9 3.044 0.96 -2.374 0.846 -0.384 -3.157 -2.27 -0.437 -2.373 -1.271 4.086
235 P -0.822 -1.999 -1.919 -1.549 -1.443 -1.919 -1.608 -1.838 -1.593 -2.303 -2.736 -1.05 -2.389 -3.321 6.648 -1.437 -1.334 -4.535 -2.621 -2.147
236 R -1.421 5.223 -0.423 -1.43 -2.208 0.57 -0.421 -2.003 0.072 -2.531 -2.039 2.472 -1.209 -2.497 -2.541 -1.321 -1.39 -2.257 -1.76 -2.126
237 T -0.098 -1.078 -0.124 -1.0 0.136 -1.089 -1.363 -1.314 -1.399 -0.21 -1.043 -0.776 -0.517 -1.566 -1.673 0.719 4.201 -2.17 -1.692 0.244
238 G 0.104 -2.343 -0.426 -1.308 -1.306 -2.181 -2.608 5.796 -1.462 -3.201 -3.446 -1.636 -2.652 -2.664 -2.765 -0.988 -1.905 -2.426 -3.134 -2.85
239 L -1.066 -1.369 -2.345 -2.799 -0.154 -1.037 -2.339 -2.569 -0.954 1.618 2.149 -1.438 5.537 0.482 -3.228 -2.002 -1.031 -1.292 -0.818 1.004
240 E -0.905 -0.107 -0.324 1.532 -2.397 1.361 4.46 -1.935 0.407 -2.75 -2.688 0.691 -1.739 -2.593 -1.867 -0.777 -1.286 -2.373 -1.893 -2.12
241 K -0.812 2.108 -0.254 -0.708 -1.963 0.821 0.328 -1.328 -0.229 -2.109 -2.226 4.453 -1.209 -2.791 -1.673 -0.867 -1.068 -2.535 -1.774 -1.984
242 L -1.066 -1.369 -2.345 -2.799 -0.154 -1.037 -2.339 -2.569 -0.954 1.618 2.149 -1.438 5.537 0.482 -3.228 -2.002 -1.031 -1.292 -0.818 1.004
243 Y -1.798 -1.763 -2.111 -3.008 -1.737 -1.769 -2.349 -2.918 2.119 -0.789 -0.896 -1.859 -0.668 3.363 -3.319 -2.423 -2.075 2.323 6.624 -0.965
244 S 1.082 -0.727 0.511 -0.234 0.087 -0.555 -0.541 -0.092 -0.446 -1.897 -2.314 -0.271 -1.172 -1.929 -1.461 3.212 1.025 -2.535 -1.741 -1.278
245 L -0.945 -1.486 -2.411 -2.841 -0.085 -1.19 -2.401 -2.613 -1.136 1.839 2.025 -1.54 5.232 0.387 -3.219 -2.034 -0.95 -1.407 -0.871 1.622
246 I -1.362 -3.086 -3.248 -3.166 -0.136 -3.195 -3.672 -3.465 -2.697 4.483 1.691 -2.664 1.286 0.232 -3.49 -3.062 -1.06 -2.17 -1.271 2.875
247 S 1.082 -0.727 0.511 -0.234 0.087 -0.555 -0.541 -0.092 -0.446 -1.897 -2.314 -0.271 -1.172 -1.929 -1.461 3.212 1.025 -2.535 -1.741 -1.278
248 L -1.066 -1.369 -2.345 -2.799 -0.154 -1.037 -2.339 -2.569 -0.954 1.618 2.149 -1.438 5.537 0.482 -3.228 -2.002 -1.031 -1.292 -0.818 1.004
249 I -1.171 -2.745 -2.618 -2.789 -0.1 -2.831 -3.261 -3.091 -2.499 4.177 1.461 -2.349 1.113 0.06 -3.19 -2.221 0.383 -2.17 -1.32 2.65
250 I -1.362 -3.086 -3.248 -3.166 -0.136 -3.195 -3.672 -3.465 -2.697 4.483 1.691 -2.664 1.286 0.232 -3.49 -3.062 -1.06 -2.17 -1.271 2.875
251 V -0.219 -2.472 -2.915 -3.15 0.354 -2.573 -2.879 -2.941 -2.9 3.044 0.96 -2.374 0.846 -0.384 -3.157 -2.27 -0.437 -2.373 -1.271 4.086
252 L -1.526 -2.172 -3.348 -3.606 -0.136 -2.626 -3.291 -3.368 -2.299 2.019 4.014 -2.464 2.147 0.847 -3.59 -3.144 -1.566 -1.636 -1.042 1.12
253 G 0.104 -2.343 -0.426 -1.308 -1.306 -2.181 -2.608 5.796 -1.462 -3.201 -3.446 -1.636 -2.652 -2.664 -2.765 -0.988 -1.905 -2.426 -3.134 -2.85
254 L -1.066 -1.369 -2.345 -2.799 -0.154 -1.037 -2.339 -2.569 -0.954 1.618 2.149 -1.438 5.537 0.482 -3.228 -2.002 -1.031 -1.292 -0.818 1.004
255 V -0.219 -2.472 -2.915 -3.15 0.354 -2.573 -2.879 -2.941 -2.9 3.044 0.96 -2.374 0.846 -0.384 -3.157 -2.27 -0.437 -2.373 -1.271 4.086
256 V -0.34 -2.542 -2.955 -3.152 0.297 -2.644 -2.967 -3.001 -2.874 3.268 1.062 -2.409 0.905 -0.299 -3.197 -2.358 -0.508 -2.347 -1.271 3.96
257 C -0.433 -3.324 -2.95 -3.404 9.664 -3.444 -3.91 -2.149 -2.936 -0.717 -1.047 -3.099 -1.064 -2.013 -3.192 -1.656 -1.302 -3.22 -2.782 -0.395
258 L -1.526 -2.172 -3.348 -3.606 -0.136 -2.626 -3.291 -3.368 -2.299 2.019 4.014 -2.464 2.147 0.847 -3.59 -3.144 -1.566 -1.636 -1.042 1.12
259 S 0.821 -0.923 0.252 -0.48 -0.059 -0.812 -0.78 -0.323 -0.489 -1.514 -1.75 -0.515 -0.958 1.417 -1.703 2.874 0.765 -1.82 -0.553 -1.167
260 K -0.812 2.108 -0.254 -0.708 -1.963 0.821 0.328 -1.328 -0.229 -2.109 -2.226 4.453 -1.209 -2.791 -1.673 -0.867 -1.068 -2.535 -1.774 -1.984
261 L -1.526 -2.172 -3.348 -3.606 -0.136 -2.626 -3.291 -3.368 -2.299 2.019 4.014 -2.464 2.147 0.847 -3.59 -3.144 -1.566 -1.636 -1.042 1.12
262 L -1.526 -2.172 -3.348 -3.606 -0.136 -2.626 -3.291 -3.368 -2.299 2.019 4.014 -2.464 2.147 0.847 -3.59 -3.144 -1.566 -1.636 -1.042 1.12
263 P -0.822 -1.999 -1.919 -1.549 -1.443 -1.919 -1.608 -1.838 -1.593 -2.303 -2.736 -1.05 -2.389 -3.321 6.648 -1.437 -1.334 -4.535 -2.621 -2.147
264 K -0.823 1.908 -0.262 -0.313 -2.014 0.894 1.295 -1.397 -0.141 -2.181 -2.28 4.178 -1.27 -2.766 -1.696 -0.855 -1.094 -2.514 -1.789 -2.001
265 K -0.812 2.108 -0.254 -0.708 -1.963 0.821 0.328 -1.328 -0.229 -2.109 -2.226 4.453 -1.209 -2.791 -1.673 -0.867 -1.068 -2.535 -1.774 -1.984
266 F -2.32 -2.882 -2.846 -3.3 -1.36 -3.85 -3.468 -2.86 -0.814 0.291 0.579 -3.29 0.216 6.492 -4.434 -3.016 -2.356 0.866 2.945 -0.493
267 D -1.763 -1.574 1.213 5.811 -2.358 -0.858 1.065 -1.109 -0.522 -2.711 -3.477 -0.815 -2.683 -2.905 -2.275 -0.938 -1.398 -3.517 -3.029 -2.85
268 L -1.526 -2.172 -3.348 -3.606 -0.136 -2.626 -3.291 -3.368 -2.299 2.019 4.014 -2.464 2.147 0.847 -3.59 -3.144 -1.566 -1.636 -1.042 1.12
269 L -1.066 -1.369 -2.345 -2.799 -0.154 -1.037 -2.339 -2.569 -0.954 1.618 2.149 -1.438 5.537 0.482 -3.228 -2.002 -1.031 -1.292 -0.818 1.004
270 I -1.362 -3.086 -3.248 -3.166 -0.136 -3.195 -3.672 -3.465 -2.697 4.483 1.691 -2.664 1.286 0.232 -3.49 -3.062 -1.06 -2.17 -1.271 2.875
271 K -0.812 2.108 -0.254 -0.708 -1.963 0.821 0.328 -1.328 -0.229 -2.109 -2.226 4.453 -1.209 -2.791 -1.673 -0.867 -1.068 -2.535 -1.774 -1.984
272 F -2.32 -2.882 -2.846 -3.3 -1.36 -3.85 -3.468 -2.86 -0.814 0.291 0.579 -3.29 0.216 6.492 -4.434 -3.016 -2.356 0.866 2.945 -0.493
273 V -0.219 -2.472 -2.915 -3.15 0.354 -2.573 -2.879 -2.941 -2.9 3.044 0.96 -2.374 0.846 -0.384 -3.157 -2.27 -0.437 -2.373 -1.271 4.086
274 I -1.362 -3.086 -3.248 -3.166 -0.136 -3.195 -3.672 -3.465 -2.697 4.483 1.691 -2.664 1.286 0.232 -3.49 -3.062 -1.06 -2.17 -1.271 2.875
275 L -1.526 -2.172 -3.348 -3.606 -0.136 -2.626 -3.291 -3.368 -2.299 2.019 4.014 -2.464 2.147 0.847 -3.59 -3.144 -1.566 -1.636 -1.042 1.12
276 F -2.32 -2.882 -2.846 -3.3 -1.36 -3.85 -3.468 -2.86 -0.814 0.291 0.579 -3.29 0.216 6.492 -4.434 -3.016 -2.356 0.866 2.945 -0.493
277 V -0.219 -2.472 -2.915 -3.15 0.354 -2.573 -2.879 -2.941 -2.9 3.044 0.96 -2.374 0.846 -0.384 -3.157 -2.27 -0.437 -2.373 -1.271 4.086
278 L -1.526 -2.172 -3.348 -3.606 -0.136 -2.626 -3.291 -3.368 -2.299 2.019 4.014 -2.464 2.147 0.847 -3.59 -3.144 -1.566 -1.636 -1.042 1.12
279 L -1.526 -2.172 -3.348 -3.606 -0.136 -2.626 -3.291 -3.368 -2.299 2.019 4.014 -2.464 2.147 0.847 -3.59 -3.144 -1.566 -1.636 -1.042 1.12
280 R -1.52 5.483 -0.448 -1.549 -2.245 0.532 -0.546 -2.114 0.113 -2.597 -2.013 2.033 -1.209 -2.458 -2.69 -1.392 -1.439 -2.22 -1.758 -2.147
281 A 3.883 -1.469 -1.648 -1.673 0.694 -1.306 -1.284 0.388 -1.197 -0.816 -1.307 -0.834 -0.859 -1.834 -1.461 0.469 -0.408 -2.426 -1.741 0.153
282 L -1.066 -1.369 -2.345 -2.799 -0.154 -1.037 -2.339 -2.569 -0.954 1.618 2.149 -1.438 5.537 0.482 -3.228 -2.002 -1.031 -1.292 -0.818 1.004
283 S 1.082 -0.727 0.511 -0.234 0.087 -0.555 -0.541 -0.092 -0.446 -1.897 -2.314 -0.271 -1.172 -1.929 -1.461 3.212 1.025 -2.535 -1.741 -1.278
284 I -1.362 -3.086 -3.248 -3.166 -0.136 -3.195 -3.672 -3.465 -2.697 4.483 1.691 -2.664 1.286 0.232 -3.49 -3.062 -1.06 -2.17 -1.271 2.875
285 D -1.763 -1.574 1.213 5.811 -2.358 -0.858 1.065 -1.109 -0.522 -2.711 -3.477 -0.815 -2.683 -2.905 -2.275 -0.938 -1.398 -3.517 -3.029 -2.85
286 I -1.362 -3.086 -3.248 -3.166 -0.136 -3.195 -3.672 -3.465 -2.697 4.483 1.691 -2.664 1.286 0.232 -3.49 -3.062 -1.06 -2.17 -1.271 2.875
287 L -1.526 -2.172 -3.348 -3.606 -0.136 -2.626 -3.291 -3.368 -2.299 2.019 4.014 -2.464 2.147 0.847 -3.59 -3.144 -1.566 -1.636 -1.042 1.12
288 I -1.362 -3.086 -3.248 -3.166 -0.136 -3.195 -3.672 -3.465 -2.697 4.483 1.691 -2.664 1.286 0.232 -3.49 -3.062 -1.06 -2.17 -1.271 2.875
289 F -2.32 -2.882 -2.846 -3.3 -1.36 -3.85 -3.468 -2.86 -0.814 0.291 0.579 -3.29 0.216 6.492 -4.434 -3.016 -2.356 0.866 2.945 -0.493
290 A 3.883 -1.469 -1.648 -1.673 0.694 -1.306 -1.284 0.388 -1.197 -0.816 -1.307 -0.834 -0.859 -1.834 -1.461 0.469 -0.408 -2.426 -1.741 0.153
291 R -1.52 5.483 -0.448 -1.549 -2.245 0.532 -0.546 -2.114 0.113 -2.597 -2.013 2.033 -1.209 -2.458 -2.69 -1.392 -1.439 -2.22 -1.758 -2.147
292 F -2.181 -2.907 -2.893 -3.283 -1.175 -3.759 -3.493 -2.929 -0.992 1.281 0.744 -3.204 0.373 6.153 -4.297 -3.022 -2.159 0.621 2.654 0.212
293 S 1.082 -0.727 0.511 -0.234 0.087 -0.555 -0.541 -0.092 -0.446 -1.897 -2.314 -0.271 -1.172 -1.929 -1.461 3.212 1.025 -2.535 -1.741 -1.278
294 D -1.763 -1.574 1.213 5.811 -2.358 -0.858 1.065 -1.109 -0.522 -2.711 -3.477 -0.815 -2.683 -2.905 -2.275 -0.938 -1.398 -3.517 -3.029 -2.85
295 F -2.32 -2.882 -2.846 -3.3 -1.36 -3.85 -3.468 -2.86 -0.814 0.291 0.579 -3.29 0.216 6.492 -4.434 -3.016 -2.356 0.866 2.945 -0.493
296 L -1.526 -2.172 -3.348 -3.606 -0.136 -2.626 -3.291 -3.368 -2.299 2.019 4.014 -2.464 2.147 0.847 -3.59 -3.144 -1.566 -1.636 -1.042 1.12
297 K -0.812 2.108 -0.254 -0.708 -1.963 0.821 0.328 -1.328 -0.229 -2.109 -2.226 4.453 -1.209 -2.791 -1.673 -0.867 -1.068 -2.535 -1.774 -1.984
298 P -0.822 -1.999 -1.919 -1.549 -1.443 -1.919 -1.608 -1.838 -1.593 -2.303 -2.736 -1.05 -2.389 -3.321 6.648 -1.437 -1.334 -4.535 -2.621 -2.147
299 L -1.101 -1.535 -2.444 -2.843 -0.151 -1.233 -2.475 -2.667 -1.122 2.173 2.096 -1.566 5.245 0.452 -3.259 -2.115 -1.035 -1.388 -0.871 1.316
300 A 3.6 -1.417 -1.407 -1.58 0.63 -1.278 -1.294 0.223 -1.221 -0.733 -1.273 -0.827 -0.814 -1.799 -1.487 0.502 0.748 -2.393 -1.735 0.164
301 I -1.362 -3.086 -3.248 -3.166 -0.136 -3.195 -3.672 -3.465 -2.697 4.483 1.691 -2.664 1.286 0.232 -3.49 -3.062 -1.06 -2.17 -1.271 2.875
302 I -1.362 -3.086 -3.248 -3.166 -0.136 -3.195 -3.672 -3.465 -2.697 4.483 1.691 -2.664 1.286 0.232 -3.49 -3.062 -1.06 -2.17 -1.271 2.875
303 L -1.526 -2.172 -3.348 -3.606 -0.136 -2.626 -3.291 -3.368 -2.299 2.019 4.014 -2.464 2.147 0.847 -3.59 -3.144 -1.566 -1.636 -1.042 1.12
304 I -1.192 -3.002 -3.204 -3.164 -0.07 -3.11 -3.56 -3.394 -2.721 4.337 1.609 -2.626 1.234 0.162 -3.446 -2.95 -0.975 -2.195 -1.271 3.057
305 F -2.32 -2.882 -2.846 -3.3 -1.36 -3.85 -3.468 -2.86 -0.814 0.291 0.579 -3.29 0.216 6.492 -4.434 -3.016 -2.356 0.866 2.945 -0.493
306 T -0.098 -1.078 -0.124 -1.0 0.136 -1.089 -1.363 -1.314 -1.399 -0.21 -1.043 -0.776 -0.517 -1.566 -1.673 0.719 4.201 -2.17 -1.692 0.244
307 A 3.883 -1.469 -1.648 -1.673 0.694 -1.306 -1.284 0.388 -1.197 -0.816 -1.307 -0.834 -0.859 -1.834 -1.461 0.469 -0.408 -2.426 -1.741 0.153
308 V -0.735 -2.763 -3.077 -3.158 0.12 -2.867 -3.249 -3.191 -2.797 3.852 1.349 -2.515 1.074 -0.059 -3.319 -2.639 -0.732 -2.27 -1.271 3.544
309 Y -1.798 -1.763 -2.111 -3.008 -1.737 -1.769 -2.349 -2.918 2.119 -0.789 -0.896 -1.859 -0.668 3.363 -3.319 -2.423 -2.075 2.323 6.624 -0.965
310 F -2.32 -2.882 -2.846 -3.3 -1.36 -3.85 -3.468 -2.86 -0.814 0.291 0.579 -3.29 0.216 6.492 -4.434 -3.016 -2.356 0.866 2.945 -0.493
311 S 1.62 -0.81 0.315 -0.379 0.17 -0.639 -0.624 -0.027 -0.53 -1.737 -2.167 -0.335 -1.131 -1.917 -1.461 2.981 0.881 -2.521 -1.741 -1.055
312 S 1.082 -0.727 0.511 -0.234 0.087 -0.555 -0.541 -0.092 -0.446 -1.897 -2.314 -0.271 -1.172 -1.929 -1.461 3.212 1.025 -2.535 -1.741 -1.278
313 N -1.645 -0.4 5.612 1.296 -1.832 -0.512 -0.711 -0.14 0.983 -2.698 -3.137 -0.281 -2.147 -2.36 -2.573 -0.104 -0.437 -2.952 -2.054 -2.546
314 K -0.812 2.108 -0.254 -0.708 -1.963 0.821 0.328 -1.328 -0.229 -2.109 -2.226 4.453 -1.209 -2.791 -1.673 -0.867 -1.068 -2.535 -1.774 -1.984
315 V -0.219 -2.472 -2.915 -3.15 0.354 -2.573 -2.879 -2.941 -2.9 3.044 0.96 -2.374 0.846 -0.384 -3.157 -2.27 -0.437 -2.373 -1.271 4.086
316 R -1.299 5.14 -0.405 -1.475 -1.816 0.373 -0.637 -2.001 -0.038 -2.167 -1.873 1.799 -1.113 -2.33 -2.541 -1.027 0.188 -2.213 -1.749 -1.716
317 P -0.822 -1.999 -1.919 -1.549 -1.443 -1.919 -1.608 -1.838 -1.593 -2.303 -2.736 -1.05 -2.389 -3.321 6.648 -1.437 -1.334 -4.535 -2.621 -2.147
318 R -1.52 5.483 -0.448 -1.549 -2.245 0.532 -0.546 -2.114 0.113 -2.597 -2.013 2.033 -1.209 -2.458 -2.69 -1.392 -1.439 -2.22 -1.758 -2.147
319 I -1.362 -3.086 -3.248 -3.166 -0.136 -3.195 -3.672 -3.465 -2.697 4.483 1.691 -2.664 1.286 0.232 -3.49 -3.062 -1.06 -2.17 -1.271 2.875
320 I -1.362 -3.086 -3.248 -3.166 -0.136 -3.195 -3.672 -3.465 -2.697 4.483 1.691 -2.664 1.286 0.232 -3.49 -3.062 -1.06 -2.17 -1.271 2.875
321 L -1.526 -2.172 -3.348 -3.606 -0.136 -2.626 -3.291 -3.368 -2.299 2.019 4.014 -2.464 2.147 0.847 -3.59 -3.144 -1.566 -1.636 -1.042 1.12
322 P -0.822 -1.999 -1.919 -1.549 -1.443 -1.919 -1.608 -1.838 -1.593 -2.303 -2.736 -1.05 -2.389 -3.321 6.648 -1.437 -1.334 -4.535 -2.621 -2.147
323 F -2.181 -2.907 -2.893 -3.283 -1.175 -3.759 -3.493 -2.929 -0.992 1.281 0.744 -3.204 0.373 6.153 -4.297 -3.022 -2.159 0.621 2.654 0.212
324 Y -1.798 -1.763 -2.111 -3.008 -1.737 -1.769 -2.349 -2.918 2.119 -0.789 -0.896 -1.859 -0.668 3.363 -3.319 -2.423 -2.075 2.323 6.624 -0.965
325 L -1.526 -2.172 -3.348 -3.606 -0.136 -2.626 -3.291 -3.368 -2.299 2.019 4.014 -2.464 2.147 0.847 -3.59 -3.144 -1.566 -1.636 -1.042 1.12
326 I -1.362 -3.086 -3.248 -3.166 -0.136 -3.195 -3.672 -3.465 -2.697 4.483 1.691 -2.664 1.286 0.232 -3.49 -3.062 -1.06 -2.17 -1.271 2.875
327 L -1.066 -1.369 -2.345 -2.799 -0.154 -1.037 -2.339 -2.569 -0.954 1.618 2.149 -1.438 5.537 0.482 -3.228 -2.002 -1.031 -1.292 -0.818 1.004
328 T -0.366 -1.465 -0.646 -1.409 0.07 -1.489 -1.791 -1.721 -1.672 1.821 -0.082 -1.145 0.049 -1.001 -2.031 0.138 3.522 -2.17 -1.581 1.157
329 L -1.526 -2.172 -3.348 -3.606 -0.136 -2.626 -3.291 -3.368 -2.299 2.019 4.014 -2.464 2.147 0.847 -3.59 -3.144 -1.566 -1.636 -1.042 1.12
330 F -2.208 -2.783 -2.904 -3.336 -1.175 -3.665 -3.445 -2.919 -0.963 0.573 1.305 -3.173 0.54 6.164 -4.314 -3.032 -2.245 0.649 2.662 -0.235
331 L -1.484 -2.375 -3.323 -3.489 -0.136 -2.758 -3.382 -3.392 -2.394 2.857 3.584 -2.512 1.954 0.705 -3.565 -3.123 -1.431 -1.761 -1.097 1.668
332 C -0.433 -3.324 -2.95 -3.404 9.664 -3.444 -3.91 -2.149 -2.936 -0.717 -1.047 -3.099 -1.064 -2.013 -3.192 -1.656 -1.302 -3.22 -2.782 -0.395
333 I -1.211 -2.874 -3.217 -3.216 -0.07 -3.034 -3.512 -3.382 -2.668 4.111 2.035 -2.601 1.359 0.249 -3.459 -2.96 -1.031 -2.122 -1.241 2.898
334 F -2.32 -2.882 -2.846 -3.3 -1.36 -3.85 -3.468 -2.86 -0.814 0.291 0.579 -3.29 0.216 6.492 -4.434 -3.016 -2.356 0.866 2.945 -0.493
335 N -1.645 -0.4 5.612 1.296 -1.832 -0.512 -0.711 -0.14 0.983 -2.698 -3.137 -0.281 -2.147 -2.36 -2.573 -0.104 -0.437 -2.952 -2.054 -2.546
336 I -1.362 -3.086 -3.248 -3.166 -0.136 -3.195 -3.672 -3.465 -2.697 4.483 1.691 -2.664 1.286 0.232 -3.49 -3.062 -1.06 -2.17 -1.271 2.875
337 I -1.288 -1.674 -2.656 -2.718 -0.31 -2.27 -2.753 -3.094 -2.246 4.139 1.41 -0.201 1.069 -0.012 -3.19 -2.678 -1.061 -2.213 -1.329 2.565
338 I -1.362 -3.086 -3.248 -3.166 -0.136 -3.195 -3.672 -3.465 -2.697 4.483 1.691 -2.664 1.286 0.232 -3.49 -3.062 -1.06 -2.17 -1.271 2.875
339 G 0.104 -2.343 -0.426 -1.308 -1.306 -2.181 -2.608 5.796 -1.462 -3.201 -3.446 -1.636 -2.652 -2.664 -2.765 -0.988 -1.905 -2.426 -3.134 -2.85
340 S 1.082 -0.727 0.511 -0.234 0.087 -0.555 -0.541 -0.092 -0.446 -1.897 -2.314 -0.271 -1.172 -1.929 -1.461 3.212 1.025 -2.535 -1.741 -1.278
341 N -1.645 -0.4 5.612 1.296 -1.832 -0.512 -0.711 -0.14 0.983 -2.698 -3.137 -0.281 -2.147 -2.36 -2.573 -0.104 -0.437 -2.952 -2.054 -2.546
342 I -1.362 -3.086 -3.248 -3.166 -0.136 -3.195 -3.672 -3.465 -2.697 4.483 1.691 -2.664 1.286 0.232 -3.49 -3.062 -1.06 -2.17 -1.271 2.875
343 T -0.098 -1.078 -0.124 -1.0 0.136 -1.089 -1.363 -1.314 -1.399 -0.21 -1.043 -0.776 -0.517 -1.566 -1.673 0.719 4.201 -2.17 -1.692 0.244
344 K -0.812 2.108 -0.254 -0.708 -1.963 0.821 0.328 -1.328 -0.229 -2.109 -2.226 4.453 -1.209 -2.791 -1.673 -0.867 -1.068 -2.535 -1.774 -1.984
345 G -0.309 -1.519 -0.139 1.63 -1.664 -0.691 1.368 4.568 -0.759 -3.018 -3.241 -0.768 -2.399 -2.675 -2.453 -0.927 -1.673 -2.528 -2.759 -2.649
346 N -1.66 -0.524 5.315 2.413 -1.893 -0.553 -0.419 -0.245 0.832 -2.7 -3.178 -0.343 -2.209 -2.423 -2.534 -0.196 -0.541 -3.017 -2.16 -2.582
347 Y -1.785 -1.542 -1.631 -2.654 -1.804 -1.51 -2.039 -2.731 3.855 -0.966 -1.06 -1.695 -0.734 3.072 -3.239 -2.301 -2.092 2.047 6.312 -1.155
348 Y -1.798 -1.763 -2.111 -3.008 -1.737 -1.769 -2.349 -2.918 2.119 -0.789 -0.896 -1.859 -0.668 3.363 -3.319 -2.423 -2.075 2.323 6.624 -0.965
349 T -0.098 -1.078 -0.124 -1.0 0.136 -1.089 -1.363 -1.314 -1.399 -0.21 -1.043 -0.776 -0.517 -1.566 -1.673 0.719 4.201 -2.17 -1.692 0.244
350 Y -1.798 -1.763 -2.111 -3.008 -1.737 -1.769 -2.349 -2.918 2.119 -0.789 -0.896 -1.859 -0.668 3.363 -3.319 -2.423 -2.075 2.323 6.624 -0.965
351 G 0.104 -2.343 -0.426 -1.308 -1.306 -2.181 -2.608 5.796 -1.462 -3.201 -3.446 -1.636 -2.652 -2.664 -2.765 -0.988 -1.905 -2.426 -3.134 -2.85
352 Y -1.798 -1.763 -2.111 -3.008 -1.737 -1.769 -2.349 -2.918 2.119 -0.789 -0.896 -1.859 -0.668 3.363 -3.319 -2.423 -2.075 2.323 6.624 -0.965
353 N -1.645 -0.4 5.612 1.296 -1.832 -0.512 -0.711 -0.14 0.983 -2.698 -3.137 -0.281 -2.147 -2.36 -2.573 -0.104 -0.437 -2.952 -2.054 -2.546
354 I -1.362 -3.086 -3.248 -3.166 -0.136 -3.195 -3.672 -3.465 -2.697 4.483 1.691 -2.664 1.286 0.232 -3.49 -3.062 -1.06 -2.17 -1.271 2.875
355 C -0.433 -3.324 -2.95 -3.404 9.664 -3.444 -3.91 -2.149 -2.936 -0.717 -1.047 -3.099 -1.064 -2.013 -3.192 -1.656 -1.302 -3.22 -2.782 -0.395
356 F -2.208 -2.783 -2.904 -3.336 -1.175 -3.665 -3.445 -2.919 -0.963 0.573 1.305 -3.173 0.54 6.164 -4.314 -3.032 -2.245 0.649 2.662 -0.235
357 F -2.32 -2.882 -2.846 -3.3 -1.36 -3.85 -3.468 -2.86 -0.814 0.291 0.579 -3.29 0.216 6.492 -4.434 -3.016 -2.356 0.866 2.945 -0.493
358 G 0.104 -2.343 -0.426 -1.308 -1.306 -2.181 -2.608 5.796 -1.462 -3.201 -3.446 -1.636 -2.652 -2.664 -2.765 -0.988 -1.905 -2.426 -3.134 -2.85
359 N -1.645 -0.4 5.612 1.296 -1.832 -0.512 -0.711 -0.14 0.983 -2.698 -3.137 -0.281 -2.147 -2.36 -2.573 -0.104 -0.437 -2.952 -2.054 -2.546
360 K -0.812 2.108 -0.254 -0.708 -1.963 0.821 0.328 -1.328 -0.229 -2.109 -2.226 4.453 -1.209 -2.791 -1.673 -0.867 -1.068 -2.535 -1.774 -1.984
361 C -0.433 -3.324 -2.95 -3.404 9.664 -3.444 -3.91 -2.149 -2.936 -0.717 -1.047 -3.099 -1.064 -2.013 -3.192 -1.656 -1.302 -3.22 -2.782 -0.395
362 I -1.192 -3.002 -3.204 -3.164 -0.07 -3.11 -3.56 -3.394 -2.721 4.337 1.609 -2.626 1.234 0.162 -3.446 -2.95 -0.975 -2.195 -1.271 3.057
363 D -1.64 -1.344 1.06 5.518 -2.363 -0.468 1.778 -1.2 -0.388 -2.716 -3.366 -0.578 -2.547 -2.864 -2.221 -0.917 -1.384 -3.346 -2.86 -2.748
364 K -0.823 1.908 -0.262 -0.313 -2.014 0.894 1.295 -1.397 -0.141 -2.181 -2.28 4.178 -1.27 -2.766 -1.696 -0.855 -1.094 -2.514 -1.789 -2.001
365 F -2.32 -2.882 -2.846 -3.3 -1.36 -3.85 -3.468 -2.86 -0.814 0.291 0.579 -3.29 0.216 6.492 -4.434 -3.016 -2.356 0.866 2.945 -0.493
366 Y -1.798 -1.763 -2.111 -3.008 -1.737 -1.769 -2.349 -2.918 2.119 -0.789 -0.896 -1.859 -0.668 3.363 -3.319 -2.423 -2.075 2.323 6.624 -0.965