#Seq2Logo.py -f /work3/idamei/ssn-clusterings/2206021344/clusters/0009_177/sequences.afa -m 0.0001 -b 0 -o /work3/idamei/ssn-clusterings/2206021344/clusters/0009_177/sequences.logo -p 640x1000 -l 30 -I 1
Last position-specific scoring matrix computed, values are in halfbits
A R N D C Q E G H I L K M F P S T W Y V
0 M -99.999 -99.999 -99.999 -99.999 -99.999 -99.999 -99.999 -99.999 -99.999 -99.999 -99.999 -99.999 8.644 -99.999 -99.999 -99.999 -99.999 -99.999 -99.999 -99.999
1 I -99.999 3.029 -99.999 -99.999 -99.999 -99.999 -99.999 -99.999 -99.999 5.029 3.029 3.029 -99.999 -99.999 -99.999 3.029 3.029 -99.999 -99.999 -99.999
2 Y -99.999 -99.999 3.474 -99.999 -99.999 -99.999 -99.999 -99.999 3.474 -99.999 -99.999 3.474 -99.999 -99.999 3.474 -99.999 -99.999 -99.999 5.474 -99.999
3 L -99.999 3.474 -99.999 -99.999 -99.999 -99.999 -99.999 -99.999 -99.999 -99.999 5.474 3.474 -99.999 -99.999 -99.999 5.474 -99.999 -99.999 -99.999 -99.999
4 C -99.999 3.474 -99.999 -99.999 5.474 3.474 -99.999 -99.999 -99.999 3.474 -99.999 3.474 -99.999 -99.999 -99.999 -99.999 -99.999 -99.999 -99.999 -99.999
5 L -99.999 -99.999 -99.999 -99.999 -99.999 -99.999 -99.999 -99.999 -99.999 -99.999 5.474 -99.999 -99.999 5.474 -99.999 5.474 -99.999 -99.999 -99.999 -99.999
6 R -99.999 8.644 -99.999 -99.999 -99.999 -99.999 -99.999 -99.999 -99.999 -99.999 -99.999 -99.999 -99.999 -99.999 -99.999 -99.999 -99.999 -99.999 -99.999 -99.999
7 D -99.999 -99.999 -99.999 6.644 -99.999 -99.999 -99.999 -99.999 -99.999 -99.999 -99.999 -99.999 -99.999 -99.999 -99.999 6.644 -99.999 -99.999 -99.999 -99.999
8 F -99.999 -99.999 -99.999 -99.999 -99.999 -99.999 -99.999 -99.999 -99.999 -99.999 -99.999 -99.999 -99.999 6.644 6.644 -99.999 -99.999 -99.999 -99.999 -99.999
9 A 6.644 -99.999 -99.999 -99.999 -99.999 -99.999 6.644 -99.999 -99.999 -99.999 -99.999 -99.999 -99.999 -99.999 -99.999 -99.999 -99.999 -99.999 -99.999 -99.999
10 I -99.999 -99.999 -99.999 -99.999 -99.999 -99.999 -99.999 -99.999 -99.999 8.644 -99.999 -99.999 -99.999 -99.999 -99.999 -99.999 -99.999 -99.999 -99.999 -99.999
11 K -99.999 -99.999 -99.999 -99.999 -99.999 -99.999 -99.999 -99.999 -99.999 -99.999 -99.999 8.644 -99.999 -99.999 -99.999 -99.999 -99.999 -99.999 -99.999 -99.999
12 R -99.999 6.644 -99.999 -99.999 -99.999 -99.999 -99.999 -99.999 -99.999 -99.999 -99.999 -99.999 -99.999 -99.999 -99.999 -99.999 -99.999 -99.999 -99.999 6.644
13 F -99.999 -99.999 -99.999 -99.999 -99.999 -99.999 -99.999 -99.999 3.474 -99.999 -99.999 -99.999 -99.999 5.474 -99.999 3.474 -99.999 3.474 3.474 -99.999
14 I 3.474 -99.999 -99.999 -99.999 -99.999 -99.999 -99.999 3.474 -99.999 5.474 -99.999 -99.999 -99.999 3.474 -99.999 -99.999 3.474 -99.999 -99.999 -99.999
15 L -99.999 3.474 -99.999 -99.999 -99.999 3.474 -99.999 -99.999 3.474 -99.999 5.474 3.474 -99.999 -99.999 -99.999 -99.999 -99.999 -99.999 -99.999 -99.999
16 L 3.474 -99.999 -99.999 -99.999 -99.999 -99.999 -99.999 -99.999 -99.999 -99.999 6.644 -99.999 3.474 -99.999 -99.999 -99.999 3.474 -99.999 -99.999 -99.999
17 I -99.999 -99.999 -99.999 -99.999 -99.999 -99.999 -99.999 -99.999 -99.999 6.644 3.474 -99.999 3.474 3.474 -99.999 -99.999 -99.999 -99.999 -99.999 -99.999
18 I -99.999 -99.999 -99.999 -99.999 -99.999 -99.999 -99.999 -99.999 -99.999 5.474 5.474 -99.999 -99.999 -99.999 -99.999 -99.999 -99.999 3.474 -99.999 3.474
19 S -99.999 -99.999 4.0 -99.999 4.0 -99.999 -99.999 -99.999 -99.999 -99.999 -99.999 -99.999 -99.999 -99.999 -99.999 6.0 -99.999 -99.999 4.0 -99.999
20 Q -99.999 -99.999 -99.999 -99.999 -99.999 8.644 -99.999 -99.999 -99.999 -99.999 -99.999 -99.999 -99.999 -99.999 -99.999 -99.999 -99.999 -99.999 -99.999 -99.999
21 L 4.644 -99.999 -99.999 -99.999 -99.999 -99.999 -99.999 -99.999 -99.999 -99.999 6.644 -99.999 -99.999 -99.999 -99.999 -99.999 4.644 -99.999 -99.999 -99.999
22 A 4.644 -99.999 -99.999 -99.999 -99.999 -99.999 -99.999 -99.999 -99.999 4.644 -99.999 -99.999 -99.999 4.644 -99.999 -99.999 -99.999 -99.999 -99.999 4.644
23 F -99.999 -99.999 -99.999 -99.999 -99.999 -99.999 -99.999 -99.999 -99.999 -99.999 4.0 -99.999 -99.999 7.17 -99.999 -99.999 -99.999 4.0 -99.999 -99.999
24 L -99.999 -99.999 -99.999 -99.999 -99.999 -99.999 -99.999 3.029 -99.999 -99.999 5.673 -99.999 3.029 1.029 -99.999 -99.999 -99.999 -99.999 3.029 3.029
25 A 6.199 -99.999 -99.999 -99.999 -99.999 -99.999 -99.999 -99.999 -99.999 3.029 5.029 -99.999 -99.999 -99.999 -99.999 -99.999 -99.999 -99.999 -99.999 3.029
26 L 3.029 -99.999 -99.999 -99.999 -99.999 -99.999 -99.999 -99.999 -99.999 3.029 5.029 -99.999 -99.999 -99.999 -99.999 -99.999 3.029 -99.999 -99.999 5.029
27 S -99.999 -99.999 -99.999 3.029 -99.999 -99.999 -99.999 -99.999 -99.999 3.029 -99.999 -99.999 -99.999 -99.999 -99.999 7.029 3.029 -99.999 -99.999 -99.999
28 L -99.999 -99.999 -99.999 -99.999 3.029 -99.999 -99.999 -99.999 -99.999 3.029 6.199 -99.999 3.029 -99.999 -99.999 3.029 -99.999 -99.999 -99.999 -99.999
29 S -99.999 -99.999 -99.999 -99.999 -99.999 -99.999 -99.999 -99.999 -99.999 3.029 3.029 -99.999 -99.999 5.029 -99.999 6.199 -99.999 -99.999 -99.999 -99.999
30 Y -99.999 -99.999 -99.999 -99.999 -99.999 -99.999 -99.999 -99.999 -99.999 -99.999 -99.999 -99.999 -99.999 -99.999 -99.999 -99.999 -99.999 -99.999 8.644 -99.999
31 I -99.999 -99.999 -99.999 -99.999 -99.999 -99.999 -99.999 -99.999 -99.999 8.644 -99.999 -99.999 -99.999 -99.999 -99.999 -99.999 -99.999 -99.999 -99.999 -99.999
32 I -99.999 -99.999 -99.999 -99.999 -99.999 -99.999 -99.999 -99.999 -99.999 8.644 -99.999 -99.999 -99.999 -99.999 -99.999 -99.999 -99.999 -99.999 -99.999 -99.999
33 L -99.999 -99.999 -99.999 -99.999 3.029 -99.999 -99.999 -99.999 -99.999 5.029 7.029 -99.999 -99.999 -99.999 -99.999 -99.999 -99.999 -99.999 -99.999 -99.999
34 I -99.999 -99.999 -99.999 -99.999 -99.999 -99.999 -99.999 -99.999 -99.999 6.199 6.199 -99.999 -99.999 -99.999 -99.999 -99.999 -99.999 -99.999 -99.999 3.029
35 W 3.029 -99.999 -99.999 3.029 -99.999 -99.999 -99.999 -99.999 -99.999 -99.999 -99.999 -99.999 -99.999 -99.999 -99.999 3.029 -99.999 5.029 5.029 -99.999
36 L -99.999 -99.999 3.029 -99.999 -99.999 -99.999 -99.999 -99.999 -99.999 -99.999 6.199 -99.999 -99.999 5.029 -99.999 -99.999 -99.999 -99.999 -99.999 3.029
37 L -99.999 -99.999 -99.999 -99.999 3.029 -99.999 -99.999 -99.999 -99.999 3.029 6.199 3.029 -99.999 -99.999 -99.999 -99.999 -99.999 -99.999 -99.999 3.029
38 Y -99.999 -99.999 -99.999 -99.999 -99.999 -99.999 -99.999 -99.999 -99.999 -99.999 -99.999 -99.999 -99.999 -99.999 -99.999 -99.999 -99.999 -99.999 8.644 -99.999
39 N -99.999 -99.999 6.644 -99.999 -99.999 -99.999 -99.999 -99.999 -99.999 -99.999 6.644 -99.999 -99.999 -99.999 -99.999 -99.999 -99.999 -99.999 -99.999 -99.999
40 N -99.999 -99.999 6.644 -99.999 -99.999 -99.999 -99.999 -99.999 -99.999 -99.999 -99.999 -99.999 -99.999 -99.999 -99.999 6.644 -99.999 -99.999 -99.999 -99.999
41 D -99.999 -99.999 -99.999 6.644 -99.999 -99.999 -99.999 6.644 -99.999 -99.999 -99.999 -99.999 -99.999 -99.999 -99.999 -99.999 -99.999 -99.999 -99.999 -99.999
42 E -99.999 -99.999 3.029 -99.999 -99.999 -99.999 5.029 -99.999 -99.999 -99.999 -99.999 3.029 -99.999 -99.999 5.029 -99.999 -99.999 3.029 -99.999 -99.999
43 D -99.999 -99.999 -99.999 5.029 -99.999 -99.999 -99.999 -99.999 -99.999 3.029 5.029 -99.999 3.029 -99.999 -99.999 3.029 -99.999 -99.999 -99.999 -99.999
44 S -99.999 3.029 -99.999 -99.999 -99.999 -99.999 -99.999 -99.999 -99.999 -99.999 -99.999 -99.999 -99.999 -99.999 -99.999 7.673 3.029 -99.999 -99.999 -99.999
45 D -99.999 -99.999 -99.999 8.199 -99.999 -99.999 3.029 -99.999 -99.999 -99.999 -99.999 -99.999 -99.999 -99.999 -99.999 -99.999 -99.999 -99.999 -99.999 -99.999
46 F -99.999 -99.999 -99.999 -99.999 -99.999 3.029 -99.999 -99.999 -99.999 -99.999 3.029 3.029 -99.999 5.029 -99.999 3.029 -99.999 -99.999 3.029 -99.999
47 E -99.999 -99.999 -99.999 3.029 -99.999 -99.999 5.029 3.029 -99.999 -99.999 5.029 -99.999 -99.999 -99.999 -99.999 -99.999 -99.999 -99.999 -99.999 3.029
48 Y -99.999 -99.999 -99.999 -99.999 -99.999 -99.999 -99.999 -99.999 -99.999 -99.999 -99.999 -99.999 3.029 5.029 -99.999 -99.999 -99.999 -99.999 7.029 -99.999
49 S 3.029 -99.999 -99.999 -99.999 -99.999 -99.999 -99.999 -99.999 -99.999 -99.999 -99.999 -99.999 -99.999 -99.999 -99.999 8.199 -99.999 -99.999 -99.999 -99.999
50 V -99.999 -99.999 -99.999 -99.999 -99.999 -99.999 -99.999 -99.999 -99.999 4.199 3.029 -99.999 -99.999 3.029 -99.999 3.029 -99.999 -99.999 -99.999 5.673
51 I -99.999 -99.999 -99.999 -99.999 -99.999 -99.999 -99.999 -99.999 -99.999 5.029 5.029 -99.999 3.029 5.029 -99.999 -99.999 -99.999 -99.999 -99.999 -99.999
52 M -99.999 -99.999 -99.999 -99.999 -99.999 -99.999 -99.999 -99.999 -99.999 -99.999 -99.999 -99.999 6.199 5.029 -99.999 -99.999 -99.999 -99.999 5.029 -99.999
53 C -99.999 -99.999 -99.999 -99.999 7.029 -99.999 -99.999 -99.999 -99.999 4.199 -99.999 -99.999 -99.999 -99.999 -99.999 -99.999 -99.999 -99.999 -99.999 4.199
54 L 3.029 -99.999 -99.999 -99.999 -99.999 -99.999 -99.999 -99.999 -99.999 3.029 6.199 -99.999 -99.999 -99.999 -99.999 -99.999 3.029 -99.999 -99.999 3.029
55 N -99.999 -99.999 5.029 -99.999 -99.999 -99.999 -99.999 -99.999 3.029 -99.999 3.029 -99.999 -99.999 -99.999 -99.999 -99.999 -99.999 -99.999 5.029 3.029
56 F 3.029 -99.999 -99.999 -99.999 -99.999 -99.999 -99.999 -99.999 -99.999 -99.999 3.029 -99.999 -99.999 6.199 -99.999 -99.999 -99.999 -99.999 5.029 -99.999
57 I -99.999 -99.999 -99.999 -99.999 -99.999 -99.999 -99.999 -99.999 -99.999 7.673 5.029 -99.999 -99.999 -99.999 -99.999 -99.999 -99.999 -99.999 -99.999 -99.999
58 L -99.999 -99.999 -99.999 -99.999 -99.999 -99.999 -99.999 3.029 -99.999 -99.999 6.199 -99.999 -99.999 3.029 -99.999 -99.999 -99.999 5.029 -99.999 -99.999
59 S -99.999 -99.999 -99.999 -99.999 -99.999 -99.999 -99.999 -99.999 -99.999 -99.999 3.029 -99.999 3.029 -99.999 -99.999 6.199 3.029 -99.999 -99.999 3.029
60 L -99.999 -99.999 -99.999 -99.999 -99.999 -99.999 -99.999 -99.999 -99.999 3.029 7.673 -99.999 3.029 -99.999 -99.999 -99.999 -99.999 -99.999 -99.999 -99.999
61 Y -99.999 -99.999 -99.999 -99.999 -99.999 -99.999 -99.999 -99.999 -99.999 3.029 3.029 -99.999 -99.999 5.029 -99.999 -99.999 -99.999 -99.999 6.199 -99.999
62 S -99.999 -99.999 -99.999 -99.999 -99.999 3.029 -99.999 -99.999 -99.999 -99.999 3.029 -99.999 -99.999 3.029 -99.999 5.029 3.029 -99.999 -99.999 3.029
63 I -99.999 -99.999 -99.999 -99.999 3.029 -99.999 -99.999 -99.999 -99.999 7.029 5.029 -99.999 -99.999 -99.999 -99.999 -99.999 -99.999 -99.999 -99.999 -99.999
64 W -99.999 -99.999 -99.999 -99.999 -99.999 -99.999 -99.999 -99.999 -99.999 -99.999 -99.999 -99.999 -99.999 -99.999 -99.999 -99.999 -99.999 8.199 3.029 -99.999
65 K -99.999 3.029 -99.999 3.029 -99.999 -99.999 -99.999 -99.999 -99.999 -99.999 -99.999 5.029 -99.999 5.029 -99.999 -99.999 -99.999 -99.999 -99.999 3.029
66 N -99.999 -99.999 4.644 -99.999 -99.999 -99.999 -99.999 4.644 -99.999 -99.999 -99.999 -99.999 -99.999 -99.999 -99.999 4.644 -99.999 -99.999 4.644 -99.999
67 S -99.999 -99.999 4.644 -99.999 -99.999 -99.999 -99.999 4.644 -99.999 -99.999 -99.999 -99.999 -99.999 -99.999 -99.999 6.644 -99.999 -99.999 -99.999 -99.999
68 A 5.029 -99.999 3.029 -99.999 -99.999 -99.999 -99.999 3.029 3.029 -99.999 -99.999 -99.999 -99.999 -99.999 -99.999 3.029 -99.999 -99.999 -99.999 3.029
69 E -99.999 3.029 3.029 -99.999 -99.999 3.029 5.029 3.029 -99.999 -99.999 -99.999 3.029 -99.999 -99.999 -99.999 -99.999 -99.999 -99.999 -99.999 -99.999
70 K -99.999 5.029 -99.999 -99.999 -99.999 3.029 -99.999 -99.999 -99.999 -99.999 -99.999 7.029 -99.999 -99.999 -99.999 -99.999 -99.999 -99.999 -99.999 -99.999
71 L -99.999 -99.999 -99.999 -99.999 -99.999 -99.999 -99.999 -99.999 -99.999 5.029 6.199 -99.999 -99.999 3.029 -99.999 -99.999 -99.999 -99.999 -99.999 3.029
72 S -99.999 3.029 3.029 -99.999 -99.999 -99.999 -99.999 3.029 -99.999 -99.999 -99.999 -99.999 -99.999 -99.999 -99.999 6.199 3.029 -99.999 -99.999 -99.999
73 P -99.999 -99.999 -99.999 -99.999 -99.999 -99.999 -99.999 -99.999 -99.999 3.029 3.029 -99.999 -99.999 -99.999 7.673 -99.999 -99.999 -99.999 -99.999 -99.999
74 F -99.999 -99.999 -99.999 -99.999 -99.999 -99.999 -99.999 -99.999 -99.999 -99.999 -99.999 -99.999 -99.999 7.673 -99.999 -99.999 -99.999 -99.999 5.029 -99.999
75 F -99.999 -99.999 -99.999 -99.999 -99.999 -99.999 -99.999 -99.999 -99.999 5.029 5.029 -99.999 -99.999 6.199 -99.999 -99.999 -99.999 -99.999 -99.999 -99.999
76 L -99.999 -99.999 -99.999 -99.999 -99.999 -99.999 -99.999 -99.999 -99.999 -99.999 7.673 -99.999 3.029 -99.999 -99.999 -99.999 3.029 -99.999 -99.999 -99.999
77 F -99.999 -99.999 -99.999 -99.999 -99.999 -99.999 -99.999 -99.999 -99.999 -99.999 -99.999 -99.999 -99.999 8.199 -99.999 -99.999 -99.999 -99.999 3.029 -99.999
78 M -99.999 -99.999 -99.999 -99.999 -99.999 -99.999 -99.999 -99.999 -99.999 -99.999 3.029 -99.999 6.199 3.029 -99.999 -99.999 3.029 -99.999 3.029 -99.999
79 L 3.029 -99.999 -99.999 -99.999 -99.999 -99.999 -99.999 -99.999 -99.999 3.029 6.199 -99.999 3.029 -99.999 -99.999 -99.999 -99.999 -99.999 -99.999 3.029
80 T -99.999 -99.999 -99.999 -99.999 -99.999 -99.999 -99.999 -99.999 -99.999 -99.999 -99.999 -99.999 -99.999 -99.999 -99.999 3.029 8.199 -99.999 -99.999 -99.999
81 F -99.999 -99.999 -99.999 -99.999 -99.999 -99.999 -99.999 -99.999 -99.999 -99.999 -99.999 -99.999 3.029 8.199 -99.999 -99.999 -99.999 -99.999 -99.999 -99.999
82 G -99.999 -99.999 -99.999 -99.999 3.029 -99.999 -99.999 5.029 3.029 -99.999 -99.999 -99.999 -99.999 -99.999 -99.999 3.029 5.029 -99.999 -99.999 -99.999
83 L -99.999 -99.999 -99.999 -99.999 -99.999 -99.999 -99.999 -99.999 -99.999 -99.999 5.474 -99.999 5.474 5.474 -99.999 -99.999 -99.999 -99.999 -99.999 -99.999
84 L -99.999 -99.999 -99.999 -99.999 -99.999 -99.999 -99.999 -99.999 -99.999 -99.999 8.199 -99.999 -99.999 -99.999 -99.999 -99.999 -99.999 -99.999 -99.999 3.029
85 F -99.999 -99.999 -99.999 -99.999 -99.999 -99.999 -99.999 -99.999 -99.999 -99.999 -99.999 -99.999 -99.999 8.644 -99.999 -99.999 -99.999 -99.999 -99.999 -99.999
86 I -99.999 -99.999 -99.999 -99.999 -99.999 -99.999 -99.999 -99.999 -99.999 8.199 3.029 -99.999 -99.999 -99.999 -99.999 -99.999 -99.999 -99.999 -99.999 -99.999
87 G -99.999 -99.999 -99.999 -99.999 -99.999 -99.999 -99.999 8.644 -99.999 -99.999 -99.999 -99.999 -99.999 -99.999 -99.999 -99.999 -99.999 -99.999 -99.999 -99.999
88 G -99.999 -99.999 -99.999 -99.999 -99.999 -99.999 -99.999 8.644 -99.999 -99.999 -99.999 -99.999 -99.999 -99.999 -99.999 -99.999 -99.999 -99.999 -99.999 -99.999
89 R -99.999 8.199 -99.999 -99.999 -99.999 -99.999 -99.999 -99.999 -99.999 -99.999 -99.999 3.029 -99.999 -99.999 -99.999 -99.999 -99.999 -99.999 -99.999 -99.999
90 F -99.999 -99.999 -99.999 -99.999 -99.999 -99.999 -99.999 -99.999 -99.999 -99.999 -99.999 -99.999 -99.999 8.644 -99.999 -99.999 -99.999 -99.999 -99.999 -99.999
91 W -99.999 -99.999 -99.999 -99.999 -99.999 -99.999 -99.999 -99.999 -99.999 3.029 -99.999 -99.999 -99.999 3.029 -99.999 -99.999 -99.999 7.673 -99.999 -99.999
92 A 7.029 -99.999 -99.999 -99.999 -99.999 -99.999 -99.999 5.029 -99.999 -99.999 -99.999 -99.999 -99.999 -99.999 -99.999 -99.999 -99.999 -99.999 -99.999 3.029
93 N -99.999 -99.999 5.029 -99.999 3.029 -99.999 3.029 -99.999 -99.999 3.029 -99.999 -99.999 -99.999 -99.999 -99.999 -99.999 -99.999 -99.999 3.029 3.029
94 L -99.999 -99.999 -99.999 -99.999 -99.999 -99.999 -99.999 -99.999 -99.999 -99.999 7.948 -99.999 -99.999 1.029 -99.999 -99.999 -99.999 -99.999 -99.999 3.029
95 I -99.999 -99.999 -99.999 -99.999 -99.999 -99.999 -99.999 -99.999 -99.999 5.029 5.029 -99.999 -99.999 5.029 -99.999 -99.999 -99.999 -99.999 -99.999 3.029
96 G -99.999 -99.999 -99.999 3.029 -99.999 -99.999 3.029 6.199 -99.999 -99.999 -99.999 -99.999 3.029 -99.999 -99.999 3.029 -99.999 -99.999 -99.999 -99.999
97 P -99.999 3.029 3.029 -99.999 -99.999 -99.999 -99.999 -99.999 -99.999 -99.999 -99.999 -99.999 -99.999 -99.999 5.029 -99.999 3.029 -99.999 5.029 -99.999
98 D -99.999 -99.999 -99.999 7.029 -99.999 -99.999 5.029 -99.999 -99.999 -99.999 -99.999 3.029 -99.999 -99.999 -99.999 -99.999 -99.999 -99.999 -99.999 -99.999
99 G 3.029 -99.999 -99.999 1.029 -99.999 -99.999 4.199 5.029 -99.999 -99.999 3.029 3.029 -99.999 -99.999 -99.999 -99.999 -99.999 -99.999 -99.999 -99.999
100 D -99.999 -99.999 3.029 6.199 -99.999 -99.999 -99.999 -99.999 -99.999 -99.999 -99.999 -99.999 -99.999 5.029 -99.999 -99.999 3.029 -99.999 -99.999 -99.999
101 L -99.999 -99.999 -99.999 -99.999 -99.999 -99.999 3.029 -99.999 -99.999 3.029 5.029 -99.999 3.029 -99.999 3.029 -99.999 -99.999 -99.999 -99.999 3.029
102 F -99.999 -99.999 -99.999 -99.999 -99.999 -99.999 -99.999 -99.999 -99.999 -99.999 5.029 -99.999 -99.999 7.029 -99.999 -99.999 -99.999 3.029 -99.999 -99.999
103 R -99.999 5.029 -99.999 -99.999 -99.999 -99.999 3.029 -99.999 -99.999 -99.999 3.029 3.029 -99.999 -99.999 -99.999 3.029 3.029 -99.999 -99.999 -99.999
104 R -99.999 7.474 -99.999 -99.999 -99.999 -99.999 -99.999 -99.999 -99.999 -99.999 -99.999 -99.999 -99.999 5.474 -99.999 -99.999 -99.999 -99.999 -99.999 -99.999
105 P -99.999 -99.999 -99.999 -99.999 -99.999 -99.999 3.029 5.029 -99.999 -99.999 3.029 -99.999 -99.999 -99.999 6.199 -99.999 -99.999 -99.999 -99.999 -99.999
106 N -99.999 -99.999 6.199 3.029 -99.999 -99.999 -99.999 -99.999 -99.999 -99.999 -99.999 -99.999 -99.999 -99.999 -99.999 -99.999 6.199 -99.999 -99.999 -99.999
107 F -99.999 -99.999 -99.999 -99.999 -99.999 -99.999 -99.999 -99.999 -99.999 3.029 -99.999 -99.999 -99.999 7.029 -99.999 3.029 -99.999 3.029 -99.999 -99.999
108 F -99.999 -99.999 -99.999 -99.999 -99.999 -99.999 -99.999 -99.999 -99.999 -99.999 -99.999 -99.999 -99.999 8.644 -99.999 -99.999 -99.999 -99.999 -99.999 -99.999
109 Y 3.029 1.029 3.029 -99.999 -99.999 -99.999 -99.999 -99.999 -99.999 -99.999 -99.999 -99.999 -99.999 -99.999 -99.999 1.029 3.029 -99.999 6.199 -99.999
110 E -99.999 -99.999 3.029 3.029 -99.999 -99.999 5.029 -99.999 -99.999 -99.999 -99.999 -99.999 -99.999 -99.999 -99.999 3.029 3.029 3.029 -99.999 -99.999
111 Y -99.999 -99.999 -99.999 -99.999 -99.999 -99.999 3.029 -99.999 3.029 3.029 -99.999 -99.999 -99.999 -99.999 -99.999 -99.999 -99.999 -99.999 7.029 -99.999
112 S -99.999 -99.999 3.029 4.199 -99.999 -99.999 1.029 -99.999 -99.999 -99.999 3.029 -99.999 -99.999 -99.999 -99.999 5.029 -99.999 -99.999 3.029 -99.999
113 I -99.999 -99.999 -99.999 -99.999 -99.999 -99.999 -99.999 -99.999 -99.999 6.199 3.029 -99.999 -99.999 -99.999 -99.999 -99.999 -99.999 -99.999 -99.999 6.199
114 P -99.999 -99.999 -99.999 3.029 -99.999 -99.999 -99.999 3.029 -99.999 -99.999 -99.999 3.029 -99.999 -99.999 5.029 3.029 -99.999 -99.999 -99.999 3.029
115 Y -99.999 -99.999 -99.999 3.029 -99.999 3.029 -99.999 -99.999 -99.999 3.029 3.029 -99.999 -99.999 -99.999 -99.999 -99.999 3.029 -99.999 5.029 -99.999
116 E 3.029 -99.999 3.029 3.029 -99.999 -99.999 5.029 -99.999 -99.999 -99.999 3.029 -99.999 -99.999 -99.999 -99.999 -99.999 3.029 -99.999 -99.999 -99.999
117 R -99.999 5.029 3.029 -99.999 -99.999 -99.999 -99.999 -99.999 3.029 1.029 4.199 3.029 -99.999 -99.999 -99.999 -99.999 -99.999 -99.999 -99.999 -99.999
118 K -99.999 3.029 -99.999 -99.999 -99.999 -99.999 -99.999 3.029 -99.999 -99.999 -99.999 6.199 -99.999 -99.999 -99.999 -99.999 -99.999 5.029 -99.999 -99.999
119 Q -99.999 3.029 -99.999 -99.999 -99.999 5.029 -99.999 -99.999 -99.999 3.029 -99.999 3.029 -99.999 -99.999 -99.999 -99.999 -99.999 -99.999 -99.999 5.029
120 D -99.999 3.029 3.029 5.029 -99.999 3.029 3.029 -99.999 -99.999 -99.999 -99.999 -99.999 -99.999 -99.999 3.029 -99.999 -99.999 -99.999 -99.999 -99.999
121 L -99.999 -99.999 -99.999 -99.999 -99.999 -99.999 -99.999 -99.999 -99.999 -99.999 7.673 -99.999 -99.999 -99.999 -99.999 5.029 -99.999 -99.999 -99.999 -99.999
122 L -99.999 -99.999 -99.999 -99.999 -99.999 -99.999 -99.999 -99.999 -99.999 3.029 6.199 -99.999 5.029 3.029 -99.999 -99.999 -99.999 -99.999 -99.999 -99.999
123 T -99.999 3.029 3.029 -99.999 -99.999 -99.999 -99.999 -99.999 -99.999 -99.999 3.029 -99.999 3.029 -99.999 -99.999 -99.999 5.029 -99.999 3.029 -99.999
124 Y -99.999 -99.999 -99.999 -99.999 -99.999 3.029 -99.999 -99.999 -99.999 -99.999 -99.999 -99.999 -99.999 3.029 -99.999 -99.999 -99.999 -99.999 7.673 -99.999
125 I -99.999 -99.999 -99.999 -99.999 -99.999 -99.999 -99.999 -99.999 -99.999 6.199 3.029 -99.999 -99.999 -99.999 -99.999 -99.999 -99.999 -99.999 -99.999 6.199
126 L -99.999 -99.999 -99.999 -99.999 -99.999 -99.999 -99.999 -99.999 -99.999 4.199 7.029 -99.999 -99.999 -99.999 -99.999 -99.999 -99.999 -99.999 3.029 1.029
127 L 3.029 -99.999 -99.999 -99.999 -99.999 -99.999 -99.999 3.029 -99.999 -99.999 5.029 -99.999 -99.999 -99.999 -99.999 5.029 3.029 -99.999 -99.999 -99.999
128 F -99.999 -99.999 -99.999 -99.999 -99.999 -99.999 -99.999 -99.999 -99.999 -99.999 -99.999 -99.999 3.029 8.199 -99.999 -99.999 -99.999 -99.999 -99.999 -99.999
129 M -99.999 -99.999 -99.999 -99.999 -99.999 -99.999 -99.999 -99.999 -99.999 -99.999 5.029 -99.999 6.199 -99.999 -99.999 -99.999 -99.999 -99.999 -99.999 5.029
130 Y -99.999 -99.999 -99.999 -99.999 3.029 -99.999 -99.999 3.029 -99.999 -99.999 -99.999 -99.999 -99.999 3.029 -99.999 -99.999 -99.999 -99.999 6.199 3.029
131 L -99.999 -99.999 -99.999 -99.999 3.029 -99.999 -99.999 -99.999 -99.999 -99.999 6.199 -99.999 -99.999 6.199 -99.999 -99.999 -99.999 -99.999 -99.999 -99.999
132 S -99.999 -99.999 -99.999 -99.999 -99.999 -99.999 -99.999 -99.999 -99.999 3.029 -99.999 -99.999 3.029 -99.999 -99.999 7.673 -99.999 -99.999 -99.999 -99.999
133 T -99.999 -99.999 3.029 -99.999 -99.999 -99.999 -99.999 -99.999 -99.999 -99.999 -99.999 -99.999 -99.999 -99.999 -99.999 5.029 6.199 -99.999 -99.999 3.029
134 I -99.999 -99.999 -99.999 -99.999 -99.999 -99.999 -99.999 -99.999 -99.999 5.029 3.029 -99.999 -99.999 5.029 -99.999 3.029 -99.999 3.029 -99.999 -99.999
135 G -99.999 -99.999 -99.999 -99.999 -99.999 -99.999 -99.999 8.199 -99.999 -99.999 -99.999 -99.999 -99.999 -99.999 -99.999 -99.999 -99.999 -99.999 -99.999 3.029
136 Y -99.999 -99.999 -99.999 -99.999 -99.999 -99.999 -99.999 -99.999 3.029 -99.999 -99.999 -99.999 -99.999 3.029 -99.999 -99.999 -99.999 -99.999 7.673 -99.999
137 L -99.999 -99.999 -99.999 -99.999 3.029 -99.999 -99.999 -99.999 -99.999 3.029 6.199 -99.999 -99.999 -99.999 -99.999 -99.999 -99.999 -99.999 3.029 3.029
138 L -99.999 -99.999 -99.999 -99.999 -99.999 -99.999 -99.999 -99.999 -99.999 -99.999 7.029 -99.999 -99.999 5.029 -99.999 3.029 -99.999 -99.999 -99.999 -99.999
139 R -99.999 5.029 -99.999 -99.999 3.029 -99.999 -99.999 -99.999 -99.999 -99.999 -99.999 -99.999 -99.999 3.029 -99.999 3.029 -99.999 -99.999 5.029 -99.999
140 R -99.999 3.029 3.029 -99.999 -99.999 -99.999 -99.999 -99.999 -99.999 3.029 -99.999 3.029 3.029 -99.999 3.029 -99.999 -99.999 -99.999 3.029 -99.999
141 K -99.999 3.029 -99.999 -99.999 3.029 -99.999 3.029 -99.999 -99.999 3.029 -99.999 5.029 -99.999 -99.999 -99.999 3.029 -99.999 -99.999 -99.999 -99.999
142 K -99.999 5.029 -99.999 -99.999 -99.999 -99.999 -99.999 -99.999 3.029 -99.999 -99.999 6.199 -99.999 -99.999 -99.999 -99.999 -99.999 -99.999 3.029 -99.999
143 K 3.029 -99.999 -99.999 -99.999 -99.999 -99.999 -99.999 -99.999 3.029 -99.999 -99.999 5.029 1.029 -99.999 3.029 -99.999 3.029 -99.999 -99.999 1.029
144 D -99.999 -99.999 -99.999 5.474 -99.999 -99.999 -99.999 -99.999 -99.999 5.474 -99.999 -99.999 -99.999 5.474 -99.999 -99.999 -99.999 -99.999 -99.999 -99.999
145 K 4.199 -99.999 -99.999 -99.999 -99.999 -99.999 -99.999 -99.999 -99.999 3.029 -99.999 7.029 -99.999 -99.999 -99.999 -99.999 1.029 -99.999 -99.999 -99.999
146 I -99.999 -99.999 -99.999 -99.999 -99.999 -99.999 -99.999 -99.999 -99.999 8.644 -99.999 -99.999 -99.999 -99.999 -99.999 -99.999 -99.999 -99.999 -99.999 -99.999
147 N -99.999 -99.999 8.644 -99.999 -99.999 -99.999 -99.999 -99.999 -99.999 -99.999 -99.999 -99.999 -99.999 -99.999 -99.999 -99.999 -99.999 -99.999 -99.999 -99.999
148 K -99.999 -99.999 -99.999 -99.999 -99.999 -99.999 -99.999 -99.999 -99.999 -99.999 -99.999 8.644 -99.999 -99.999 -99.999 -99.999 -99.999 -99.999 -99.999 -99.999
149 E -99.999 -99.999 -99.999 3.029 -99.999 -99.999 4.199 3.029 -99.999 -99.999 3.029 -99.999 -99.999 -99.999 4.199 3.029 -99.999 -99.999 -99.999 -99.999
150 C -99.999 -99.999 -99.999 -99.999 3.474 3.474 -99.999 3.474 -99.999 -99.999 -99.999 3.474 3.474 -99.999 3.474 -99.999 -99.999 -99.999 -99.999 -99.999
151 P -99.999 -99.999 -99.999 3.029 -99.999 -99.999 3.029 -99.999 -99.999 4.199 3.029 -99.999 -99.999 -99.999 5.029 -99.999 -99.999 -99.999 -99.999 1.029
152 E -99.999 -99.999 3.029 3.029 -99.999 -99.999 5.029 -99.999 -99.999 -99.999 -99.999 -99.999 -99.999 -99.999 -99.999 -99.999 -99.999 -99.999 3.029 5.029
153 L -99.999 -99.999 -99.999 -99.999 -99.999 -99.999 -99.999 -99.999 -99.999 3.029 7.029 -99.999 -99.999 3.029 3.029 -99.999 -99.999 -99.999 -99.999 -99.999
154 S -99.999 -99.999 5.029 -99.999 -99.999 -99.999 3.029 -99.999 -99.999 -99.999 -99.999 -99.999 -99.999 -99.999 -99.999 6.199 3.029 -99.999 -99.999 -99.999
155 F -99.999 -99.999 -99.999 -99.999 -99.999 -99.999 -99.999 -99.999 -99.999 3.029 -99.999 -99.999 -99.999 5.029 -99.999 5.029 -99.999 -99.999 3.029 3.029
156 E -99.999 -99.999 -99.999 3.029 -99.999 -99.999 6.199 -99.999 -99.999 -99.999 -99.999 3.029 -99.999 -99.999 -99.999 5.029 -99.999 -99.999 -99.999 -99.999
157 A 3.029 3.029 -99.999 3.029 -99.999 -99.999 3.029 3.029 -99.999 -99.999 -99.999 -99.999 -99.999 3.029 -99.999 3.029 -99.999 -99.999 -99.999 -99.999
158 T -99.999 -99.999 -99.999 -99.999 -99.999 -99.999 -99.999 -99.999 -99.999 5.474 -99.999 3.474 -99.999 -99.999 -99.999 -99.999 6.644 -99.999 -99.999 -99.999
159 F 1.474 -99.999 3.474 -99.999 -99.999 -99.999 -99.999 -99.999 -99.999 -99.999 -99.999 -99.999 -99.999 5.474 -99.999 -99.999 5.474 -99.999 -99.999 1.474
160 S -99.999 -99.999 -99.999 -99.999 -99.999 3.474 3.474 -99.999 -99.999 3.474 -99.999 -99.999 -99.999 -99.999 3.474 5.474 -99.999 -99.999 -99.999 -99.999
161 M -99.999 -99.999 -99.999 -99.999 -99.999 -99.999 3.029 -99.999 3.029 -99.999 3.029 -99.999 5.029 -99.999 -99.999 -99.999 3.029 -99.999 3.029 -99.999
162 K -99.999 3.029 -99.999 -99.999 -99.999 3.029 -99.999 -99.999 -99.999 -99.999 -99.999 5.029 -99.999 -99.999 3.029 3.029 3.029 -99.999 -99.999 -99.999
163 I -99.999 -99.999 -99.999 -99.999 -99.999 -99.999 -99.999 -99.999 -99.999 6.644 3.029 -99.999 -99.999 -99.999 -99.999 -99.999 -99.999 -99.999 3.029 4.199
164 D -99.999 3.029 3.029 6.199 -99.999 -99.999 -99.999 -99.999 3.029 -99.999 -99.999 -99.999 -99.999 -99.999 -99.999 -99.999 3.029 -99.999 -99.999 -99.999
165 L -99.999 3.029 1.029 3.029 -99.999 -99.999 -99.999 3.029 -99.999 4.199 5.029 -99.999 -99.999 -99.999 -99.999 -99.999 -99.999 -99.999 -99.999 -99.999
166 I -99.999 -99.999 -99.999 -99.999 -99.999 -99.999 -99.999 -99.999 -99.999 5.673 -99.999 -99.999 -99.999 3.029 -99.999 -99.999 -99.999 3.029 -99.999 5.673
167 L -99.999 -99.999 -99.999 -99.999 -99.999 -99.999 -99.999 -99.999 -99.999 -99.999 7.673 -99.999 -99.999 -99.999 -99.999 5.029 -99.999 -99.999 -99.999 -99.999
168 S -99.999 5.029 -99.999 -99.999 -99.999 -99.999 -99.999 -99.999 -99.999 -99.999 3.029 3.029 -99.999 -99.999 -99.999 6.199 -99.999 -99.999 -99.999 -99.999
169 L 1.029 -99.999 3.029 -99.999 -99.999 -99.999 -99.999 1.029 -99.999 -99.999 6.199 -99.999 -99.999 -99.999 -99.999 3.029 -99.999 -99.999 3.029 -99.999
170 C 3.029 -99.999 -99.999 -99.999 5.029 -99.999 -99.999 -99.999 -99.999 3.029 3.029 -99.999 -99.999 3.029 -99.999 -99.999 -99.999 -99.999 -99.999 3.029
171 F -99.999 -99.999 -99.999 -99.999 -99.999 -99.999 -99.999 -99.999 -99.999 -99.999 -99.999 -99.999 3.029 7.029 -99.999 -99.999 -99.999 -99.999 5.029 -99.999
172 P -99.999 -99.999 -99.999 -99.999 3.029 -99.999 -99.999 -99.999 -99.999 -99.999 -99.999 -99.999 -99.999 4.199 5.029 -99.999 -99.999 -99.999 3.029 4.199
173 I -99.999 -99.999 -99.999 -99.999 -99.999 -99.999 -99.999 -99.999 -99.999 7.029 3.029 -99.999 -99.999 5.029 -99.999 -99.999 -99.999 -99.999 -99.999 -99.999
174 L -99.999 -99.999 -99.999 -99.999 -99.999 -99.999 -99.999 -99.999 -99.999 3.029 6.199 -99.999 -99.999 6.199 -99.999 -99.999 -99.999 -99.999 -99.999 -99.999
175 A 7.673 -99.999 -99.999 -99.999 3.029 -99.999 -99.999 -99.999 -99.999 -99.999 -99.999 -99.999 -99.999 -99.999 -99.999 -99.999 -99.999 -99.999 -99.999 3.029
176 I -99.999 -99.999 -99.999 -99.999 -99.999 -99.999 -99.999 3.029 -99.999 6.199 -99.999 -99.999 -99.999 -99.999 5.029 -99.999 -99.999 -99.999 -99.999 3.029
177 L -99.999 -99.999 -99.999 -99.999 3.029 -99.999 -99.999 -99.999 3.029 3.029 5.029 -99.999 -99.999 3.029 -99.999 -99.999 -99.999 -99.999 3.029 -99.999
178 V -99.999 -99.999 -99.999 -99.999 -99.999 -99.999 -99.999 -99.999 -99.999 3.029 3.029 -99.999 -99.999 -99.999 -99.999 -99.999 5.029 -99.999 -99.999 6.199
179 L -99.999 -99.999 -99.999 -99.999 -99.999 -99.999 -99.999 -99.999 -99.999 -99.999 8.644 -99.999 -99.999 -99.999 -99.999 -99.999 -99.999 -99.999 -99.999 -99.999
180 Y -99.999 -99.999 -99.999 -99.999 -99.999 -99.999 -99.999 -99.999 -99.999 3.029 3.029 3.029 -99.999 -99.999 -99.999 -99.999 -99.999 3.029 6.199 -99.999
181 D 3.029 -99.999 -99.999 5.029 -99.999 -99.999 -99.999 -99.999 3.029 -99.999 -99.999 -99.999 3.029 -99.999 -99.999 -99.999 3.029 -99.999 3.029 -99.999
182 V 3.029 -99.999 -99.999 -99.999 -99.999 -99.999 -99.999 3.029 -99.999 3.029 -99.999 -99.999 -99.999 -99.999 -99.999 3.029 -99.999 -99.999 3.029 5.029
183 F -99.999 -99.999 -99.999 -99.999 -99.999 -99.999 -99.999 -99.999 -99.999 -99.999 3.029 -99.999 -99.999 5.029 -99.999 3.029 -99.999 -99.999 5.029 3.029
184 N 3.029 -99.999 5.029 3.029 -99.999 -99.999 3.029 -99.999 -99.999 -99.999 3.029 -99.999 -99.999 -99.999 -99.999 3.029 -99.999 -99.999 -99.999 -99.999
185 S -99.999 3.029 -99.999 -99.999 -99.999 -99.999 -99.999 -99.999 -99.999 -99.999 -99.999 5.029 -99.999 -99.999 -99.999 6.199 3.029 -99.999 -99.999 -99.999
186 L 3.029 -99.999 -99.999 -99.999 -99.999 -99.999 -99.999 -99.999 -99.999 -99.999 7.029 -99.999 -99.999 3.029 -99.999 -99.999 -99.999 -99.999 -99.999 3.029
187 I -99.999 3.029 -99.999 -99.999 -99.999 1.029 -99.999 -99.999 1.029 5.029 -99.999 -99.999 -99.999 -99.999 -99.999 3.029 -99.999 -99.999 3.029 3.029
188 T -99.999 -99.999 -99.999 -99.999 -99.999 -99.999 3.029 -99.999 -99.999 -99.999 -99.999 3.029 -99.999 -99.999 -99.999 3.029 5.029 -99.999 3.029 3.029
189 A 7.673 -99.999 -99.999 -99.999 -99.999 -99.999 -99.999 -99.999 -99.999 -99.999 -99.999 -99.999 -99.999 -99.999 -99.999 3.029 -99.999 -99.999 -99.999 3.029
190 L -99.999 -99.999 -99.999 -99.999 -99.999 -99.999 -99.999 -99.999 -99.999 -99.999 6.644 -99.999 -99.999 3.029 -99.999 5.029 -99.999 -99.999 -99.999 1.029
191 S -99.999 -99.999 -99.999 -99.999 -99.999 -99.999 -99.999 -99.999 -99.999 -99.999 5.474 -99.999 -99.999 -99.999 -99.999 7.474 -99.999 -99.999 -99.999 -99.999
192 G -99.999 -99.999 3.029 -99.999 -99.999 3.029 3.029 6.199 -99.999 -99.999 -99.999 -99.999 -99.999 -99.999 -99.999 3.029 -99.999 -99.999 -99.999 -99.999
193 G 3.029 -99.999 3.029 -99.999 -99.999 -99.999 3.029 6.199 -99.999 -99.999 3.029 -99.999 -99.999 -99.999 -99.999 -99.999 -99.999 -99.999 -99.999 -99.999
194 G -99.999 -99.999 -99.999 -99.999 -99.999 -99.999 -99.999 8.644 -99.999 -99.999 -99.999 -99.999 -99.999 -99.999 -99.999 -99.999 -99.999 -99.999 -99.999 -99.999
195 Y -99.999 -99.999 -99.999 -99.999 -99.999 -99.999 -99.999 -99.999 -99.999 -99.999 -99.999 -99.999 -99.999 -99.999 -99.999 -99.999 -99.999 -99.999 8.644 -99.999
196 L 3.029 -99.999 -99.999 -99.999 -99.999 -99.999 -99.999 -99.999 -99.999 -99.999 7.673 -99.999 -99.999 -99.999 -99.999 -99.999 3.029 -99.999 -99.999 -99.999
197 S -99.999 -99.999 -99.999 -99.999 -99.999 -99.999 -99.999 -99.999 -99.999 -99.999 -99.999 -99.999 -99.999 -99.999 -99.999 7.673 -99.999 -99.999 -99.999 5.029
198 L -99.999 -99.999 -99.999 -99.999 -99.999 -99.999 -99.999 -99.999 -99.999 -99.999 8.199 -99.999 -99.999 -99.999 -99.999 -99.999 -99.999 -99.999 -99.999 3.029
199 Y -99.999 -99.999 -99.999 -99.999 -99.999 -99.999 3.029 -99.999 -99.999 -99.999 -99.999 -99.999 -99.999 3.029 -99.999 -99.999 -99.999 -99.999 7.673 -99.999
200 L -99.999 -99.999 -99.999 -99.999 -99.999 3.029 3.029 -99.999 -99.999 3.029 5.029 -99.999 3.029 -99.999 -99.999 -99.999 -99.999 -99.999 3.029 -99.999
201 G -99.999 -99.999 -99.999 -99.999 -99.999 -99.999 -99.999 6.644 -99.999 -99.999 -99.999 -99.999 -99.999 -99.999 -99.999 6.644 -99.999 -99.999 -99.999 -99.999
202 D 3.029 -99.999 -99.999 5.029 -99.999 3.029 3.029 -99.999 -99.999 -99.999 -99.999 3.029 -99.999 -99.999 -99.999 -99.999 -99.999 -99.999 -99.999 3.029
203 Q -99.999 -99.999 3.029 -99.999 -99.999 7.673 -99.999 -99.999 -99.999 -99.999 -99.999 -99.999 -99.999 -99.999 -99.999 -99.999 3.029 -99.999 -99.999 -99.999
204 T -99.999 -99.999 -99.999 5.029 -99.999 3.029 -99.999 -99.999 -99.999 1.029 -99.999 -99.999 -99.999 -99.999 -99.999 -99.999 6.199 -99.999 -99.999 1.029
205 E 3.029 -99.999 -99.999 -99.999 -99.999 -99.999 6.199 5.029 -99.999 -99.999 -99.999 -99.999 -99.999 -99.999 -99.999 3.029 -99.999 -99.999 -99.999 -99.999
206 E -99.999 -99.999 -99.999 -99.999 -99.999 -99.999 6.199 -99.999 -99.999 -99.999 -99.999 6.199 -99.999 -99.999 -99.999 -99.999 -99.999 -99.999 3.029 -99.999
207 Y -99.999 -99.999 -99.999 -99.999 -99.999 -99.999 -99.999 -99.999 3.029 -99.999 -99.999 3.029 -99.999 -99.999 -99.999 -99.999 -99.999 -99.999 6.199 5.029
208 G -99.999 -99.999 -99.999 -99.999 -99.999 -99.999 -99.999 8.644 -99.999 -99.999 -99.999 -99.999 -99.999 -99.999 -99.999 -99.999 -99.999 -99.999 -99.999 -99.999
209 V -99.999 -99.999 -99.999 -99.999 -99.999 -99.999 -99.999 -99.999 -99.999 -99.999 -99.999 -99.999 -99.999 -99.999 -99.999 -99.999 -99.999 -99.999 -99.999 8.644
210 S 5.029 -99.999 -99.999 -99.999 -99.999 -99.999 -99.999 -99.999 -99.999 -99.999 -99.999 -99.999 -99.999 -99.999 -99.999 7.029 -99.999 -99.999 3.029 -99.999
211 A 5.029 -99.999 -99.999 -99.999 -99.999 -99.999 -99.999 -99.999 -99.999 3.029 -99.999 -99.999 -99.999 -99.999 3.029 3.029 5.029 -99.999 -99.999 -99.999
212 G -99.999 -99.999 -99.999 -99.999 -99.999 -99.999 -99.999 7.673 -99.999 -99.999 -99.999 -99.999 -99.999 3.029 -99.999 -99.999 -99.999 -99.999 -99.999 3.029
213 S 3.029 -99.999 3.029 -99.999 -99.999 -99.999 -99.999 3.029 3.029 -99.999 -99.999 -99.999 -99.999 -99.999 -99.999 6.199 -99.999 -99.999 -99.999 -99.999
214 G -99.999 -99.999 3.029 -99.999 -99.999 -99.999 -99.999 6.199 -99.999 -99.999 -99.999 5.029 -99.999 -99.999 -99.999 3.029 -99.999 -99.999 -99.999 -99.999
215 F -99.999 -99.999 -99.999 -99.999 -99.999 -99.999 -99.999 -99.999 -99.999 -99.999 6.199 -99.999 -99.999 7.029 -99.999 -99.999 -99.999 -99.999 -99.999 -99.999
216 A 5.029 -99.999 -99.999 -99.999 -99.999 -99.999 -99.999 -99.999 -99.999 5.029 -99.999 -99.999 3.029 3.029 -99.999 -99.999 -99.999 -99.999 -99.999 3.029
217 A 5.029 -99.999 3.029 5.029 -99.999 -99.999 -99.999 -99.999 -99.999 -99.999 -99.999 -99.999 3.029 -99.999 3.029 -99.999 -99.999 -99.999 -99.999 -99.999
218 S 3.029 -99.999 -99.999 -99.999 -99.999 -99.999 -99.999 -99.999 -99.999 3.029 -99.999 -99.999 3.029 -99.999 -99.999 5.029 3.029 -99.999 -99.999 3.029
219 L -99.999 -99.999 -99.999 -99.999 -99.999 -99.999 -99.999 -99.999 -99.999 3.029 7.029 -99.999 3.029 3.029 -99.999 -99.999 -99.999 -99.999 -99.999 -99.999
220 L -99.999 -99.999 3.029 -99.999 -99.999 -99.999 -99.999 -99.999 -99.999 3.029 7.029 -99.999 3.029 -99.999 -99.999 -99.999 -99.999 -99.999 -99.999 -99.999
221 Y -99.999 -99.999 -99.999 -99.999 -99.999 -99.999 -99.999 -99.999 -99.999 3.029 -99.999 -99.999 3.029 -99.999 -99.999 3.029 3.029 -99.999 6.199 -99.999
222 V -99.999 -99.999 -99.999 -99.999 -99.999 -99.999 -99.999 -99.999 -99.999 5.029 3.029 -99.999 -99.999 3.029 -99.999 -99.999 -99.999 -99.999 -99.999 6.199
223 F -99.999 -99.999 -99.999 -99.999 -99.999 -99.999 -99.999 3.029 -99.999 -99.999 3.029 -99.999 -99.999 7.029 -99.999 3.029 -99.999 -99.999 -99.999 -99.999
224 L -99.999 -99.999 -99.999 -99.999 -99.999 -99.999 -99.999 -99.999 -99.999 -99.999 7.029 -99.999 -99.999 5.029 -99.999 -99.999 -99.999 -99.999 -99.999 3.029
225 G 3.029 -99.999 -99.999 -99.999 -99.999 -99.999 -99.999 7.673 -99.999 -99.999 -99.999 -99.999 -99.999 -99.999 -99.999 3.029 -99.999 -99.999 -99.999 -99.999
226 I -99.999 -99.999 -99.999 -99.999 -99.999 -99.999 -99.999 -99.999 -99.999 7.029 5.029 -99.999 3.029 -99.999 -99.999 -99.999 -99.999 -99.999 -99.999 -99.999
227 A 7.029 -99.999 -99.999 -99.999 -99.999 -99.999 -99.999 -99.999 -99.999 -99.999 -99.999 -99.999 -99.999 -99.999 -99.999 3.029 3.029 -99.999 -99.999 3.029
228 L -99.999 -99.999 -99.999 -99.999 -99.999 -99.999 -99.999 -99.999 -99.999 3.029 5.029 -99.999 5.029 3.029 -99.999 -99.999 -99.999 -99.999 3.029 -99.999
229 V 3.029 -99.999 -99.999 -99.999 -99.999 -99.999 -99.999 5.029 -99.999 -99.999 -99.999 -99.999 -99.999 -99.999 -99.999 -99.999 -99.999 -99.999 -99.999 7.029
230 Y -99.999 -99.999 -99.999 -99.999 -99.999 -99.999 -99.999 -99.999 -99.999 -99.999 -99.999 -99.999 -99.999 3.029 -99.999 -99.999 -99.999 -99.999 8.199 -99.999
231 G 3.029 -99.999 3.029 -99.999 -99.999 -99.999 -99.999 7.673 -99.999 -99.999 -99.999 -99.999 -99.999 -99.999 -99.999 -99.999 -99.999 -99.999 -99.999 -99.999
232 K -99.999 -99.999 3.029 5.029 -99.999 -99.999 -99.999 -99.999 -99.999 -99.999 3.029 6.199 -99.999 -99.999 -99.999 -99.999 -99.999 -99.999 -99.999 -99.999
233 N -99.999 3.029 5.029 -99.999 -99.999 -99.999 -99.999 -99.999 -99.999 -99.999 -99.999 5.029 -99.999 -99.999 -99.999 3.029 -99.999 -99.999 -99.999 3.029
234 S -99.999 3.029 -99.999 -99.999 -99.999 -99.999 -99.999 -99.999 -99.999 -99.999 -99.999 3.029 -99.999 -99.999 -99.999 6.199 3.029 -99.999 3.029 -99.999
235 T -99.999 -99.999 3.474 -99.999 -99.999 -99.999 -99.999 -99.999 -99.999 -99.999 5.474 -99.999 -99.999 -99.999 -99.999 -99.999 6.644 -99.999 -99.999 -99.999
236 K -99.999 3.029 3.029 -99.999 -99.999 -99.999 -99.999 -99.999 -99.999 -99.999 -99.999 7.673 -99.999 -99.999 -99.999 -99.999 -99.999 -99.999 -99.999 -99.999
237 K -99.999 5.029 -99.999 -99.999 -99.999 -99.999 -99.999 -99.999 -99.999 5.029 -99.999 6.199 -99.999 -99.999 -99.999 -99.999 -99.999 -99.999 -99.999 -99.999
238 K -99.999 -99.999 3.029 -99.999 -99.999 -99.999 -99.999 -99.999 -99.999 -99.999 5.029 6.199 -99.999 -99.999 -99.999 -99.999 -99.999 -99.999 3.029 -99.999
239 Y -99.999 -99.999 -99.999 -99.999 -99.999 -99.999 -99.999 -99.999 -99.999 -99.999 -99.999 -99.999 -99.999 3.029 -99.999 -99.999 -99.999 -99.999 8.199 -99.999
240 L -99.999 -99.999 -99.999 -99.999 -99.999 -99.999 -99.999 -99.999 -99.999 -99.999 8.199 -99.999 -99.999 3.029 -99.999 -99.999 -99.999 -99.999 -99.999 -99.999
241 F -99.999 -99.999 -99.999 -99.999 -99.999 -99.999 -99.999 3.029 -99.999 3.029 -99.999 -99.999 3.029 5.673 -99.999 -99.999 -99.999 -99.999 -99.999 4.199
242 L -99.999 -99.999 -99.999 -99.999 -99.999 -99.999 -99.999 -99.999 -99.999 -99.999 8.644 -99.999 -99.999 -99.999 -99.999 -99.999 -99.999 -99.999 -99.999 -99.999
243 F -99.999 -99.999 -99.999 -99.999 -99.999 -99.999 -99.999 -99.999 -99.999 3.029 3.029 -99.999 -99.999 5.029 -99.999 -99.999 3.029 -99.999 5.029 -99.999
244 F 3.029 -99.999 -99.999 -99.999 -99.999 -99.999 -99.999 -99.999 -99.999 5.029 3.029 -99.999 -99.999 6.199 -99.999 -99.999 -99.999 -99.999 -99.999 -99.999
245 I -99.999 -99.999 -99.999 -99.999 -99.999 -99.999 -99.999 -99.999 -99.999 6.199 -99.999 -99.999 3.029 -99.999 -99.999 -99.999 -99.999 -99.999 -99.999 6.199
246 K -99.999 -99.999 3.029 -99.999 -99.999 -99.999 3.029 -99.999 -99.999 3.029 -99.999 5.029 -99.999 -99.999 -99.999 -99.999 -99.999 -99.999 5.029 -99.999
247 A 6.199 -99.999 -99.999 -99.999 -99.999 -99.999 -99.999 3.029 -99.999 -99.999 -99.999 -99.999 -99.999 -99.999 -99.999 6.199 -99.999 -99.999 -99.999 -99.999
248 L -99.999 -99.999 -99.999 -99.999 -99.999 -99.999 -99.999 -99.999 -99.999 3.029 6.199 -99.999 -99.999 5.029 -99.999 -99.999 -99.999 -99.999 -99.999 3.029
249 V -99.999 -99.999 -99.999 -99.999 -99.999 -99.999 -99.999 -99.999 -99.999 -99.999 3.029 -99.999 -99.999 5.029 -99.999 -99.999 3.029 -99.999 -99.999 6.199
250 F -99.999 -99.999 3.029 3.029 -99.999 -99.999 3.029 -99.999 -99.999 -99.999 -99.999 -99.999 3.029 5.029 -99.999 -99.999 -99.999 -99.999 -99.999 3.029
251 I -99.999 -99.999 -99.999 -99.999 -99.999 -99.999 -99.999 -99.999 -99.999 7.029 5.029 -99.999 -99.999 -99.999 -99.999 -99.999 -99.999 -99.999 -99.999 3.029
252 L -99.999 -99.999 -99.999 -99.999 -99.999 -99.999 -99.999 -99.999 -99.999 -99.999 7.029 -99.999 -99.999 3.029 -99.999 -99.999 -99.999 -99.999 -99.999 5.029
253 I -99.999 -99.999 -99.999 -99.999 -99.999 -99.999 -99.999 -99.999 -99.999 7.673 -99.999 -99.999 3.029 -99.999 -99.999 3.029 -99.999 -99.999 -99.999 -99.999
254 G -99.999 -99.999 -99.999 -99.999 -99.999 -99.999 -99.999 8.644 -99.999 -99.999 -99.999 -99.999 -99.999 -99.999 -99.999 -99.999 -99.999 -99.999 -99.999 -99.999
255 Q 3.029 -99.999 -99.999 -99.999 -99.999 5.029 -99.999 -99.999 -99.999 -99.999 -99.999 -99.999 -99.999 -99.999 -99.999 5.029 5.029 -99.999 -99.999 -99.999
256 R -99.999 8.644 -99.999 -99.999 -99.999 -99.999 -99.999 -99.999 -99.999 -99.999 -99.999 -99.999 -99.999 -99.999 -99.999 -99.999 -99.999 -99.999 -99.999 -99.999
257 A 7.029 -99.999 -99.999 -99.999 -99.999 -99.999 -99.999 5.029 -99.999 -99.999 -99.999 -99.999 -99.999 -99.999 -99.999 -99.999 3.029 -99.999 -99.999 -99.999
258 A 5.029 -99.999 -99.999 -99.999 -99.999 3.029 -99.999 -99.999 -99.999 -99.999 -99.999 5.029 -99.999 -99.999 -99.999 5.029 -99.999 -99.999 -99.999 -99.999
259 F -99.999 -99.999 -99.999 -99.999 -99.999 -99.999 -99.999 -99.999 -99.999 -99.999 3.029 -99.999 3.029 7.673 -99.999 -99.999 -99.999 -99.999 -99.999 -99.999
260 G 3.029 -99.999 -99.999 -99.999 -99.999 -99.999 -99.999 8.199 -99.999 -99.999 -99.999 -99.999 -99.999 -99.999 -99.999 -99.999 -99.999 -99.999 -99.999 -99.999
261 A 6.199 -99.999 -99.999 -99.999 -99.999 -99.999 -99.999 -99.999 -99.999 -99.999 -99.999 -99.999 -99.999 -99.999 -99.999 6.199 -99.999 -99.999 -99.999 3.029
262 I -99.999 -99.999 -99.999 -99.999 -99.999 -99.999 -99.999 -99.999 -99.999 5.029 5.029 -99.999 5.029 -99.999 -99.999 -99.999 3.029 -99.999 -99.999 -99.999
263 L -99.999 -99.999 -99.999 -99.999 -99.999 -99.999 -99.999 -99.999 -99.999 -99.999 8.199 -99.999 -99.999 3.029 -99.999 -99.999 -99.999 -99.999 -99.999 -99.999
264 L -99.999 -99.999 -99.999 -99.999 -99.999 -99.999 -99.999 -99.999 -99.999 3.029 8.199 -99.999 -99.999 -99.999 -99.999 -99.999 -99.999 -99.999 -99.999 -99.999
265 F -99.999 -99.999 -99.999 -99.999 -99.999 -99.999 -99.999 -99.999 -99.999 -99.999 5.029 -99.999 -99.999 7.673 -99.999 -99.999 -99.999 -99.999 -99.999 -99.999
266 L -99.999 -99.999 -99.999 -99.999 -99.999 -99.999 -99.999 3.029 -99.999 -99.999 7.029 -99.999 -99.999 3.029 -99.999 -99.999 -99.999 3.029 -99.999 -99.999
267 L -99.999 -99.999 -99.999 -99.999 -99.999 -99.999 -99.999 -99.999 -99.999 5.029 7.029 -99.999 -99.999 -99.999 -99.999 -99.999 -99.999 -99.999 -99.999 3.029
268 W -99.999 -99.999 -99.999 -99.999 -99.999 -99.999 -99.999 -99.999 -99.999 -99.999 3.029 -99.999 -99.999 -99.999 -99.999 -99.999 -99.999 8.199 -99.999 -99.999
269 I -99.999 -99.999 -99.999 -99.999 -99.999 -99.999 -99.999 -99.999 -99.999 6.199 -99.999 -99.999 3.029 -99.999 -99.999 -99.999 -99.999 -99.999 5.029 3.029
270 Y -99.999 -99.999 -99.999 -99.999 -99.999 -99.999 -99.999 -99.999 3.029 -99.999 3.029 -99.999 -99.999 3.029 -99.999 -99.999 -99.999 -99.999 7.029 -99.999
271 S 3.029 -99.999 -99.999 -99.999 -99.999 -99.999 -99.999 -99.999 -99.999 -99.999 3.029 -99.999 -99.999 3.029 -99.999 7.029 -99.999 -99.999 -99.999 -99.999
272 R -99.999 5.029 -99.999 -99.999 -99.999 5.029 -99.999 -99.999 -99.999 -99.999 3.029 3.029 3.029 -99.999 -99.999 -99.999 -99.999 -99.999 -99.999 -99.999
273 N -99.999 -99.999 6.199 -99.999 -99.999 -99.999 5.029 -99.999 -99.999 -99.999 -99.999 -99.999 -99.999 -99.999 -99.999 3.029 -99.999 -99.999 3.029 -99.999
274 H -99.999 3.029 -99.999 -99.999 -99.999 -99.999 -99.999 -99.999 6.199 -99.999 -99.999 5.029 -99.999 -99.999 -99.999 -99.999 -99.999 -99.999 3.029 -99.999
275 K -99.999 3.029 5.029 -99.999 -99.999 -99.999 -99.999 -99.999 -99.999 -99.999 -99.999 7.029 -99.999 -99.999 -99.999 -99.999 -99.999 -99.999 -99.999 -99.999
276 V -99.999 -99.999 -99.999 -99.999 -99.999 -99.999 -99.999 -99.999 -99.999 5.029 -99.999 -99.999 -99.999 -99.999 -99.999 -99.999 -99.999 -99.999 -99.999 7.673
277 N -99.999 3.029 7.029 -99.999 -99.999 -99.999 -99.999 -99.999 -99.999 -99.999 -99.999 -99.999 -99.999 -99.999 -99.999 3.029 3.029 -99.999 -99.999 -99.999
278 L -99.999 -99.999 -99.999 -99.999 -99.999 -99.999 -99.999 3.029 -99.999 5.029 6.199 -99.999 -99.999 3.029 -99.999 -99.999 -99.999 -99.999 -99.999 -99.999
279 K -99.999 -99.999 -99.999 -99.999 -99.999 -99.999 -99.999 -99.999 -99.999 3.029 3.029 5.029 -99.999 3.029 -99.999 -99.999 3.029 -99.999 -99.999 3.029
280 K -99.999 5.029 -99.999 -99.999 -99.999 -99.999 -99.999 -99.999 -99.999 -99.999 -99.999 7.673 -99.999 -99.999 -99.999 -99.999 -99.999 -99.999 -99.999 -99.999
281 I -99.999 -99.999 -99.999 -99.999 -99.999 -99.999 -99.999 -99.999 -99.999 6.644 6.644 -99.999 -99.999 -99.999 -99.999 -99.999 -99.999 -99.999 -99.999 -99.999
282 G 3.029 -99.999 -99.999 -99.999 -99.999 -99.999 -99.999 5.029 -99.999 3.029 5.029 -99.999 -99.999 3.029 -99.999 -99.999 -99.999 -99.999 -99.999 -99.999
283 L -99.999 -99.999 -99.999 -99.999 -99.999 -99.999 -99.999 -99.999 -99.999 5.029 6.199 -99.999 -99.999 -99.999 -99.999 -99.999 -99.999 -99.999 -99.999 5.029
284 F -99.999 -99.999 -99.999 -99.999 -99.999 -99.999 -99.999 3.029 -99.999 -99.999 3.029 -99.999 -99.999 5.029 -99.999 3.029 -99.999 -99.999 5.029 -99.999
285 L 3.029 -99.999 -99.999 -99.999 3.029 -99.999 -99.999 3.029 -99.999 3.029 5.029 -99.999 -99.999 -99.999 -99.999 3.029 -99.999 -99.999 -99.999 -99.999
286 G -99.999 -99.999 -99.999 -99.999 -99.999 -99.999 -99.999 7.029 -99.999 3.029 -99.999 -99.999 -99.999 5.029 -99.999 -99.999 -99.999 -99.999 -99.999 -99.999
287 G 3.029 -99.999 -99.999 -99.999 3.029 -99.999 -99.999 5.029 -99.999 3.029 3.029 -99.999 -99.999 -99.999 -99.999 3.029 -99.999 -99.999 -99.999 -99.999
288 A 6.199 -99.999 -99.999 -99.999 3.029 -99.999 -99.999 3.029 -99.999 -99.999 -99.999 -99.999 -99.999 -99.999 -99.999 5.029 -99.999 -99.999 -99.999 -99.999
289 L -99.999 -99.999 -99.999 -99.999 -99.999 -99.999 -99.999 -99.999 -99.999 3.029 6.199 -99.999 5.029 -99.999 -99.999 -99.999 -99.999 -99.999 -99.999 3.029
290 F -99.999 -99.999 -99.999 -99.999 3.029 -99.999 -99.999 -99.999 -99.999 3.029 -99.999 -99.999 -99.999 5.029 -99.999 -99.999 3.029 -99.999 -99.999 5.029
291 A 5.673 -99.999 -99.999 -99.999 -99.999 -99.999 -99.999 -99.999 -99.999 5.029 3.029 -99.999 1.029 -99.999 -99.999 -99.999 -99.999 -99.999 -99.999 3.029
292 L -99.999 -99.999 -99.999 -99.999 -99.999 -99.999 -99.999 -99.999 -99.999 -99.999 8.644 -99.999 -99.999 -99.999 -99.999 -99.999 -99.999 -99.999 -99.999 -99.999
293 L -99.999 -99.999 -99.999 -99.999 -99.999 -99.999 -99.999 -99.999 -99.999 3.029 7.029 -99.999 3.029 -99.999 -99.999 -99.999 3.029 -99.999 -99.999 -99.999
294 V -99.999 -99.999 -99.999 -99.999 -99.999 -99.999 -99.999 -99.999 -99.999 3.029 3.029 -99.999 -99.999 3.029 -99.999 -99.999 -99.999 3.029 3.029 5.029
295 I -99.999 -99.999 -99.999 -99.999 -99.999 -99.999 -99.999 -99.999 -99.999 6.199 5.029 -99.999 -99.999 -99.999 -99.999 -99.999 -99.999 -99.999 -99.999 5.029
296 F 5.029 -99.999 -99.999 -99.999 -99.999 -99.999 -99.999 -99.999 -99.999 -99.999 -99.999 -99.999 -99.999 7.673 -99.999 -99.999 -99.999 -99.999 -99.999 -99.999
297 S -99.999 -99.999 -99.999 -99.999 -99.999 -99.999 -99.999 -99.999 -99.999 -99.999 -99.999 -99.999 -99.999 -99.999 -99.999 8.644 -99.999 -99.999 -99.999 -99.999
298 L -99.999 -99.999 -99.999 -99.999 -99.999 -99.999 -99.999 -99.999 -99.999 -99.999 6.199 -99.999 -99.999 6.199 -99.999 -99.999 -99.999 -99.999 3.029 -99.999
299 S -99.999 -99.999 -99.999 -99.999 -99.999 -99.999 -99.999 -99.999 -99.999 -99.999 -99.999 -99.999 -99.999 -99.999 -99.999 8.644 -99.999 -99.999 -99.999 -99.999
300 I 5.029 -99.999 -99.999 -99.999 -99.999 -99.999 -99.999 -99.999 -99.999 7.369 1.029 -99.999 -99.999 -99.999 -99.999 -99.999 -99.999 -99.999 -99.999 -99.999
301 R -99.999 8.644 -99.999 -99.999 -99.999 -99.999 -99.999 -99.999 -99.999 -99.999 -99.999 -99.999 -99.999 -99.999 -99.999 -99.999 -99.999 -99.999 -99.999 -99.999
302 A 5.029 -99.999 -99.999 -99.999 -99.999 5.029 3.029 3.029 -99.999 -99.999 -99.999 -99.999 -99.999 -99.999 -99.999 -99.999 -99.999 -99.999 -99.999 3.029
303 M 3.029 -99.999 -99.999 -99.999 -99.999 -99.999 3.029 -99.999 3.029 3.029 -99.999 -99.999 5.029 -99.999 -99.999 3.029 -99.999 -99.999 -99.999 -99.999
304 E 1.029 -99.999 -99.999 3.029 -99.999 -99.999 6.199 5.029 -99.999 -99.999 -99.999 -99.999 -99.999 -99.999 -99.999 -99.999 1.029 -99.999 -99.999 -99.999
305 A 5.029 -99.999 -99.999 3.029 -99.999 -99.999 -99.999 3.029 -99.999 -99.999 5.029 -99.999 -99.999 3.029 -99.999 -99.999 -99.999 -99.999 -99.999 -99.999
306 G -99.999 -99.999 -99.999 5.673 -99.999 -99.999 4.199 6.199 -99.999 -99.999 -99.999 -99.999 -99.999 -99.999 -99.999 -99.999 -99.999 -99.999 -99.999 -99.999
307 D -99.999 -99.999 -99.999 5.474 -99.999 -99.999 -99.999 -99.999 -99.999 -99.999 5.474 -99.999 -99.999 -99.999 -99.999 3.474 -99.999 -99.999 -99.999 3.474
308 M -99.999 -99.999 -99.999 -99.999 -99.999 -99.999 -99.999 -99.999 -99.999 -99.999 -99.999 -99.999 6.644 -99.999 -99.999 4.644 -99.999 -99.999 4.644 -99.999
309 R -99.999 6.644 -99.999 -99.999 -99.999 -99.999 -99.999 -99.999 -99.999 -99.999 -99.999 -99.999 -99.999 -99.999 -99.999 6.644 -99.999 -99.999 -99.999 -99.999
310 L -99.999 -99.999 -99.999 -99.999 -99.999 -99.999 -99.999 -99.999 -99.999 -99.999 6.644 -99.999 -99.999 -99.999 -99.999 -99.999 -99.999 -99.999 6.644 -99.999
311 G -99.999 -99.999 -99.999 -99.999 -99.999 3.029 3.029 5.029 -99.999 1.029 1.029 3.029 -99.999 -99.999 -99.999 3.029 -99.999 -99.999 -99.999 -99.999
312 F -99.999 -99.999 -99.999 -99.999 -99.999 -99.999 -99.999 -99.999 -99.999 -99.999 -99.999 -99.999 -99.999 7.673 -99.999 -99.999 -99.999 -99.999 5.029 -99.999
313 S 3.474 -99.999 -99.999 3.474 -99.999 -99.999 -99.999 -99.999 -99.999 -99.999 -99.999 -99.999 -99.999 -99.999 -99.999 5.474 5.474 -99.999 -99.999 -99.999
314 D -99.999 -99.999 4.0 6.0 -99.999 -99.999 -99.999 -99.999 -99.999 -99.999 -99.999 -99.999 -99.999 -99.999 -99.999 4.0 4.0 -99.999 -99.999 -99.999
315 L -99.999 -99.999 -99.999 -99.999 -99.999 -99.999 -99.999 -99.999 -99.999 -99.999 5.029 -99.999 -99.999 3.029 5.029 -99.999 3.029 -99.999 -99.999 3.029
316 F -99.999 -99.999 -99.999 -99.999 -99.999 -99.999 -99.999 -99.999 -99.999 -99.999 5.029 -99.999 -99.999 6.199 -99.999 -99.999 3.029 3.029 -99.999 -99.999
317 D -99.999 -99.999 -99.999 7.029 -99.999 -99.999 5.029 -99.999 -99.999 -99.999 -99.999 -99.999 -99.999 -99.999 -99.999 -99.999 3.029 -99.999 -99.999 -99.999
318 L 3.029 -99.999 -99.999 -99.999 -99.999 -99.999 -99.999 3.029 -99.999 3.029 5.029 -99.999 -99.999 -99.999 -99.999 -99.999 3.029 -99.999 -99.999 3.029
319 L -99.999 -99.999 -99.999 -99.999 -99.999 -99.999 -99.999 -99.999 -99.999 3.029 7.029 -99.999 3.029 -99.999 -99.999 -99.999 -99.999 -99.999 -99.999 3.029
320 V -99.999 -99.999 -99.999 -99.999 3.029 -99.999 -99.999 -99.999 -99.999 -99.999 3.029 3.029 -99.999 -99.999 3.029 3.029 -99.999 -99.999 -99.999 5.029
321 E -99.999 -99.999 -99.999 -99.999 -99.999 3.029 5.029 3.029 -99.999 5.029 -99.999 -99.999 -99.999 3.029 -99.999 -99.999 -99.999 -99.999 -99.999 -99.999
322 F -99.999 -99.999 -99.999 -99.999 -99.999 -99.999 -99.999 -99.999 -99.999 -99.999 -99.999 -99.999 -99.999 8.644 -99.999 -99.999 -99.999 -99.999 -99.999 -99.999
323 L -99.999 -99.999 -99.999 -99.999 -99.999 -99.999 -99.999 -99.999 -99.999 3.029 6.199 -99.999 -99.999 6.199 -99.999 -99.999 -99.999 -99.999 -99.999 -99.999
324 Y -99.999 -99.999 -99.999 -99.999 -99.999 -99.999 -99.999 -99.999 -99.999 -99.999 -99.999 -99.999 3.029 3.029 -99.999 3.029 -99.999 -99.999 7.029 -99.999
325 D -99.999 -99.999 -99.999 5.029 -99.999 5.029 -99.999 -99.999 -99.999 -99.999 -99.999 -99.999 -99.999 -99.999 -99.999 5.029 3.029 -99.999 -99.999 -99.999
326 Q -99.999 -99.999 5.029 -99.999 -99.999 7.673 -99.999 -99.999 -99.999 -99.999 -99.999 -99.999 -99.999 -99.999 -99.999 -99.999 -99.999 -99.999 -99.999 -99.999
327 G -99.999 -99.999 -99.999 -99.999 -99.999 -99.999 -99.999 8.644 -99.999 -99.999 -99.999 -99.999 -99.999 -99.999 -99.999 -99.999 -99.999 -99.999 -99.999 -99.999
328 V -99.999 -99.999 -99.999 -99.999 -99.999 -99.999 -99.999 3.029 -99.999 5.029 -99.999 -99.999 -99.999 -99.999 -99.999 -99.999 -99.999 -99.999 -99.999 7.029
329 S -99.999 -99.999 -99.999 -99.999 -99.999 -99.999 -99.999 -99.999 -99.999 -99.999 -99.999 -99.999 -99.999 -99.999 -99.999 8.644 -99.999 -99.999 -99.999 -99.999
330 L -99.999 -99.999 -99.999 -99.999 -99.999 -99.999 -99.999 -99.999 -99.999 -99.999 8.199 -99.999 3.029 -99.999 -99.999 -99.999 -99.999 -99.999 -99.999 -99.999
331 M -99.999 -99.999 -99.999 -99.999 -99.999 -99.999 -99.999 -99.999 -99.999 3.029 -99.999 -99.999 7.029 -99.999 -99.999 3.029 3.029 -99.999 -99.999 -99.999
332 V -99.999 -99.999 -99.999 -99.999 -99.999 -99.999 -99.999 -99.999 -99.999 3.029 -99.999 -99.999 -99.999 -99.999 -99.999 -99.999 5.029 -99.999 -99.999 7.029
333 F -99.999 -99.999 -99.999 -99.999 -99.999 -99.999 -99.999 -99.999 -99.999 -99.999 -99.999 -99.999 -99.999 8.644 -99.999 -99.999 -99.999 -99.999 -99.999 -99.999
334 D -99.999 -99.999 -99.999 7.673 -99.999 -99.999 -99.999 -99.999 -99.999 -99.999 -99.999 -99.999 -99.999 -99.999 -99.999 -99.999 5.029 -99.999 -99.999 -99.999
335 A 6.199 -99.999 -99.999 -99.999 -99.999 -99.999 -99.999 -99.999 -99.999 3.029 -99.999 -99.999 -99.999 3.029 -99.999 3.029 3.029 -99.999 -99.999 -99.999
336 S -99.999 -99.999 -99.999 -99.999 -99.999 -99.999 -99.999 -99.999 -99.999 -99.999 -99.999 -99.999 -99.999 -99.999 -99.999 8.644 -99.999 -99.999 -99.999 -99.999
337 Q -99.999 6.199 -99.999 -99.999 -99.999 7.029 -99.999 -99.999 -99.999 -99.999 -99.999 -99.999 -99.999 -99.999 -99.999 -99.999 -99.999 -99.999 -99.999 -99.999
338 L -99.999 -99.999 -99.999 3.029 -99.999 1.029 4.199 -99.999 -99.999 -99.999 7.029 -99.999 -99.999 -99.999 -99.999 -99.999 -99.999 -99.999 -99.999 -99.999
339 I -99.999 -99.999 -99.999 -99.999 -99.999 -99.999 -99.999 -99.999 -99.999 7.029 -99.999 -99.999 -99.999 3.029 -99.999 -99.999 -99.999 -99.999 -99.999 5.029
340 D -99.999 -99.999 -99.999 7.474 -99.999 3.474 -99.999 -99.999 -99.999 -99.999 -99.999 -99.999 -99.999 -99.999 -99.999 -99.999 3.474 -99.999 -99.999 -99.999
341 S -99.999 -99.999 3.029 5.029 -99.999 -99.999 -99.999 -99.999 -99.999 -99.999 -99.999 -99.999 -99.999 -99.999 -99.999 7.029 -99.999 -99.999 -99.999 -99.999
342 Y -99.999 -99.999 -99.999 -99.999 -99.999 -99.999 -99.999 -99.999 -99.999 -99.999 -99.999 -99.999 -99.999 -99.999 -99.999 -99.999 -99.999 -99.999 8.644 -99.999
343 P -99.999 -99.999 -99.999 -99.999 -99.999 -99.999 -99.999 -99.999 -99.999 -99.999 -99.999 -99.999 -99.999 -99.999 8.644 -99.999 -99.999 -99.999 -99.999 -99.999
344 I 5.029 -99.999 -99.999 -99.999 -99.999 -99.999 -99.999 -99.999 -99.999 6.644 -99.999 -99.999 3.029 -99.999 -99.999 -99.999 -99.999 -99.999 -99.999 1.029
345 L -99.999 -99.999 -99.999 -99.999 -99.999 -99.999 -99.999 -99.999 -99.999 5.029 7.673 -99.999 -99.999 -99.999 -99.999 -99.999 -99.999 -99.999 -99.999 -99.999
346 P 6.199 -99.999 -99.999 -99.999 -99.999 -99.999 -99.999 -99.999 -99.999 -99.999 -99.999 -99.999 -99.999 -99.999 7.029 -99.999 -99.999 -99.999 -99.999 -99.999
347 Y -99.999 -99.999 -99.999 -99.999 -99.999 -99.999 -99.999 -99.999 -99.999 -99.999 -99.999 -99.999 -99.999 -99.999 -99.999 -99.999 -99.999 -99.999 8.644 -99.999
348 F -99.999 -99.999 -99.999 -99.999 -99.999 -99.999 -99.999 -99.999 -99.999 1.029 5.029 -99.999 -99.999 5.673 -99.999 -99.999 -99.999 -99.999 3.029 3.029
349 Q -99.999 -99.999 3.029 -99.999 -99.999 6.199 -99.999 -99.999 -99.999 -99.999 -99.999 -99.999 -99.999 -99.999 -99.999 -99.999 3.029 -99.999 -99.999 5.029
350 S -99.999 3.029 -99.999 -99.999 -99.999 -99.999 -99.999 -99.999 -99.999 -99.999 -99.999 -99.999 -99.999 -99.999 -99.999 7.029 5.029 -99.999 -99.999 -99.999
351 F -99.999 -99.999 -99.999 -99.999 -99.999 -99.999 -99.999 -99.999 -99.999 3.029 3.029 -99.999 -99.999 7.029 -99.999 -99.999 -99.999 -99.999 -99.999 3.029
352 I -99.999 -99.999 -99.999 -99.999 -99.999 -99.999 -99.999 -99.999 -99.999 7.369 1.029 -99.999 -99.999 3.029 -99.999 -99.999 -99.999 -99.999 -99.999 3.029
353 P -99.999 -99.999 -99.999 -99.999 -99.999 -99.999 -99.999 -99.999 -99.999 -99.999 -99.999 -99.999 -99.999 -99.999 8.644 -99.999 -99.999 -99.999 -99.999 -99.999
354 G -99.999 -99.999 -99.999 -99.999 -99.999 -99.999 -99.999 8.644 -99.999 -99.999 -99.999 -99.999 -99.999 -99.999 -99.999 -99.999 -99.999 -99.999 -99.999 -99.999
355 V 3.029 -99.999 -99.999 -99.999 -99.999 -99.999 -99.999 -99.999 -99.999 3.029 -99.999 -99.999 -99.999 -99.999 -99.999 3.029 -99.999 -99.999 -99.999 7.029
356 A 5.029 -99.999 -99.999 -99.999 -99.999 -99.999 -99.999 5.029 -99.999 -99.999 -99.999 -99.999 -99.999 -99.999 -99.999 5.029 3.029 -99.999 -99.999 -99.999
357 S -99.999 3.029 -99.999 -99.999 -99.999 -99.999 -99.999 3.029 -99.999 -99.999 -99.999 -99.999 -99.999 3.029 -99.999 5.029 -99.999 3.029 3.029 -99.999
358 I -99.999 -99.999 -99.999 -99.999 -99.999 -99.999 -99.999 -99.999 -99.999 6.199 6.199 -99.999 -99.999 3.029 -99.999 -99.999 -99.999 -99.999 -99.999 -99.999
359 Y -99.999 -99.999 -99.999 -99.999 3.029 -99.999 -99.999 -99.999 -99.999 -99.999 -99.999 -99.999 -99.999 -99.999 -99.999 -99.999 -99.999 3.029 6.199 5.029
360 S -99.999 -99.999 -99.999 -99.999 -99.999 3.029 -99.999 5.029 3.029 -99.999 -99.999 -99.999 -99.999 -99.999 -99.999 6.199 -99.999 -99.999 -99.999 -99.999
361 L -99.999 -99.999 -99.999 -99.999 -99.999 -99.999 -99.999 -99.999 -99.999 -99.999 7.673 -99.999 -99.999 5.029 -99.999 -99.999 -99.999 -99.999 -99.999 -99.999
362 F -99.999 -99.999 -99.999 -99.999 -99.999 -99.999 -99.999 -99.999 -99.999 3.029 3.029 -99.999 -99.999 7.029 -99.999 -99.999 -99.999 -99.999 -99.999 3.029
363 T -99.999 -99.999 -99.999 -99.999 -99.999 -99.999 -99.999 3.029 -99.999 -99.999 -99.999 -99.999 3.029 3.029 -99.999 -99.999 7.029 -99.999 -99.999 -99.999
364 G -99.999 -99.999 -99.999 4.644 -99.999 -99.999 -99.999 7.814 -99.999 -99.999 -99.999 -99.999 -99.999 -99.999 -99.999 -99.999 -99.999 -99.999 -99.999 -99.999
365 N -99.999 -99.999 4.0 4.0 -99.999 -99.999 4.0 -99.999 -99.999 -99.999 -99.999 -99.999 -99.999 -99.999 -99.999 -99.999 4.0 -99.999 -99.999 4.0
366 T -99.999 -99.999 -99.999 -99.999 -99.999 3.029 -99.999 -99.999 -99.999 -99.999 -99.999 -99.999 -99.999 -99.999 5.029 3.029 6.199 -99.999 -99.999 -99.999
367 L -99.999 -99.999 -99.999 -99.999 -99.999 -99.999 -99.999 -99.999 -99.999 3.029 7.029 -99.999 3.029 3.029 -99.999 -99.999 -99.999 -99.999 -99.999 -99.999
368 L -99.999 -99.999 -99.999 3.029 -99.999 -99.999 -99.999 -99.999 -99.999 -99.999 5.029 -99.999 -99.999 -99.999 3.029 3.029 -99.999 -99.999 5.029 -99.999
369 P 5.029 -99.999 -99.999 -99.999 -99.999 -99.999 -99.999 3.029 -99.999 -99.999 -99.999 -99.999 -99.999 -99.999 7.029 -99.999 -99.999 -99.999 -99.999 -99.999
370 Q 3.029 -99.999 -99.999 -99.999 -99.999 6.199 3.029 -99.999 -99.999 -99.999 -99.999 -99.999 -99.999 -99.999 -99.999 -99.999 3.029 3.029 -99.999 -99.999
371 D -99.999 -99.999 -99.999 7.673 -99.999 3.029 3.029 -99.999 -99.999 -99.999 -99.999 -99.999 -99.999 -99.999 -99.999 -99.999 -99.999 -99.999 -99.999 -99.999
372 A 5.029 -99.999 3.029 -99.999 -99.999 -99.999 -99.999 -99.999 -99.999 5.029 3.029 -99.999 -99.999 -99.999 -99.999 -99.999 -99.999 -99.999 -99.999 3.029
373 S 3.029 -99.999 3.029 -99.999 -99.999 -99.999 -99.999 -99.999 -99.999 -99.999 -99.999 -99.999 -99.999 -99.999 -99.999 7.673 -99.999 -99.999 -99.999 -99.999
374 F -99.999 -99.999 -99.999 -99.999 -99.999 -99.999 -99.999 -99.999 -99.999 -99.999 -99.999 -99.999 -99.999 8.644 -99.999 -99.999 -99.999 -99.999 -99.999 -99.999
375 A 6.199 -99.999 -99.999 -99.999 -99.999 -99.999 -99.999 3.029 -99.999 -99.999 -99.999 -99.999 -99.999 -99.999 -99.999 6.199 -99.999 -99.999 -99.999 -99.999
376 N -99.999 -99.999 5.029 -99.999 -99.999 -99.999 -99.999 5.029 -99.999 -99.999 -99.999 -99.999 -99.999 -99.999 -99.999 -99.999 3.029 -99.999 5.029 -99.999
377 Y -99.999 -99.999 -99.999 -99.999 -99.999 -99.999 -99.999 -99.999 5.029 -99.999 -99.999 -99.999 -99.999 3.029 -99.999 3.029 -99.999 -99.999 6.199 -99.999
378 L -99.999 -99.999 -99.999 -99.999 -99.999 -99.999 -99.999 -99.999 -99.999 -99.999 7.029 -99.999 5.029 3.029 -99.999 -99.999 -99.999 -99.999 -99.999 -99.999
379 C 5.029 -99.999 -99.999 -99.999 7.029 -99.999 -99.999 -99.999 -99.999 -99.999 -99.999 -99.999 -99.999 -99.999 -99.999 3.029 -99.999 -99.999 -99.999 -99.999
380 Y -99.999 -99.999 3.029 -99.999 3.029 -99.999 -99.999 -99.999 3.029 -99.999 -99.999 -99.999 -99.999 -99.999 -99.999 -99.999 -99.999 -99.999 7.029 -99.999
381 S -99.999 -99.999 -99.999 -99.999 -99.999 3.029 3.029 -99.999 -99.999 -99.999 -99.999 -99.999 -99.999 -99.999 -99.999 6.199 3.029 -99.999 -99.999 3.029
382 L -99.999 -99.999 -99.999 -99.999 -99.999 -99.999 -99.999 -99.999 -99.999 3.029 7.673 -99.999 -99.999 -99.999 -99.999 -99.999 -99.999 -99.999 -99.999 3.029
383 N -99.999 -99.999 8.199 -99.999 -99.999 -99.999 -99.999 -99.999 -99.999 -99.999 -99.999 -99.999 -99.999 -99.999 -99.999 3.029 -99.999 -99.999 -99.999 -99.999
384 P -99.999 -99.999 -99.999 -99.999 -99.999 -99.999 -99.999 -99.999 -99.999 -99.999 -99.999 -99.999 -99.999 -99.999 7.673 5.029 -99.999 -99.999 -99.999 -99.999
385 S 3.029 -99.999 1.029 -99.999 -99.999 -99.999 3.029 3.029 -99.999 -99.999 -99.999 3.029 -99.999 -99.999 -99.999 4.199 3.029 -99.999 -99.999 -99.999
386 L -99.999 -99.999 -99.999 -99.999 -99.999 -99.999 -99.999 -99.999 -99.999 -99.999 8.199 -99.999 3.029 -99.999 -99.999 -99.999 -99.999 -99.999 -99.999 -99.999
387 F -99.999 -99.999 -99.999 -99.999 -99.999 -99.999 -99.999 -99.999 -99.999 -99.999 -99.999 -99.999 -99.999 7.673 -99.999 -99.999 -99.999 -99.999 5.029 -99.999
388 L 3.029 -99.999 3.029 -99.999 -99.999 -99.999 3.029 -99.999 -99.999 -99.999 5.029 3.029 -99.999 -99.999 -99.999 3.029 -99.999 -99.999 -99.999 -99.999
389 L 3.029 -99.999 -99.999 3.029 -99.999 -99.999 3.029 3.029 -99.999 -99.999 5.029 -99.999 -99.999 -99.999 -99.999 3.029 -99.999 -99.999 -99.999 -99.999
390 G -99.999 -99.999 -99.999 -99.999 -99.999 -99.999 -99.999 8.644 -99.999 -99.999 -99.999 -99.999 -99.999 -99.999 -99.999 -99.999 -99.999 -99.999 -99.999 -99.999
391 Q 3.029 -99.999 -99.999 -99.999 -99.999 5.029 -99.999 -99.999 5.029 -99.999 -99.999 -99.999 -99.999 5.029 -99.999 -99.999 -99.999 -99.999 -99.999 -99.999
392 G -99.999 -99.999 -99.999 -99.999 -99.999 -99.999 -99.999 8.644 -99.999 -99.999 -99.999 -99.999 -99.999 -99.999 -99.999 -99.999 -99.999 -99.999 -99.999 -99.999
393 L -99.999 -99.999 -99.999 -99.999 -99.999 -99.999 -99.999 -99.999 -99.999 -99.999 8.644 -99.999 -99.999 -99.999 -99.999 -99.999 -99.999 -99.999 -99.999 -99.999
394 G -99.999 -99.999 -99.999 -99.999 -99.999 -99.999 -99.999 8.644 -99.999 -99.999 -99.999 -99.999 -99.999 -99.999 -99.999 -99.999 -99.999 -99.999 -99.999 -99.999
395 W -99.999 -99.999 -99.999 -99.999 -99.999 -99.999 -99.999 -99.999 -99.999 -99.999 -99.999 -99.999 -99.999 -99.999 -99.999 -99.999 -99.999 8.644 -99.999 -99.999
396 T -99.999 -99.999 -99.999 -99.999 -99.999 -99.999 -99.999 -99.999 -99.999 -99.999 -99.999 -99.999 -99.999 -99.999 -99.999 3.029 8.199 -99.999 -99.999 -99.999
397 L -99.999 -99.999 -99.999 -99.999 -99.999 -99.999 -99.999 -99.999 -99.999 3.029 7.029 -99.999 -99.999 -99.999 -99.999 -99.999 3.029 -99.999 -99.999 3.029
398 L -99.999 -99.999 -99.999 -99.999 -99.999 -99.999 -99.999 -99.999 -99.999 -99.999 8.199 -99.999 3.029 -99.999 -99.999 -99.999 -99.999 -99.999 -99.999 -99.999
399 S -99.999 -99.999 -99.999 -99.999 -99.999 -99.999 -99.999 3.029 -99.999 -99.999 -99.999 -99.999 -99.999 -99.999 -99.999 8.199 -99.999 -99.999 -99.999 -99.999
400 D -99.999 -99.999 -99.999 8.644 -99.999 -99.999 -99.999 -99.999 -99.999 -99.999 -99.999 -99.999 -99.999 -99.999 -99.999 -99.999 -99.999 -99.999 -99.999 -99.999
401 L -99.999 -99.999 -99.999 -99.999 -99.999 -99.999 -99.999 -99.999 -99.999 3.029 7.673 -99.999 -99.999 -99.999 -99.999 -99.999 -99.999 -99.999 -99.999 3.029
402 Y -99.999 -99.999 -99.999 -99.999 -99.999 -99.999 -99.999 -99.999 -99.999 -99.999 -99.999 -99.999 -99.999 -99.999 -99.999 -99.999 -99.999 -99.999 8.644 -99.999
403 L -99.999 -99.999 -99.999 -99.999 -99.999 -99.999 -99.999 -99.999 -99.999 -99.999 8.199 -99.999 -99.999 -99.999 -99.999 -99.999 -99.999 -99.999 -99.999 3.029
404 Y -99.999 -99.999 -99.999 -99.999 -99.999 -99.999 -99.999 -99.999 -99.999 -99.999 3.029 -99.999 -99.999 5.029 -99.999 -99.999 -99.999 -99.999 7.029 -99.999
405 S 3.029 -99.999 -99.999 -99.999 -99.999 -99.999 -99.999 3.029 -99.999 -99.999 -99.999 -99.999 -99.999 -99.999 -99.999 7.673 -99.999 -99.999 -99.999 -99.999
406 G -99.999 -99.999 -99.999 -99.999 1.029 3.029 -99.999 6.199 -99.999 -99.999 -99.999 -99.999 -99.999 5.029 -99.999 -99.999 -99.999 -99.999 1.029 -99.999
407 R -99.999 7.474 -99.999 -99.999 -99.999 1.474 -99.999 -99.999 -99.999 -99.999 -99.999 4.644 -99.999 -99.999 -99.999 -99.999 -99.999 -99.999 -99.999 -99.999
408 G -99.999 -99.999 -99.999 -99.999 -99.999 -99.999 -99.999 8.644 -99.999 -99.999 -99.999 -99.999 -99.999 -99.999 -99.999 -99.999 -99.999 -99.999 -99.999 -99.999
409 T -99.999 -99.999 3.029 -99.999 -99.999 -99.999 -99.999 3.029 -99.999 3.029 3.029 -99.999 -99.999 -99.999 -99.999 3.029 5.029 -99.999 -99.999 -99.999
410 N -99.999 -99.999 8.644 -99.999 -99.999 -99.999 -99.999 -99.999 -99.999 -99.999 -99.999 -99.999 -99.999 -99.999 -99.999 -99.999 -99.999 -99.999 -99.999 -99.999
411 I -99.999 -99.999 -99.999 -99.999 -99.999 -99.999 -99.999 -99.999 -99.999 5.029 3.029 -99.999 -99.999 3.029 3.029 -99.999 -99.999 -99.999 5.029 -99.999
412 I 1.029 -99.999 -99.999 -99.999 3.029 -99.999 -99.999 -99.999 -99.999 5.029 4.199 -99.999 -99.999 -99.999 3.029 -99.999 3.029 -99.999 -99.999 -99.999
413 G -99.999 -99.999 -99.999 -99.999 -99.999 -99.999 -99.999 6.199 -99.999 -99.999 5.029 -99.999 -99.999 3.029 -99.999 -99.999 -99.999 -99.999 -99.999 3.029
414 F -99.999 -99.999 -99.999 -99.999 -99.999 -99.999 -99.999 -99.999 -99.999 -99.999 -99.999 -99.999 -99.999 8.644 -99.999 -99.999 -99.999 -99.999 -99.999 -99.999
415 A 5.673 -99.999 -99.999 -99.999 -99.999 -99.999 -99.999 -99.999 -99.999 3.029 3.029 -99.999 -99.999 3.029 -99.999 3.029 -99.999 -99.999 -99.999 1.029
416 I -99.999 -99.999 -99.999 -99.999 -99.999 -99.999 -99.999 -99.999 -99.999 5.673 5.029 -99.999 -99.999 3.029 -99.999 -99.999 -99.999 -99.999 -99.999 4.199
417 L -99.999 -99.999 -99.999 -99.999 -99.999 -99.999 -99.999 -99.999 -99.999 -99.999 7.673 -99.999 -99.999 5.029 -99.999 -99.999 -99.999 -99.999 -99.999 -99.999
418 S -99.999 -99.999 -99.999 -99.999 -99.999 -99.999 -99.999 -99.999 -99.999 -99.999 -99.999 -99.999 -99.999 -99.999 -99.999 8.644 -99.999 -99.999 -99.999 -99.999
419 L 3.029 -99.999 -99.999 -99.999 -99.999 -99.999 -99.999 -99.999 -99.999 3.029 5.029 -99.999 -99.999 5.029 -99.999 -99.999 -99.999 -99.999 -99.999 3.029
420 L -99.999 -99.999 -99.999 -99.999 3.029 -99.999 -99.999 -99.999 -99.999 5.029 6.199 -99.999 -99.999 -99.999 -99.999 -99.999 -99.999 -99.999 -99.999 3.029
421 F -99.999 -99.999 -99.999 -99.999 -99.999 -99.999 -99.999 -99.999 -99.999 -99.999 3.029 -99.999 -99.999 7.029 -99.999 -99.999 -99.999 3.029 -99.999 3.029
422 G -99.999 -99.999 -99.999 -99.999 -99.999 -99.999 -99.999 8.644 -99.999 -99.999 -99.999 -99.999 -99.999 -99.999 -99.999 -99.999 -99.999 -99.999 -99.999 -99.999
423 Y 3.029 -99.999 -99.999 -99.999 -99.999 -99.999 -99.999 3.029 -99.999 1.029 3.029 -99.999 -99.999 -99.999 -99.999 -99.999 -99.999 -99.999 6.199 1.029
424 L -99.999 -99.999 -99.999 -99.999 1.029 -99.999 -99.999 3.029 -99.999 4.199 5.029 -99.999 1.029 3.029 -99.999 -99.999 1.029 -99.999 -99.999 -99.999
425 C -99.999 -99.999 -99.999 -99.999 6.199 -99.999 -99.999 -99.999 -99.999 3.029 3.029 -99.999 -99.999 3.029 -99.999 -99.999 -99.999 -99.999 -99.999 3.029
426 A 7.029 -99.999 -99.999 -99.999 -99.999 -99.999 -99.999 5.029 -99.999 -99.999 -99.999 -99.999 -99.999 -99.999 -99.999 3.029 -99.999 -99.999 -99.999 -99.999
427 L -99.999 -99.999 3.029 -99.999 1.029 -99.999 -99.999 -99.999 -99.999 -99.999 6.199 3.029 -99.999 -99.999 -99.999 -99.999 -99.999 -99.999 4.199 -99.999
428 L -99.999 -99.999 -99.999 -99.999 -99.999 -99.999 -99.999 -99.999 -99.999 5.029 6.199 -99.999 4.199 -99.999 -99.999 -99.999 -99.999 -99.999 -99.999 1.029
429 E -99.999 -99.999 -99.999 3.029 -99.999 -99.999 8.199 -99.999 -99.999 -99.999 -99.999 -99.999 -99.999 -99.999 -99.999 -99.999 -99.999 -99.999 -99.999 -99.999
430 D -99.999 -99.999 3.029 5.029 3.029 -99.999 -99.999 -99.999 -99.999 3.029 -99.999 3.029 -99.999 -99.999 -99.999 -99.999 -99.999 -99.999 3.029 -99.999
431 K -99.999 -99.999 -99.999 3.029 -99.999 3.029 -99.999 -99.999 -99.999 -99.999 3.029 5.029 -99.999 -99.999 -99.999 -99.999 -99.999 5.029 -99.999 -99.999
432 S 6.199 -99.999 -99.999 -99.999 -99.999 -99.999 -99.999 -99.999 -99.999 -99.999 -99.999 -99.999 -99.999 -99.999 -99.999 7.029 -99.999 -99.999 -99.999 -99.999
433 R 1.029 5.029 -99.999 -99.999 -99.999 3.029 3.029 -99.999 3.029 -99.999 -99.999 -99.999 -99.999 -99.999 -99.999 3.029 1.029 -99.999 -99.999 -99.999
434 K -99.999 -99.999 -99.999 -99.999 -99.999 -99.999 -99.999 -99.999 -99.999 -99.999 -99.999 6.199 -99.999 -99.999 -99.999 -99.999 6.199 -99.999 3.029 -99.999
435 S -99.999 -99.999 -99.999 -99.999 -99.999 -99.999 -99.999 -99.999 -99.999 -99.999 -99.999 3.029 -99.999 -99.999 -99.999 7.673 -99.999 -99.999 3.029 -99.999
436 A 5.029 3.029 -99.999 -99.999 -99.999 -99.999 -99.999 -99.999 -99.999 -99.999 3.029 -99.999 -99.999 -99.999 4.199 4.199 -99.999 -99.999 -99.999 -99.999
437 F -99.999 -99.999 -99.999 -99.999 -99.999 -99.999 -99.999 -99.999 -99.999 -99.999 5.029 -99.999 -99.999 6.199 -99.999 3.029 -99.999 -99.999 -99.999 3.029
438 A 5.029 -99.999 -99.999 -99.999 -99.999 -99.999 -99.999 -99.999 -99.999 -99.999 -99.999 -99.999 3.029 5.029 -99.999 -99.999 -99.999 -99.999 5.029 -99.999
439 R 3.029 5.029 -99.999 -99.999 -99.999 -99.999 -99.999 -99.999 -99.999 -99.999 3.029 5.029 -99.999 -99.999 -99.999 3.029 -99.999 -99.999 -99.999 -99.999
440 S -99.999 -99.999 -99.999 -99.999 -99.999 -99.999 -99.999 -99.999 -99.999 3.029 -99.999 -99.999 -99.999 3.029 -99.999 5.029 3.029 -99.999 3.029 3.029
441 I -99.999 -99.999 -99.999 -99.999 -99.999 -99.999 -99.999 -99.999 -99.999 7.673 3.029 -99.999 -99.999 -99.999 -99.999 -99.999 -99.999 -99.999 3.029 -99.999
442 V -99.999 -99.999 -99.999 -99.999 -99.999 3.029 -99.999 -99.999 -99.999 3.029 -99.999 -99.999 3.029 -99.999 -99.999 3.029 -99.999 -99.999 -99.999 6.199
443 F 3.029 -99.999 -99.999 -99.999 -99.999 -99.999 -99.999 -99.999 -99.999 3.029 -99.999 -99.999 -99.999 5.029 -99.999 -99.999 -99.999 -99.999 5.029 3.029
444 A 6.199 -99.999 -99.999 -99.999 -99.999 -99.999 -99.999 3.029 -99.999 3.029 -99.999 -99.999 -99.999 3.029 -99.999 -99.999 3.029 -99.999 -99.999 -99.999
445 I -99.999 -99.999 -99.999 -99.999 -99.999 -99.999 -99.999 -99.999 -99.999 6.199 -99.999 -99.999 -99.999 -99.999 -99.999 3.029 3.029 -99.999 -99.999 5.029
446 F 3.029 -99.999 -99.999 -99.999 -99.999 -99.999 -99.999 -99.999 -99.999 3.029 3.029 -99.999 -99.999 6.199 -99.999 -99.999 3.029 -99.999 -99.999 -99.999
447 L -99.999 -99.999 -99.999 -99.999 -99.999 -99.999 -99.999 -99.999 -99.999 -99.999 6.199 -99.999 6.199 -99.999 3.029 -99.999 -99.999 -99.999 -99.999 -99.999
448 N 3.029 -99.999 5.029 -99.999 -99.999 -99.999 -99.999 5.029 -99.999 -99.999 -99.999 3.029 -99.999 -99.999 3.029 -99.999 -99.999 -99.999 -99.999 -99.999
449 L -99.999 -99.999 -99.999 -99.999 3.029 -99.999 -99.999 -99.999 -99.999 -99.999 7.029 -99.999 -99.999 3.029 -99.999 -99.999 -99.999 -99.999 -99.999 3.029
450 L 3.029 -99.999 -99.999 -99.999 -99.999 -99.999 -99.999 -99.999 -99.999 -99.999 6.199 -99.999 5.029 -99.999 -99.999 -99.999 3.029 -99.999 -99.999 -99.999
451 I -99.999 -99.999 -99.999 -99.999 -99.999 -99.999 -99.999 -99.999 -99.999 5.029 -99.999 -99.999 5.029 5.029 -99.999 -99.999 3.029 -99.999 -99.999 -99.999
452 L -99.999 -99.999 -99.999 -99.999 -99.999 -99.999 -99.999 -99.999 -99.999 -99.999 7.673 -99.999 3.029 -99.999 -99.999 -99.999 -99.999 -99.999 -99.999 3.029
453 P 3.029 -99.999 -99.999 -99.999 -99.999 -99.999 -99.999 -99.999 -99.999 -99.999 -99.999 -99.999 -99.999 -99.999 8.199 -99.999 -99.999 -99.999 -99.999 -99.999
454 R -99.999 8.644 -99.999 -99.999 -99.999 -99.999 -99.999 -99.999 -99.999 -99.999 -99.999 -99.999 -99.999 -99.999 -99.999 -99.999 -99.999 -99.999 -99.999 -99.999
455 S 3.029 -99.999 -99.999 -99.999 -99.999 -99.999 -99.999 3.029 -99.999 -99.999 -99.999 -99.999 -99.999 -99.999 -99.999 7.673 -99.999 -99.999 -99.999 -99.999
456 G -99.999 -99.999 -99.999 -99.999 -99.999 -99.999 -99.999 6.199 -99.999 -99.999 -99.999 -99.999 -99.999 -99.999 -99.999 6.199 -99.999 -99.999 3.029 -99.999
457 L -99.999 -99.999 -99.999 -99.999 -99.999 -99.999 -99.999 -99.999 -99.999 3.029 7.673 -99.999 3.029 -99.999 -99.999 -99.999 -99.999 -99.999 -99.999 -99.999
458 A 5.029 -99.999 5.029 -99.999 -99.999 -99.999 -99.999 -99.999 -99.999 -99.999 -99.999 -99.999 -99.999 -99.999 -99.999 -99.999 3.029 -99.999 5.029 -99.999
459 T 5.029 -99.999 -99.999 -99.999 -99.999 -99.999 -99.999 3.029 -99.999 -99.999 -99.999 -99.999 -99.999 -99.999 -99.999 3.029 6.199 -99.999 -99.999 -99.999
460 I -99.999 -99.999 -99.999 -99.999 -99.999 -99.999 -99.999 -99.999 -99.999 7.029 -99.999 -99.999 -99.999 3.029 -99.999 -99.999 -99.999 -99.999 3.029 3.029
461 I -99.999 -99.999 -99.999 -99.999 -99.999 -99.999 -99.999 -99.999 -99.999 7.673 -99.999 -99.999 -99.999 5.029 -99.999 -99.999 -99.999 -99.999 -99.999 -99.999
462 P -99.999 -99.999 -99.999 -99.999 -99.999 -99.999 -99.999 -99.999 -99.999 -99.999 -99.999 -99.999 -99.999 -99.999 7.673 -99.999 3.029 -99.999 -99.999 3.029
463 L -99.999 -99.999 -99.999 -99.999 -99.999 3.029 -99.999 -99.999 -99.999 -99.999 7.673 -99.999 -99.999 -99.999 -99.999 -99.999 -99.999 -99.999 3.029 -99.999
464 I -99.999 -99.999 -99.999 -99.999 -99.999 -99.999 -99.999 -99.999 -99.999 7.369 -99.999 -99.999 4.199 3.029 -99.999 -99.999 -99.999 -99.999 -99.999 -99.999
465 I 1.029 -99.999 -99.999 -99.999 1.029 -99.999 -99.999 -99.999 -99.999 6.199 -99.999 -99.999 -99.999 3.029 -99.999 -99.999 -99.999 -99.999 -99.999 5.029
466 Y -99.999 -99.999 -99.999 -99.999 -99.999 -99.999 -99.999 -99.999 -99.999 -99.999 -99.999 -99.999 -99.999 -99.999 -99.999 -99.999 -99.999 5.029 7.673 -99.999
467 I 3.029 -99.999 -99.999 -99.999 3.029 -99.999 -99.999 3.029 -99.999 5.029 3.029 -99.999 -99.999 -99.999 -99.999 -99.999 3.029 -99.999 -99.999 -99.999
468 L -99.999 -99.999 -99.999 -99.999 -99.999 -99.999 -99.999 -99.999 -99.999 -99.999 6.199 -99.999 -99.999 -99.999 -99.999 -99.999 3.029 -99.999 3.029 5.029
469 V 3.029 -99.999 -99.999 -99.999 -99.999 -99.999 -99.999 -99.999 -99.999 1.029 3.029 -99.999 -99.999 3.029 -99.999 -99.999 -99.999 -99.999 -99.999 6.644
470 V -99.999 -99.999 -99.999 -99.999 -99.999 -99.999 -99.999 -99.999 -99.999 3.029 3.029 -99.999 -99.999 3.029 -99.999 -99.999 -99.999 -99.999 3.029 6.199
471 Y -99.999 -99.999 -99.999 -99.999 -99.999 -99.999 -99.999 -99.999 3.029 3.029 3.029 -99.999 -99.999 1.029 -99.999 -99.999 -99.999 -99.999 6.644 -99.999
472 F 3.029 -99.999 -99.999 -99.999 -99.999 -99.999 -99.999 -99.999 -99.999 -99.999 -99.999 -99.999 -99.999 6.199 -99.999 -99.999 -99.999 -99.999 5.029 3.029
473 I -99.999 -99.999 -99.999 -99.999 -99.999 -99.999 -99.999 -99.999 -99.999 6.199 5.029 -99.999 -99.999 -99.999 -99.999 -99.999 -99.999 -99.999 -99.999 5.029
474 L -99.999 -99.999 -99.999 -99.999 -99.999 -99.999 -99.999 -99.999 -99.999 3.029 6.199 -99.999 5.029 3.029 -99.999 -99.999 -99.999 -99.999 -99.999 -99.999
475 K 3.029 -99.999 -99.999 -99.999 -99.999 -99.999 -99.999 -99.999 3.029 3.029 -99.999 5.029 3.029 -99.999 -99.999 -99.999 -99.999 -99.999 -99.999 3.029
476 F -99.999 -99.999 3.029 -99.999 -99.999 3.029 3.029 -99.999 -99.999 -99.999 -99.999 -99.999 -99.999 7.029 -99.999 -99.999 -99.999 -99.999 -99.999 -99.999
477 L -99.999 -99.999 -99.999 -99.999 3.029 -99.999 -99.999 -99.999 -99.999 -99.999 5.673 -99.999 -99.999 5.673 -99.999 -99.999 -99.999 -99.999 3.029 -99.999
478 T -99.999 -99.999 -99.999 -99.999 -99.999 -99.999 -99.999 -99.999 -99.999 -99.999 -99.999 -99.999 -99.999 -99.999 -99.999 -99.999 8.644 -99.999 -99.999 -99.999
479 G -99.999 -99.999 -99.999 -99.999 -99.999 -99.999 -99.999 8.644 -99.999 -99.999 -99.999 -99.999 -99.999 -99.999 -99.999 -99.999 -99.999 -99.999 -99.999 -99.999
480 L -99.999 -99.999 -99.999 -99.999 -99.999 -99.999 -99.999 -99.999 -99.999 3.029 7.029 -99.999 -99.999 3.029 -99.999 -99.999 -99.999 -99.999 3.029 -99.999
481 K -99.999 -99.999 1.474 -99.999 -99.999 3.474 -99.999 -99.999 -99.999 -99.999 -99.999 7.474 -99.999 -99.999 -99.999 -99.999 -99.999 -99.999 1.474 -99.999
482 D -99.999 3.029 -99.999 5.029 -99.999 -99.999 -99.999 -99.999 5.029 -99.999 -99.999 -99.999 -99.999 -99.999 -99.999 3.029 3.029 -99.999 -99.999 -99.999
483 F -99.999 -99.999 -99.999 -99.999 -99.999 -99.999 -99.999 -99.999 -99.999 -99.999 -99.999 -99.999 -99.999 6.644 -99.999 -99.999 -99.999 -99.999 6.644 -99.999
484 Y -99.999 -99.999 -99.999 -99.999 -99.999 -99.999 -99.999 -99.999 -99.999 -99.999 -99.999 -99.999 -99.999 -99.999 -99.999 -99.999 -99.999 -99.999 8.644 -99.999
485 N -99.999 -99.999 8.644 -99.999 -99.999 -99.999 -99.999 -99.999 -99.999 -99.999 -99.999 -99.999 -99.999 -99.999 -99.999 -99.999 -99.999 -99.999 -99.999 -99.999
486 R -99.999 7.673 -99.999 -99.999 -99.999 3.029 -99.999 -99.999 -99.999 -99.999 3.029 -99.999 -99.999 -99.999 -99.999 -99.999 -99.999 -99.999 -99.999 -99.999
487 E -99.999 -99.999 -99.999 -99.999 -99.999 -99.999 5.029 -99.999 -99.999 3.029 -99.999 5.029 -99.999 -99.999 -99.999 5.029 -99.999 -99.999 -99.999 -99.999
488 D -99.999 -99.999 -99.999 5.029 3.029 -99.999 -99.999 -99.999 -99.999 -99.999 -99.999 5.029 -99.999 -99.999 -99.999 -99.999 -99.999 -99.999 -99.999 5.029
489 T -99.999 -99.999 -99.999 -99.999 -99.999 5.029 -99.999 -99.999 -99.999 -99.999 -99.999 3.029 -99.999 -99.999 -99.999 -99.999 7.029 -99.999 -99.999 -99.999
490 N -99.999 -99.999 5.029 -99.999 -99.999 -99.999 -99.999 -99.999 -99.999 -99.999 5.029 -99.999 -99.999 -99.999 3.029 3.029 3.029 -99.999 -99.999 -99.999
491 L -99.999 -99.999 -99.999 -99.999 -99.999 5.029 -99.999 -99.999 -99.999 -99.999 6.199 -99.999 -99.999 -99.999 -99.999 -99.999 -99.999 -99.999 -99.999 5.029
492 Q -99.999 -99.999 -99.999 -99.999 -99.999 5.474 -99.999 -99.999 -99.999 5.474 -99.999 -99.999 -99.999 -99.999 -99.999 3.474 3.474 -99.999 -99.999 -99.999
493 R -99.999 5.029 -99.999 -99.999 -99.999 -99.999 5.029 -99.999 -99.999 -99.999 -99.999 -99.999 -99.999 3.029 -99.999 5.029 -99.999 -99.999 -99.999 -99.999
494 I -99.999 -99.999 -99.999 -99.999 -99.999 -99.999 -99.999 -99.999 -99.999 4.304 4.304 4.304 -99.999 -99.999 -99.999 2.304 -99.999 -99.999 4.304 -99.999
495 K -99.999 -99.999 2.304 -99.999 -99.999 -99.999 4.304 -99.999 -99.999 -99.999 -99.999 7.474 -99.999 -99.999 -99.999 -99.999 -99.999 -99.999 -99.999 -99.999
496 T -99.999 4.199 3.029 -99.999 -99.999 -99.999 3.029 -99.999 -99.999 -99.999 -99.999 1.029 -99.999 -99.999 -99.999 -99.999 6.199 -99.999 -99.999 -99.999
497 K -99.999 -99.999 -99.999 3.029 -99.999 -99.999 3.029 -99.999 1.029 -99.999 3.029 5.673 -99.999 -99.999 -99.999 3.029 -99.999 -99.999 -99.999 -99.999
498 K -99.999 -99.999 -99.999 3.029 -99.999 -99.999 -99.999 -99.999 -99.999 4.199 1.029 5.029 -99.999 -99.999 -99.999 3.029 -99.999 -99.999 3.029 -99.999
499 A 5.029 4.199 -99.999 3.029 -99.999 -99.999 1.029 -99.999 -99.999 -99.999 4.199 1.029 -99.999 -99.999 -99.999 -99.999 -99.999 -99.999 -99.999 -99.999