#Seq2Logo.py -f /work3/idamei/ssn-clusterings/clustering/2205110921/clusters/0010_250/sequences.afa -o /work3/idamei/ssn-clusterings/clustering/2205110921/clusters/0010_250/sequences.logo
Last position-specific scoring matrix computed, values are in halfbits
A R N D C Q E G H I L K M F P S T W Y V
0 L -1.083 -1.385 -2.362 -2.816 -0.171 -1.053 -2.356 -2.585 -0.971 1.601 2.133 -1.455 5.623 0.465 -3.245 -2.019 -1.048 -1.308 -0.835 0.987
1 I -0.909 -2.864 -3.139 -3.177 0.035 -2.97 -3.375 -3.28 -2.786 4.067 1.429 -2.572 1.117 0.006 -3.381 -2.765 -0.835 -2.259 -1.287 3.388
2 F -1.949 -2.554 -3.08 -3.452 -0.756 -3.246 -3.403 -3.097 -1.413 1.189 2.652 -2.902 1.237 5.086 -4.036 -3.09 -1.987 -0.033 1.728 0.336
3 L -1.543 -2.189 -3.365 -3.622 -0.153 -2.643 -3.308 -3.385 -2.316 2.003 4.041 -2.48 2.13 0.83 -3.607 -3.161 -1.583 -1.653 -1.059 1.103
4 L -1.543 -2.189 -3.365 -3.622 -0.153 -2.643 -3.308 -3.385 -2.316 2.003 4.041 -2.48 2.13 0.83 -3.607 -3.161 -1.583 -1.653 -1.059 1.103
5 L -1.543 -2.189 -3.365 -3.622 -0.153 -2.643 -3.308 -3.385 -2.316 2.003 4.041 -2.48 2.13 0.83 -3.607 -3.161 -1.583 -1.653 -1.059 1.103
6 T 1.159 -1.162 -0.365 -1.128 0.229 -1.144 -1.366 -0.938 -1.378 -0.328 -1.106 -0.804 -0.593 -1.63 -1.65 0.659 3.797 -2.232 -1.718 0.211
7 I -1.583 -3.047 -3.085 -3.252 3.487 -3.457 -3.633 -3.11 -1.896 3.255 1.13 -2.933 0.754 4.081 -3.784 -2.903 -1.509 -0.742 0.944 1.778
8 L 1.212 -2.071 -2.751 -2.886 0.143 -2.255 -2.603 -1.785 -2.046 1.989 2.838 -1.945 1.365 0.135 -2.815 -1.603 -1.067 -1.961 -1.276 1.549
9 L -1.877 -2.49 -3.126 -3.479 -0.646 -3.136 -3.387 -3.143 -1.546 1.341 2.935 -2.827 1.407 4.689 -3.96 -3.102 -1.916 -0.248 1.413 0.479
10 F -2.337 -2.899 -2.863 -3.317 -1.377 -3.867 -3.485 -2.877 -0.831 0.274 0.562 -3.307 0.199 6.518 -4.451 -3.033 -2.373 0.849 2.928 -0.51
11 L -1.528 -2.261 -3.356 -3.58 -0.153 -2.69 -3.341 -3.394 -2.35 2.348 3.891 -2.498 2.062 0.78 -3.598 -3.153 -1.533 -1.698 -1.079 1.315
12 L 0.025 -2.22 -3.007 -3.222 0.116 -2.476 -2.912 -2.625 -2.392 2.273 2.945 -2.257 1.519 0.253 -3.183 -2.282 -1.011 -1.969 -1.198 2.547
13 F -2.337 -2.899 -2.863 -3.317 -1.377 -3.867 -3.485 -2.877 -0.831 0.274 0.562 -3.307 0.199 6.518 -4.451 -3.033 -2.373 0.849 2.928 -0.51
14 P -0.839 -2.016 -1.936 -1.566 -1.459 -1.935 -1.625 -1.855 -1.61 -2.32 -2.753 -1.066 -2.405 -3.338 6.665 -1.454 -1.351 -4.551 -2.638 -2.164
15 V -0.236 -2.489 -2.932 -3.167 0.338 -2.59 -2.896 -2.958 -2.917 3.027 0.943 -2.391 0.829 -0.401 -3.174 -2.286 -0.454 -2.39 -1.287 4.131
16 P -1.138 -2.093 -2.5 -2.327 -0.792 -2.236 -2.272 -2.452 -1.91 0.413 2.078 -1.625 0.497 -0.726 4.984 -2.109 -1.454 -2.877 -1.812 -0.228
17 S 1.066 -0.743 0.495 -0.251 0.07 -0.572 -0.558 -0.109 -0.462 -1.914 -2.331 -0.287 -1.189 -1.946 -1.478 3.27 1.009 -2.551 -1.758 -1.295
18 L -1.482 -2.489 -3.328 -3.455 -0.153 -2.837 -3.441 -3.42 -2.454 3.189 3.385 -2.552 1.846 0.622 -3.57 -3.131 -1.389 -1.836 -1.14 1.87
19 V 0.193 -1.754 -1.187 -1.756 0.119 -1.755 -1.849 -1.575 -1.59 1.767 0.082 -1.492 0.182 1.228 -2.511 0.988 0.062 -1.94 -0.652 2.748
20 L -1.543 -2.189 -3.365 -3.622 -0.153 -2.643 -3.308 -3.385 -2.316 2.003 4.041 -2.48 2.13 0.83 -3.607 -3.161 -1.583 -1.653 -1.059 1.103
21 S 1.066 -0.743 0.495 -0.251 0.07 -0.572 -0.558 -0.109 -0.462 -1.914 -2.331 -0.287 -1.189 -1.946 -1.478 3.27 1.009 -2.551 -1.758 -1.295
22 V -0.578 -2.087 -2.744 -3.049 0.13 -1.986 -2.741 -2.857 -2.073 2.725 1.452 -2.048 3.524 -0.038 -3.227 -2.238 -0.695 -1.959 -1.129 3.299
23 V -0.575 -2.532 -3.002 -3.185 0.17 -2.616 -3.054 -3.078 -2.7 3.339 1.46 -2.407 1.602 -0.133 -3.283 -2.485 -0.68 -2.24 -1.259 3.677
24 G 0.075 -2.372 -0.454 -1.337 -1.335 -2.21 -2.636 5.823 -1.491 -3.23 -3.475 -1.665 -2.681 -2.693 -2.794 -1.017 -1.934 -2.454 -3.163 -2.879
25 L -0.929 -2.599 -3.169 -3.304 0.036 -2.81 -3.267 -3.253 -2.684 3.425 2.359 -2.522 1.375 0.178 -3.411 -2.776 -0.951 -2.113 -1.234 3.117
26 V -0.248 -2.501 -2.944 -3.179 0.326 -2.602 -2.908 -2.97 -2.929 3.015 0.931 -2.402 0.817 -0.413 -3.186 -2.298 -0.466 -2.402 -1.299 4.163
27 N -1.343 -1.102 4.364 0.298 -1.061 -1.194 -1.422 -0.912 0.078 1.828 -0.567 -0.908 -0.505 -1.23 -2.795 -0.392 -0.548 -2.673 -1.781 0.476
28 D -1.791 -1.602 1.185 5.854 -2.387 -0.886 1.036 -1.138 -0.55 -2.74 -3.506 -0.844 -2.712 -2.934 -2.304 -0.966 -1.427 -3.545 -3.058 -2.879
29 K -1.096 3.931 -0.356 -1.035 -2.098 0.684 -0.01 -1.637 -0.12 -2.318 -2.17 3.785 -1.238 -2.686 -2.055 -1.088 -1.235 -2.437 -1.797 -2.075
30 K -1.096 3.931 -0.356 -1.035 -2.098 0.684 -0.01 -1.637 -0.12 -2.318 -2.17 3.785 -1.238 -2.686 -2.055 -1.088 -1.235 -2.437 -1.797 -2.075
31 L -1.727 2.289 -2.106 -2.819 -0.974 -1.495 -2.248 -2.863 -0.773 0.719 2.355 -0.493 0.945 3.194 -3.476 -2.511 -1.742 -0.654 1.41 0.012
32 S 1.054 -0.755 0.483 -0.263 0.058 -0.584 -0.569 -0.121 -0.474 -1.926 -2.343 -0.299 -1.201 -1.958 -1.49 3.311 0.997 -2.563 -1.77 -1.307
33 K -0.588 1.041 -0.92 -1.365 -0.88 -0.066 -0.525 -1.8 -0.974 0.735 -0.723 3.284 -0.348 -1.721 -2.117 -1.16 -0.157 -2.487 -1.621 1.655
34 L -0.951 -2.024 -1.851 -2.381 -0.071 -2.19 -2.618 -2.563 -2.108 2.745 2.255 -1.866 1.142 -0.023 -2.804 -1.249 1.842 -2.01 -1.351 1.597
35 Y -1.827 -1.792 -2.14 -3.036 -1.766 -1.798 -2.378 -2.946 2.09 -0.818 -0.924 -1.887 -0.696 3.334 -3.347 -2.451 -2.104 2.294 6.685 -0.994
36 L -1.555 -2.201 -3.377 -3.634 -0.165 -2.655 -3.32 -3.397 -2.328 1.991 4.061 -2.492 2.118 0.819 -3.619 -3.173 -1.595 -1.665 -1.07 1.092
37 L -0.996 -2.631 -3.188 -3.305 0.008 -2.844 -3.311 -3.283 -2.673 3.522 2.387 -2.538 1.396 0.209 -3.43 -2.822 -0.988 -2.103 -1.234 3.031
38 L -1.713 -2.344 -3.257 -3.564 -0.395 -2.885 -3.358 -3.276 -1.926 1.686 3.57 -2.657 1.787 3.333 -3.786 -3.144 -1.753 -0.893 0.397 0.803
39 V 1.484 -2.327 -2.609 -2.691 0.3 -2.328 -2.534 -1.693 -2.299 2.991 0.718 -1.951 0.582 -0.541 -2.679 -1.383 -0.617 -2.358 -1.422 3.088
40 C 0.045 -2.37 -1.544 -2.158 8.795 -2.345 -2.555 -1.445 -2.034 -1.028 -1.376 -2.031 -1.122 -2.018 -2.627 0.708 -0.477 -3.042 -2.482 -0.643
41 L -1.713 -2.344 -3.257 -3.564 -0.395 -2.885 -3.358 -3.276 -1.926 1.686 3.57 -2.657 1.787 3.333 -3.786 -3.144 -1.753 -0.893 0.397 0.803
42 S 2.186 -0.943 0.026 -0.596 0.24 -0.774 -0.757 0.021 -0.664 -1.583 -2.026 -0.445 -1.111 -1.931 -1.49 2.756 0.665 -2.533 -1.77 -0.833
43 I -1.391 -3.115 -3.277 -3.195 -0.165 -3.224 -3.701 -3.493 -2.725 4.558 1.662 -2.693 1.257 0.204 -3.519 -3.091 -1.089 -2.199 -1.299 2.846
44 S 1.054 -0.755 0.483 -0.263 0.058 -0.584 -0.569 -0.121 -0.474 -1.926 -2.343 -0.299 -1.201 -1.958 -1.49 3.311 0.997 -2.563 -1.77 -1.307
45 I -1.391 -3.115 -3.277 -3.195 -0.165 -3.224 -3.701 -3.493 -2.725 4.558 1.662 -2.693 1.257 0.204 -3.519 -3.091 -1.089 -2.199 -1.299 2.846
46 I -1.095 -2.967 -3.199 -3.191 -0.048 -3.073 -3.505 -3.368 -2.769 4.28 1.515 -2.626 1.165 0.078 -3.441 -2.895 -0.938 -2.243 -1.299 3.195
47 A 3.267 -1.229 -0.766 -1.139 0.477 -1.062 -1.043 0.208 -0.953 -1.162 -1.634 -0.663 -0.989 -1.894 -1.49 1.739 0.124 -2.49 -1.77 -0.279
48 L -1.555 -2.201 -3.377 -3.634 -0.165 -2.655 -3.32 -3.397 -2.328 1.991 4.061 -2.492 2.118 0.819 -3.619 -3.173 -1.595 -1.665 -1.07 1.092
49 R -1.548 5.537 -0.476 -1.578 -2.273 0.503 -0.575 -2.142 0.084 -2.626 -2.042 2.004 -1.238 -2.486 -2.718 -1.42 -1.468 -2.248 -1.786 -2.176
50 Y -1.827 -1.792 -2.14 -3.036 -1.766 -1.798 -2.378 -2.946 2.09 -0.818 -0.924 -1.887 -0.696 3.334 -3.347 -2.451 -2.104 2.294 6.685 -0.994
51 I -1.391 -3.115 -3.277 -3.195 -0.165 -3.224 -3.701 -3.493 -2.725 4.558 1.662 -2.693 1.257 0.204 -3.519 -3.091 -1.089 -2.199 -1.299 2.846
52 P -0.851 -2.028 -1.948 -1.578 -1.471 -1.947 -1.637 -1.867 -1.622 -2.332 -2.765 -1.078 -2.417 -3.35 6.677 -1.466 -1.363 -4.563 -2.65 -2.176
53 H -1.722 -0.372 0.445 -0.975 -2.348 -0.179 -0.515 -1.711 8.023 -2.676 -2.609 -0.78 -1.276 -0.867 -2.763 -1.594 -2.241 -1.468 1.653 -3.05
54 P -0.851 -2.028 -1.948 -1.578 -1.471 -1.947 -1.637 -1.867 -1.622 -2.332 -2.765 -1.078 -2.417 -3.35 6.677 -1.466 -1.363 -4.563 -2.65 -2.176
55 L -1.28 -1.913 -2.625 -3.068 -0.136 -2.127 -2.865 -2.948 -1.951 1.745 3.509 -2.065 2.962 0.569 -3.273 -2.215 0.063 -1.658 -1.096 0.987
56 D -1.791 -1.602 1.185 5.854 -2.387 -0.886 1.036 -1.138 -0.55 -2.74 -3.506 -0.844 -2.712 -2.934 -2.304 -0.966 -1.427 -3.545 -3.058 -2.879
57 D -1.791 -1.602 1.185 5.854 -2.387 -0.886 1.036 -1.138 -0.55 -2.74 -3.506 -0.844 -2.712 -2.934 -2.304 -0.966 -1.427 -3.545 -3.058 -2.879
58 G 0.075 -2.372 -0.454 -1.337 -1.335 -2.21 -2.636 5.823 -1.491 -3.23 -3.475 -1.665 -2.681 -2.693 -2.794 -1.017 -1.934 -2.454 -3.163 -2.879
59 A 3.952 -1.498 -1.676 -1.702 0.665 -1.334 -1.313 0.359 -1.225 -0.845 -1.336 -0.863 -0.888 -1.863 -1.49 0.44 -0.436 -2.454 -1.77 0.124
60 F -2.255 -2.691 -2.738 -3.278 -1.448 -3.41 -3.277 -2.898 -0.099 0.108 0.351 -3.025 0.057 6.195 -4.244 -2.937 -2.336 1.137 3.986 -0.595
61 H -1.722 -0.372 0.445 -0.975 -2.348 -0.179 -0.515 -1.711 8.023 -2.676 -2.609 -0.78 -1.276 -0.867 -2.763 -1.594 -2.241 -1.468 1.653 -3.05
62 F -2.349 -2.911 -2.875 -3.329 -1.388 -3.878 -3.497 -2.889 -0.843 0.262 0.55 -3.319 0.187 6.537 -4.462 -3.045 -2.385 0.837 2.917 -0.522
63 R -1.548 5.537 -0.476 -1.578 -2.273 0.503 -0.575 -2.142 0.084 -2.626 -2.042 2.004 -1.238 -2.486 -2.718 -1.42 -1.468 -2.248 -1.786 -2.176
64 A 3.952 -1.498 -1.676 -1.702 0.665 -1.334 -1.313 0.359 -1.225 -0.845 -1.336 -0.863 -0.888 -1.863 -1.49 0.44 -0.436 -2.454 -1.77 0.124
65 T -0.225 -1.595 -0.958 -1.689 0.168 -1.63 -1.919 -1.891 -1.915 1.664 -0.056 -1.337 0.097 -1.029 -2.204 -0.161 3.191 -2.265 -1.549 2.299
66 S 0.196 -0.121 0.125 -0.494 -0.448 2.464 0.08 -0.845 -0.202 -1.436 -1.828 0.188 -0.736 -2.141 -1.759 1.749 2.019 -2.335 -1.591 -0.928
67 V 1.287 -2.112 -2.548 -2.743 0.354 -2.074 -2.413 -1.804 -2.204 2.345 0.739 -1.878 1.767 -0.557 -2.72 -1.405 -0.519 -2.271 -1.342 3.364
68 L -1.555 -2.201 -3.377 -3.634 -0.165 -2.655 -3.32 -3.397 -2.328 1.991 4.061 -2.492 2.118 0.819 -3.619 -3.173 -1.595 -1.665 -1.07 1.092
69 T -0.364 -1.448 -0.612 -1.389 0.049 -1.47 -1.769 -1.701 -1.669 1.688 -0.203 -1.131 -0.037 -1.087 -2.018 0.18 3.687 -2.199 -1.622 1.04
70 N -1.639 2.661 4.863 0.715 -1.969 -0.211 -0.693 -0.596 0.738 -2.698 -2.807 0.538 -1.883 -2.415 -2.634 -0.436 -0.711 -2.758 -1.998 -2.458
71 Y -2.019 -2.177 -2.404 -3.147 -1.613 -2.441 -2.763 -2.924 1.267 -0.349 -0.259 -2.363 -0.32 5.016 -3.732 -2.668 -2.21 1.811 5.723 -0.801
72 D -1.697 -1.067 3.49 4.789 -2.202 -0.594 0.97 -0.813 0.092 -2.737 -3.34 -0.553 -2.464 -2.723 -2.375 -0.653 -1.064 -3.273 -2.628 -2.73
73 S 0.27 -0.624 3.615 0.431 -0.546 -0.567 -0.634 -0.139 0.167 -2.211 -2.636 -0.303 -1.542 -2.118 -1.873 2.399 0.512 -2.719 -1.888 -1.736
74 I -0.958 -2.895 -3.162 -3.19 0.008 -3.001 -3.412 -3.308 -2.792 4.13 1.439 -2.593 1.118 0.012 -3.404 -2.802 -0.866 -2.265 -1.299 3.355
75 V -1.088 -2.807 -3.03 -3.225 -0.235 -3.118 -3.314 -3.11 -2.13 3.197 1.104 -2.731 0.818 3.507 -3.606 -2.745 -1.108 -1.045 0.582 2.941
76 E -0.164 0.002 0.063 0.999 -1.193 2.687 1.974 -1.078 0.352 -2.168 -2.254 0.421 -1.054 -1.601 -1.921 1.241 -0.275 -1.839 0.248 -1.694
77 L -1.24 -1.641 -2.671 -3.073 -0.176 -1.505 -2.651 -2.84 -1.365 1.729 2.921 -1.77 4.904 0.58 -3.372 -2.363 -1.228 -1.431 -0.919 1.015
78 F -2.349 -2.911 -2.875 -3.329 -1.388 -3.878 -3.497 -2.889 -0.843 0.262 0.55 -3.319 0.187 6.537 -4.462 -3.045 -2.385 0.837 2.917 -0.522
79 K -0.927 2.532 -0.253 -0.709 -2.003 2.611 0.566 -1.472 0.097 -2.22 -2.159 3.679 -0.986 -2.822 -1.924 -0.913 -1.105 -2.422 -1.652 -1.97
80 A 2.973 -1.532 -0.384 3.077 -0.043 -1.177 -0.303 -0.059 -0.982 -1.349 -1.895 -0.856 -1.378 -2.177 -1.736 0.043 -0.73 -2.774 -2.139 -0.576
81 F -2.349 -2.911 -2.875 -3.329 -1.388 -3.878 -3.497 -2.889 -0.843 0.262 0.55 -3.319 0.187 6.537 -4.462 -3.045 -2.385 0.837 2.917 -0.522
82 A 3.057 -1.098 -0.76 -0.719 0.278 -0.687 0.401 0.043 -0.784 -1.283 -1.718 -0.492 -1.06 -1.964 -1.532 1.482 -0.034 -2.478 -1.786 -0.41
83 S 0.517 -0.661 3.01 0.249 -0.36 -0.572 -0.616 -0.134 -0.002 -2.127 -2.549 -0.302 -1.44 -2.071 -1.758 2.691 0.659 -2.673 -1.853 -1.607
84 G 0.075 -2.372 -0.454 -1.337 -1.335 -2.21 -2.636 5.823 -1.491 -3.23 -3.475 -1.665 -2.681 -2.693 -2.794 -1.017 -1.934 -2.454 -3.163 -2.879
85 F -2.135 -2.515 -3.119 -3.512 -1.12 -3.129 -3.288 -2.89 -1.353 0.611 1.983 -2.879 0.728 4.402 -4.364 -3.175 -2.175 7.108 1.829 -0.182
86 R -1.214 4.217 -0.426 -1.147 -1.811 2.712 0.119 -1.918 0.169 -1.041 -1.585 1.502 -0.709 -2.335 -2.495 -1.094 -0.455 -2.226 -1.584 -1.249
87 I -0.827 -2.826 -3.124 -3.188 0.064 -2.931 -3.321 -3.249 -2.814 3.971 1.36 -2.56 1.07 -0.054 -3.366 -2.712 -0.795 -2.287 -1.299 3.506
88 G 0.075 -2.372 -0.454 -1.337 -1.335 -2.21 -2.636 5.823 -1.491 -3.23 -3.475 -1.665 -2.681 -2.693 -2.794 -1.017 -1.934 -2.454 -3.163 -2.879
89 R -1.567 4.719 2.298 -0.713 -2.014 0.174 -0.72 -1.623 0.207 -1.257 -1.838 1.476 -1.196 -2.229 -2.731 -1.144 -1.193 -2.393 -1.82 -1.573
90 Y -1.827 -1.792 -2.14 -3.036 -1.766 -1.798 -2.378 -2.946 2.09 -0.818 -0.924 -1.887 -0.696 3.334 -3.347 -2.451 -2.104 2.294 6.685 -0.994
91 D -1.791 -1.602 1.185 5.854 -2.387 -0.886 1.036 -1.138 -0.55 -2.74 -3.506 -0.844 -2.712 -2.934 -2.304 -0.966 -1.427 -3.545 -3.058 -2.879
92 Y -1.827 -1.792 -2.14 -3.036 -1.766 -1.798 -2.378 -2.946 2.09 -0.818 -0.924 -1.887 -0.696 3.334 -3.347 -2.451 -2.104 2.294 6.685 -0.994
93 G 0.075 -2.372 -0.454 -1.337 -1.335 -2.21 -2.636 5.823 -1.491 -3.23 -3.475 -1.665 -2.681 -2.693 -2.794 -1.017 -1.934 -2.454 -3.163 -2.879
94 S 1.054 -0.755 0.483 -0.263 0.058 -0.584 -0.569 -0.121 -0.474 -1.926 -2.343 -0.299 -1.201 -1.958 -1.49 3.311 0.997 -2.563 -1.77 -1.307
95 V -0.523 -2.659 -3.032 -3.183 0.198 -2.761 -3.107 -3.106 -2.871 3.533 1.153 -2.48 0.946 -0.228 -3.274 -2.498 -0.626 -2.344 -1.299 3.853
96 P -0.851 -2.028 -1.948 -1.578 -1.471 -1.947 -1.637 -1.867 -1.622 -2.332 -2.765 -1.078 -2.417 -3.35 6.677 -1.466 -1.363 -4.563 -2.65 -2.176
97 V -0.466 -2.626 -3.014 -3.182 0.224 -2.729 -3.066 -3.078 -2.883 3.436 1.11 -2.465 0.921 -0.264 -3.256 -2.457 -0.593 -2.355 -1.299 3.918
98 F -2.317 -2.836 -2.828 -3.311 -1.408 -3.714 -3.422 -2.892 -0.573 0.212 0.486 -3.217 0.144 6.427 -4.388 -3.009 -2.369 0.941 3.319 -0.546
99 T -0.127 -1.107 -0.153 -1.029 0.107 -1.117 -1.392 -1.343 -1.427 -0.238 -1.071 -0.805 -0.546 -1.595 -1.701 0.691 4.287 -2.199 -1.721 0.215
100 S 0.416 -1.162 -0.331 -1.016 -0.014 -1.124 -1.231 -0.861 -0.971 0.019 1.458 -0.863 0.363 -0.713 -2.041 2.29 0.362 -2.232 -1.517 -0.271
101 L -1.555 -2.201 -3.377 -3.634 -0.165 -2.655 -3.32 -3.397 -2.328 1.991 4.061 -2.492 2.118 0.819 -3.619 -3.173 -1.595 -1.665 -1.07 1.092
102 L -1.094 -1.397 -2.374 -2.828 -0.182 -1.065 -2.367 -2.597 -0.982 1.589 2.121 -1.467 5.683 0.453 -3.256 -2.031 -1.06 -1.32 -0.846 0.975
103 Y -1.827 -1.792 -2.14 -3.036 -1.766 -1.798 -2.378 -2.946 2.09 -0.818 -0.924 -1.887 -0.696 3.334 -3.347 -2.451 -2.104 2.294 6.685 -0.994
104 L -1.633 -0.616 -3.057 -3.439 -0.365 -2.454 -3.093 -3.252 -1.931 1.704 3.669 -2.013 1.838 2.276 -3.641 -3.028 -1.665 -1.279 -0.271 0.834
105 V -0.313 -2.331 -2.606 -3.001 0.227 -2.398 -2.708 -2.883 0.617 2.874 0.815 -2.284 0.733 -0.436 -3.16 -2.254 -0.54 -2.341 -1.027 4.012
106 R -1.448 5.389 -0.458 -1.545 -2.075 0.434 -0.615 -2.092 0.018 -2.427 -1.979 1.903 -1.195 -2.429 -2.651 -1.253 -0.596 -2.246 -1.783 -1.976
107 N -1.621 -0.215 5.53 1.186 -1.868 -0.448 -0.671 -0.223 0.899 -2.691 -3.107 0.314 -2.115 -2.411 -2.544 -0.17 -0.497 -2.956 -2.067 -2.54
108 T -0.047 -1.086 -0.114 -0.98 0.104 -1.085 -1.34 -1.26 -1.365 -0.31 -1.129 -0.775 -0.579 -1.614 -1.689 0.919 4.176 -2.218 -1.724 0.149
109 H -1.756 -0.772 -0.189 -1.514 -2.141 -0.625 -1.013 -2.067 7.032 -1.916 -1.933 -1.104 -1.069 1.269 -2.945 -1.852 -2.194 0.376 4.38 -2.192
110 H -1.722 -0.372 0.445 -0.975 -2.348 -0.179 -0.515 -1.711 8.023 -2.676 -2.609 -0.78 -1.276 -0.867 -2.763 -1.594 -2.241 -1.468 1.653 -3.05
111 Y -1.639 -1.929 -2.222 -3.078 3.76 -1.943 -2.515 -2.85 1.812 -0.81 -0.941 -2.002 -0.738 3.05 -3.333 -2.355 -2.007 2.007 6.358 -0.925
112 S 1.054 -0.755 0.483 -0.263 0.058 -0.584 -0.569 -0.121 -0.474 -1.926 -2.343 -0.299 -1.201 -1.958 -1.49 3.311 0.997 -2.563 -1.77 -1.307
113 L -1.555 -2.201 -3.377 -3.634 -0.165 -2.655 -3.32 -3.397 -2.328 1.991 4.061 -2.492 2.118 0.819 -3.619 -3.173 -1.595 -1.665 -1.07 1.092
114 L -1.555 -2.201 -3.377 -3.634 -0.165 -2.655 -3.32 -3.397 -2.328 1.991 4.061 -2.492 2.118 0.819 -3.619 -3.173 -1.595 -1.665 -1.07 1.092
115 S 1.054 -0.755 0.483 -0.263 0.058 -0.584 -0.569 -0.121 -0.474 -1.926 -2.343 -0.299 -1.201 -1.958 -1.49 3.311 0.997 -2.563 -1.77 -1.307
116 F -2.349 -2.911 -2.875 -3.329 -1.388 -3.878 -3.497 -2.889 -0.843 0.262 0.55 -3.319 0.187 6.537 -4.462 -3.045 -2.385 0.837 2.917 -0.522
117 I -1.391 -3.115 -3.277 -3.195 -0.165 -3.224 -3.701 -3.493 -2.725 4.558 1.662 -2.693 1.257 0.204 -3.519 -3.091 -1.089 -2.199 -1.299 2.846
118 S 1.054 -0.755 0.483 -0.263 0.058 -0.584 -0.569 -0.121 -0.474 -1.926 -2.343 -0.299 -1.201 -1.958 -1.49 3.311 0.997 -2.563 -1.77 -1.307
119 A 3.952 -1.498 -1.676 -1.702 0.665 -1.334 -1.313 0.359 -1.225 -0.845 -1.336 -0.863 -0.888 -1.863 -1.49 0.44 -0.436 -2.454 -1.77 0.124
120 F -2.349 -2.911 -2.875 -3.329 -1.388 -3.878 -3.497 -2.889 -0.843 0.262 0.55 -3.319 0.187 6.537 -4.462 -3.045 -2.385 0.837 2.917 -0.522
121 V -0.523 -2.659 -3.032 -3.183 0.198 -2.761 -3.107 -3.106 -2.871 3.533 1.153 -2.48 0.946 -0.228 -3.274 -2.498 -0.626 -2.344 -1.299 3.853
122 T -0.127 -1.107 -0.153 -1.029 0.107 -1.117 -1.392 -1.343 -1.427 -0.238 -1.071 -0.805 -0.546 -1.595 -1.701 0.691 4.287 -2.199 -1.721 0.215
123 Y -1.827 -1.792 -2.14 -3.036 -1.766 -1.798 -2.378 -2.946 2.09 -0.818 -0.924 -1.887 -0.696 3.334 -3.347 -2.451 -2.104 2.294 6.685 -0.994
124 F -2.349 -2.911 -2.875 -3.329 -1.388 -3.878 -3.497 -2.889 -0.843 0.262 0.55 -3.319 0.187 6.537 -4.462 -3.045 -2.385 0.837 2.917 -0.522
125 S 1.054 -0.755 0.483 -0.263 0.058 -0.584 -0.569 -0.121 -0.474 -1.926 -2.343 -0.299 -1.201 -1.958 -1.49 3.311 0.997 -2.563 -1.77 -1.307
126 F -2.349 -2.911 -2.875 -3.329 -1.388 -3.878 -3.497 -2.889 -0.843 0.262 0.55 -3.319 0.187 6.537 -4.462 -3.045 -2.385 0.837 2.917 -0.522
127 G 0.075 -2.372 -0.454 -1.337 -1.335 -2.21 -2.636 5.823 -1.491 -3.23 -3.475 -1.665 -2.681 -2.693 -2.794 -1.017 -1.934 -2.454 -3.163 -2.879
128 Y -1.827 -1.792 -2.14 -3.036 -1.766 -1.798 -2.378 -2.946 2.09 -0.818 -0.924 -1.887 -0.696 3.334 -3.347 -2.451 -2.104 2.294 6.685 -0.994
129 V -0.248 -2.501 -2.944 -3.179 0.326 -2.602 -2.908 -2.97 -2.929 3.015 0.931 -2.402 0.817 -0.413 -3.186 -2.298 -0.466 -2.402 -1.299 4.163
130 V -0.248 -2.501 -2.944 -3.179 0.326 -2.602 -2.908 -2.97 -2.929 3.015 0.931 -2.402 0.817 -0.413 -3.186 -2.298 -0.466 -2.402 -1.299 4.163
131 V -0.207 -2.46 -2.903 -3.138 0.366 -2.561 -2.867 -2.929 -2.888 3.056 0.972 -2.362 0.858 -0.372 -3.145 -2.258 -0.425 -2.361 -1.259 4.053
132 V -0.207 -2.46 -2.903 -3.138 0.366 -2.561 -2.867 -2.929 -2.888 3.056 0.972 -2.362 0.858 -0.372 -3.145 -2.258 -0.425 -2.361 -1.259 4.053
133 V -0.207 -2.46 -2.903 -3.138 0.366 -2.561 -2.867 -2.929 -2.888 3.056 0.972 -2.362 0.858 -0.372 -3.145 -2.258 -0.425 -2.361 -1.259 4.053
134 V -0.207 -2.46 -2.903 -3.138 0.366 -2.561 -2.867 -2.929 -2.888 3.056 0.972 -2.362 0.858 -0.372 -3.145 -2.258 -0.425 -2.361 -1.259 4.053
135 V -0.581 -2.691 -3.051 -3.184 0.171 -2.794 -3.149 -3.134 -2.86 3.626 1.196 -2.496 0.971 -0.192 -3.293 -2.539 -0.659 -2.332 -1.299 3.787
136 D -1.682 -1.397 1.049 5.593 -2.391 -0.537 1.706 -1.219 -0.431 -2.744 -3.407 -0.632 -2.59 -2.898 -2.255 -0.948 -1.414 -3.393 -2.907 -2.788
137 L -1.499 -2.474 -3.343 -3.48 -0.165 -2.832 -3.441 -3.429 -2.454 3.119 3.459 -2.558 1.859 0.628 -3.585 -3.145 -1.416 -1.832 -1.145 1.801
138 F -2.349 -2.911 -2.875 -3.329 -1.388 -3.878 -3.497 -2.889 -0.843 0.262 0.55 -3.319 0.187 6.537 -4.462 -3.045 -2.385 0.837 2.917 -0.522
139 K -1.093 1.458 3.156 0.095 -1.947 0.413 -0.007 -0.904 0.205 -2.321 -2.528 3.615 -1.518 -2.669 -1.971 -0.618 -0.87 -2.696 -1.893 -2.188
140 S 0.502 -0.967 0.695 2.942 -0.441 -0.665 -0.027 -0.369 -0.495 -2.13 -2.622 -0.44 -1.548 -2.197 -1.694 2.614 0.501 -2.804 -2.074 -1.665
141 Y -1.749 -1.9 -2.434 -3.191 -1.225 -2.012 -2.61 -3.065 1.382 0.269 1.461 -2.043 0.393 2.825 -3.42 -2.634 -1.953 1.624 5.82 -0.249
142 G -0.752 3.35 -0.393 -1.16 -1.878 0.107 -0.587 2.634 -0.42 -2.571 -2.465 2.856 -1.572 -2.67 -2.297 -1.095 -1.433 -2.425 -2.115 -2.286
143 K -1.123 1.287 3.124 0.026 -1.811 0.272 -0.144 -0.977 0.126 -1.068 -2.059 3.405 -1.285 -2.4 -2.055 -0.697 -0.87 -2.673 -1.862 -1.524
144 C -0.269 -2.327 -2.27 -2.859 6.671 -2.414 -2.748 -2.157 0.04 0.046 -0.576 -2.235 -0.525 2.582 -3.109 -1.212 -1.286 0.248 3.959 0.478
145 S 0.714 -0.909 1.018 -0.362 -0.154 -0.809 -0.791 -0.328 -0.411 -1.618 -1.87 -0.516 -1.053 1.204 -1.759 2.884 0.697 -1.937 -0.704 -1.264
146 K -0.841 2.079 -0.282 -0.736 -1.992 0.793 0.299 -1.357 -0.257 -2.137 -2.255 4.526 -1.238 -2.82 -1.701 -0.895 -1.096 -2.563 -1.803 -2.013
147 L -1.555 -2.201 -3.377 -3.634 -0.165 -2.655 -3.32 -3.397 -2.328 1.991 4.061 -2.492 2.118 0.819 -3.619 -3.173 -1.595 -1.665 -1.07 1.092
148 S 1.326 -0.925 0.135 -0.594 0.146 -0.801 -0.855 -0.348 -0.79 -1.233 -1.816 -0.491 -0.97 -1.842 -1.547 2.535 2.257 -2.446 -1.756 -0.63
149 Y -1.827 -1.792 -2.14 -3.036 -1.766 -1.798 -2.378 -2.946 2.09 -0.818 -0.924 -1.887 -0.696 3.334 -3.347 -2.451 -2.104 2.294 6.685 -0.994
150 I 1.279 -2.438 -2.488 -2.55 0.105 -2.43 -2.677 -1.735 -2.149 3.61 0.969 -1.942 0.714 -0.326 -2.691 -1.367 -0.174 -2.268 -1.445 2.192
151 L -1.035 -2.094 -2.052 -2.538 -0.086 -2.287 -2.74 -2.691 -2.163 2.811 2.494 -1.97 1.275 0.096 -2.92 -1.49 1.496 -1.979 -1.316 1.632
152 V -0.581 -2.691 -3.051 -3.184 0.171 -2.794 -3.149 -3.134 -2.86 3.626 1.196 -2.496 0.971 -0.192 -3.293 -2.539 -0.659 -2.332 -1.299 3.787
153 L -1.881 -2.495 -3.143 -3.494 -0.646 -3.136 -3.397 -3.16 -1.573 1.346 2.978 -2.831 1.413 4.656 -3.964 -3.115 -1.92 -0.284 1.364 0.482
154 L -1.445 -2.777 -3.31 -3.334 -0.165 -3.021 -3.568 -3.461 -2.587 3.927 2.699 -2.625 1.573 0.423 -3.552 -3.118 -1.248 -2.01 -1.221 2.371
155 T 1.67 -1.21 -0.502 -1.201 0.273 -1.176 -1.37 -0.761 -1.37 -0.394 -1.142 -0.821 -0.637 -1.667 -1.641 0.623 3.556 -2.268 -1.734 0.19
156 V -0.248 -2.501 -2.944 -3.179 0.326 -2.602 -2.908 -2.97 -2.929 3.015 0.931 -2.402 0.817 -0.413 -3.186 -2.298 -0.466 -2.402 -1.299 4.163
157 L -1.555 -2.201 -3.377 -3.634 -0.165 -2.655 -3.32 -3.397 -2.328 1.991 4.061 -2.492 2.118 0.819 -3.619 -3.173 -1.595 -1.665 -1.07 1.092
158 L -1.158 -2.78 -3.228 -3.426 6.235 -3.051 -3.608 -3.031 -2.625 2.766 2.494 -2.724 1.2 0.032 -3.47 -2.654 -1.345 -2.215 -1.544 1.533
159 L -1.555 -2.201 -3.377 -3.634 -0.165 -2.655 -3.32 -3.397 -2.328 1.991 4.061 -2.492 2.118 0.819 -3.619 -3.173 -1.595 -1.665 -1.07 1.092
160 N -1.674 -0.429 5.673 1.267 -1.861 -0.541 -0.74 -0.169 0.954 -2.727 -3.166 -0.31 -2.176 -2.389 -2.602 -0.132 -0.466 -2.981 -2.083 -2.575
161 N -1.674 -0.429 5.673 1.267 -1.861 -0.541 -0.74 -0.169 0.954 -2.727 -3.166 -0.31 -2.176 -2.389 -2.602 -0.132 -0.466 -2.981 -2.083 -2.575
162 Y -1.827 -1.792 -2.14 -3.036 -1.766 -1.798 -2.378 -2.946 2.09 -0.818 -0.924 -1.887 -0.696 3.334 -3.347 -2.451 -2.104 2.294 6.685 -0.994
163 R -1.548 5.537 -0.476 -1.578 -2.273 0.503 -0.575 -2.142 0.084 -2.626 -2.042 2.004 -1.238 -2.486 -2.718 -1.42 -1.468 -2.248 -1.786 -2.176
164 Y -1.827 -1.792 -2.14 -3.036 -1.766 -1.798 -2.378 -2.946 2.09 -0.818 -0.924 -1.887 -0.696 3.334 -3.347 -2.451 -2.104 2.294 6.685 -0.994
165 T -0.127 -1.107 -0.153 -1.029 0.107 -1.117 -1.392 -1.343 -1.427 -0.238 -1.071 -0.805 -0.546 -1.595 -1.701 0.691 4.287 -2.199 -1.721 0.215
166 T -0.127 -1.107 -0.153 -1.029 0.107 -1.117 -1.392 -1.343 -1.427 -0.238 -1.071 -0.805 -0.546 -1.595 -1.701 0.691 4.287 -2.199 -1.721 0.215
167 S 1.054 -0.755 0.483 -0.263 0.058 -0.584 -0.569 -0.121 -0.474 -1.926 -2.343 -0.299 -1.201 -1.958 -1.49 3.311 0.997 -2.563 -1.77 -1.307
168 G 0.075 -2.372 -0.454 -1.337 -1.335 -2.21 -2.636 5.823 -1.491 -3.23 -3.475 -1.665 -2.681 -2.693 -2.794 -1.017 -1.934 -2.454 -3.163 -2.879
169 L -1.094 -1.397 -2.374 -2.828 -0.182 -1.065 -2.367 -2.597 -0.982 1.589 2.121 -1.467 5.683 0.453 -3.256 -2.031 -1.06 -1.32 -0.846 0.975
170 R -1.548 5.537 -0.476 -1.578 -2.273 0.503 -0.575 -2.142 0.084 -2.626 -2.042 2.004 -1.238 -2.486 -2.718 -1.42 -1.468 -2.248 -1.786 -2.176
171 F -2.349 -2.911 -2.875 -3.329 -1.388 -3.878 -3.497 -2.889 -0.843 0.262 0.55 -3.319 0.187 6.537 -4.462 -3.045 -2.385 0.837 2.917 -0.522
172 C -0.462 -3.353 -2.979 -3.433 9.695 -3.473 -3.939 -2.178 -2.965 -0.746 -1.076 -3.128 -1.093 -2.042 -3.221 -1.685 -1.331 -3.249 -2.811 -0.424
173 L -1.094 -1.397 -2.374 -2.828 -0.182 -1.065 -2.367 -2.597 -0.982 1.589 2.121 -1.467 5.683 0.453 -3.256 -2.031 -1.06 -1.32 -0.846 0.975
174 A 3.699 -1.452 -1.462 -1.619 0.609 -1.309 -1.321 0.213 -1.247 -0.771 -1.305 -0.856 -0.848 -1.832 -1.512 0.469 0.656 -2.425 -1.764 0.134
175 V -0.64 -2.724 -3.069 -3.185 0.145 -2.828 -3.191 -3.162 -2.848 3.716 1.238 -2.512 0.996 -0.157 -3.311 -2.581 -0.692 -2.321 -1.299 3.719
176 S 2.186 -0.943 0.026 -0.596 0.24 -0.774 -0.757 0.021 -0.664 -1.583 -2.026 -0.445 -1.111 -1.931 -1.49 2.756 0.665 -2.533 -1.77 -0.833
177 L -1.555 -2.201 -3.377 -3.634 -0.165 -2.655 -3.32 -3.397 -2.328 1.991 4.061 -2.492 2.118 0.819 -3.619 -3.173 -1.595 -1.665 -1.07 1.092
178 I -1.231 -2.496 -2.979 -3.088 -0.14 -2.417 -3.222 -3.186 -2.136 3.909 1.763 -2.282 3.26 0.245 -3.425 -2.71 -1.043 -1.937 -1.166 2.541
179 L -1.094 -1.397 -2.374 -2.828 -0.182 -1.065 -2.367 -2.597 -0.982 1.589 2.121 -1.467 5.683 0.453 -3.256 -2.031 -1.06 -1.32 -0.846 0.975
180 L -1.555 -2.201 -3.377 -3.634 -0.165 -2.655 -3.32 -3.397 -2.328 1.991 4.061 -2.492 2.118 0.819 -3.619 -3.173 -1.595 -1.665 -1.07 1.092
181 L -1.49 -2.523 -3.338 -3.456 -0.165 -2.863 -3.462 -3.434 -2.476 3.27 3.346 -2.569 1.813 0.595 -3.58 -3.141 -1.387 -1.861 -1.157 1.904
182 L -1.367 -1.861 -2.945 -3.294 -0.172 -1.93 -2.911 -3.059 -1.728 1.841 3.451 -2.049 4.043 0.682 -3.472 -2.674 -1.375 -1.526 -0.981 1.047
183 Y -1.827 -1.792 -2.14 -3.036 -1.766 -1.798 -2.378 -2.946 2.09 -0.818 -0.924 -1.887 -0.696 3.334 -3.347 -2.451 -2.104 2.294 6.685 -0.994
184 L -1.071 -2.254 -2.567 -2.875 -0.139 -2.495 -2.952 -2.814 -2.167 2.953 3.084 -2.207 1.608 0.408 -3.258 -1.246 -1.008 -1.924 -1.216 1.656
185 E -1.192 -0.547 0.255 3.742 -2.412 0.764 3.758 -1.662 0.101 -2.765 -2.957 0.242 -2.05 -2.722 -2.025 -0.858 -1.352 -2.735 -2.253 -2.372
186 S 1.054 -0.755 0.483 -0.263 0.058 -0.584 -0.569 -0.121 -0.474 -1.926 -2.343 -0.299 -1.201 -1.958 -1.49 3.311 0.997 -2.563 -1.77 -1.307
187 K -0.841 2.079 -0.282 -0.736 -1.992 0.793 0.299 -1.357 -0.257 -2.137 -2.255 4.526 -1.238 -2.82 -1.701 -0.895 -1.096 -2.563 -1.803 -2.013
188 N -1.51 0.185 3.335 -0.206 -1.818 -0.516 -0.87 -1.193 0.838 -1.609 -1.711 1.749 -1.212 2.072 -2.607 -0.993 -1.127 -0.325 3.069 -1.737
189 G -0.868 -0.685 3.458 0.852 -1.749 -0.022 2.036 2.33 0.243 -2.629 -2.91 -0.193 -2.015 -2.478 -2.331 -0.467 -0.299 -2.613 -2.209 -2.244
190 Y -1.935 -2.006 -2.288 -3.099 -1.678 -2.148 -2.592 -2.933 1.649 -0.54 -0.525 -2.15 -0.475 4.41 -3.561 -2.573 -2.164 2.028 6.175 -0.882
191 T 0.73 -1.148 -0.288 -1.096 0.175 -1.141 -1.383 -1.096 -1.404 -0.3 -1.099 -0.812 -0.582 -1.623 -1.677 0.664 4.017 -2.226 -1.726 0.205
192 D -0.596 1.703 0.432 3.228 -1.522 -0.007 0.328 -1.033 -0.358 -2.326 -2.609 2.368 -1.641 -2.603 -1.938 0.646 -0.601 -2.814 -2.153 -2.104
193 F -1.842 -2.255 -2.67 -3.177 -1.102 -2.61 -2.909 -2.97 0.255 0.513 1.698 -2.407 0.575 4.439 -0.584 -2.758 -1.994 0.869 4.347 -0.16
194 W -1.421 1.023 -1.099 -1.553 -2.125 -0.149 -0.586 -1.713 -0.572 -2.029 -2.011 3.247 -1.26 -0.636 -2.656 -1.627 -1.622 7.946 0.398 -2.1
195 T -0.466 -1.216 -0.829 -1.603 -0.002 -1.097 -1.733 -1.769 -1.246 0.614 0.603 -1.045 3.439 -0.62 -2.211 -0.092 3.141 -1.825 -1.349 0.535
196 I -0.952 -1.869 -1.963 -2.435 -0.109 -1.741 -2.529 -2.548 -1.656 2.936 1.456 -1.699 3.673 0.001 -2.917 -1.436 1.204 -1.825 -1.198 1.74
197 L -1.736 -2.715 -3.168 -3.38 -0.518 -3.209 -3.502 -3.247 -1.847 2.809 2.475 -2.814 1.293 4.009 -3.837 -3.102 -1.641 -0.686 0.884 1.46
198 W -2.245 -2.33 -3.244 -3.634 -1.425 -2.776 -3.091 -2.681 -1.491 0.039 1.592 -2.697 0.328 1.019 -4.689 -3.302 -2.288 9.475 1.422 -0.669
199 Y -1.827 -1.792 -2.14 -3.036 -1.766 -1.798 -2.378 -2.946 2.09 -0.818 -0.924 -1.887 -0.696 3.334 -3.347 -2.451 -2.104 2.294 6.685 -0.994
200 L -1.328 -2.098 -2.958 -3.299 -0.152 -2.491 -3.075 -3.077 -2.187 1.869 3.914 -2.315 2.006 0.718 -3.449 -2.061 -1.371 -1.708 -1.105 1.0
201 L -0.996 -2.631 -3.188 -3.305 0.008 -2.844 -3.311 -3.283 -2.673 3.522 2.387 -2.538 1.396 0.209 -3.43 -2.822 -0.988 -2.103 -1.234 3.031
202 P -0.851 -2.028 -1.948 -1.578 -1.471 -1.947 -1.637 -1.867 -1.622 -2.332 -2.765 -1.078 -2.417 -3.35 6.677 -1.466 -1.363 -4.563 -2.65 -2.176
203 L -1.342 -2.414 -3.303 -3.478 -0.106 -2.766 -3.35 -3.367 -2.474 2.891 3.421 -2.525 1.822 0.574 -3.545 -3.044 -1.331 -1.851 -1.145 2.056
204 G 0.298 -1.966 -0.306 -1.138 2.379 -1.81 -2.08 5.008 -1.291 -2.697 -3.0 -1.358 -2.18 -2.474 -2.468 0.618 -0.954 -2.518 -2.772 -2.269
205 I -1.391 -3.115 -3.277 -3.195 -0.165 -3.224 -3.701 -3.493 -2.725 4.558 1.662 -2.693 1.257 0.204 -3.519 -3.091 -1.089 -2.199 -1.299 2.846
206 H -1.722 -0.372 0.445 -0.975 -2.348 -0.179 -0.515 -1.711 8.023 -2.676 -2.609 -0.78 -1.276 -0.867 -2.763 -1.594 -2.241 -1.468 1.653 -3.05
207 S 0.856 -0.885 0.236 -0.493 0.034 -0.753 -0.773 -0.347 -0.63 -1.123 -0.474 -0.475 -0.581 -1.481 -1.662 3.009 0.8 -2.449 -1.683 -0.919
208 A 3.741 -1.405 -1.34 -1.501 0.604 -1.241 -1.22 0.31 -1.132 -0.946 -1.432 -0.795 -0.921 -1.873 -1.49 0.941 -0.237 -2.466 -1.77 -0.004
209 V -0.64 -2.724 -3.069 -3.185 0.145 -2.828 -3.191 -3.162 -2.848 3.716 1.238 -2.512 0.996 -0.157 -3.311 -2.581 -0.692 -2.321 -1.299 3.719
210 I -1.095 -2.967 -3.199 -3.191 -0.048 -3.073 -3.505 -3.368 -2.769 4.28 1.515 -2.626 1.165 0.078 -3.441 -2.895 -0.938 -2.243 -1.299 3.195
211 Y -1.827 -1.792 -2.14 -3.036 -1.766 -1.798 -2.378 -2.946 2.09 -0.818 -0.924 -1.887 -0.696 3.334 -3.347 -2.451 -2.104 2.294 6.685 -0.994
212 F -2.349 -2.911 -2.875 -3.329 -1.388 -3.878 -3.497 -2.889 -0.843 0.262 0.55 -3.319 0.187 6.537 -4.462 -3.045 -2.385 0.837 2.917 -0.522
213 I -0.827 -2.826 -3.124 -3.188 0.064 -2.931 -3.321 -3.249 -2.814 3.971 1.36 -2.56 1.07 -0.054 -3.366 -2.712 -0.795 -2.287 -1.299 3.506
214 A 3.289 -1.715 -1.282 -1.596 0.234 -1.552 -1.624 3.08 -1.297 -1.335 -1.789 -1.064 -1.285 -2.07 -1.797 0.104 -0.781 -2.454 -2.094 -0.447
215 L -1.555 -2.201 -3.377 -3.634 -0.165 -2.655 -3.32 -3.397 -2.328 1.991 4.061 -2.492 2.118 0.819 -3.619 -3.173 -1.595 -1.665 -1.07 1.092
216 R -1.548 5.537 -0.476 -1.578 -2.273 0.503 -0.575 -2.142 0.084 -2.626 -2.042 2.004 -1.238 -2.486 -2.718 -1.42 -1.468 -2.248 -1.786 -2.176
217 L -1.925 -2.534 -3.115 -3.477 -0.712 -3.202 -3.407 -3.132 -1.491 1.254 2.809 -2.876 1.311 4.909 -4.01 -3.108 -1.963 -0.15 1.563 0.396
218 L 1.613 -2.228 -2.626 -2.68 0.192 -2.287 -2.539 -1.547 -2.076 2.785 1.797 -1.885 0.91 -0.228 -2.661 -1.349 -0.879 -2.172 -1.393 2.052
219 F -2.317 -2.836 -2.828 -3.311 -1.408 -3.714 -3.422 -2.892 -0.573 0.212 0.486 -3.217 0.144 6.427 -4.388 -3.009 -2.369 0.941 3.319 -0.546
220 P -1.345 -2.34 -2.274 -2.14 -1.439 -2.554 -2.226 -2.222 -1.293 -1.036 -1.008 -1.758 -1.116 3.955 5.295 -1.983 -1.718 -1.263 0.785 -1.417
221 L -1.6 -2.292 -2.803 -3.245 -0.687 -2.447 -3.022 -3.243 0.157 2.603 2.015 -2.302 0.97 1.944 -3.478 -2.846 -1.592 0.46 4.241 1.31
222 L -1.547 -2.465 -3.319 -3.488 -0.221 -2.861 -3.431 -3.392 -2.323 2.906 3.432 -2.588 1.818 1.563 -3.631 -3.142 -1.482 -1.58 -0.681 1.638
223 K -0.911 2.74 -0.303 -0.819 -2.022 0.762 0.214 -1.434 -0.217 -2.188 -2.23 4.333 -1.238 -2.781 -1.798 -0.949 -1.135 -2.527 -1.801 -2.031
224 K -0.841 2.079 -0.282 -0.736 -1.992 0.793 0.299 -1.357 -0.257 -2.137 -2.255 4.526 -1.238 -2.82 -1.701 -0.895 -1.096 -2.563 -1.803 -2.013
225 V -0.581 -2.691 -3.051 -3.184 0.171 -2.794 -3.149 -3.134 -2.86 3.626 1.196 -2.496 0.971 -0.192 -3.293 -2.539 -0.659 -2.332 -1.299 3.787
226 T -0.127 -1.107 -0.153 -1.029 0.107 -1.117 -1.392 -1.343 -1.427 -0.238 -1.071 -0.805 -0.546 -1.595 -1.701 0.691 4.287 -2.199 -1.721 0.215
227 L -0.929 -2.599 -3.169 -3.304 0.036 -2.81 -3.267 -3.253 -2.684 3.425 2.359 -2.522 1.375 0.178 -3.411 -2.776 -0.951 -2.113 -1.234 3.117
228 G 1.254 -1.916 -1.329 -1.903 -0.244 -1.938 -2.24 3.122 -1.602 0.054 1.47 -1.549 0.201 -0.828 -2.515 -0.47 -0.378 -2.159 -1.873 -0.189
229 K -0.841 2.079 -0.282 -0.736 -1.992 0.793 0.299 -1.357 -0.257 -2.137 -2.255 4.526 -1.238 -2.82 -1.701 -0.895 -1.096 -2.563 -1.803 -2.013
230 S 1.054 -0.755 0.483 -0.263 0.058 -0.584 -0.569 -0.121 -0.474 -1.926 -2.343 -0.299 -1.201 -1.958 -1.49 3.311 0.997 -2.563 -1.77 -1.307
231 L -1.411 -2.492 -3.318 -3.455 -0.135 -2.829 -3.416 -3.403 -2.486 3.164 3.326 -2.552 1.794 0.568 -3.56 -3.089 -1.345 -1.871 -1.157 2.03
232 L -1.287 -2.562 -3.029 -3.358 -0.382 -3.051 -3.24 -3.049 -1.804 1.893 2.093 -2.753 1.044 4.278 -3.75 -2.806 -1.409 -0.57 1.117 2.196
233 V -0.503 -2.084 -2.741 -3.057 0.166 -1.994 -2.716 -2.84 -2.126 2.613 1.384 -2.056 3.422 -0.094 -3.209 -2.206 -0.65 -1.994 -1.14 3.435
234 L -1.499 -2.474 -3.343 -3.48 -0.165 -2.832 -3.441 -3.429 -2.454 3.119 3.459 -2.558 1.859 0.628 -3.585 -3.145 -1.416 -1.832 -1.145 1.801
235 L -1.594 -2.236 -3.346 -3.617 -0.221 -2.711 -3.329 -3.366 -2.222 1.917 3.946 -2.532 2.039 1.679 -3.66 -3.165 -1.634 -1.452 -0.628 1.022
236 G 0.551 -1.541 0.0 -0.81 -0.632 -1.373 -1.534 4.407 -0.994 -2.577 -2.916 -0.978 -1.929 -2.343 -2.141 1.681 -0.266 -2.502 -2.46 -2.073
237 F -2.349 -2.911 -2.875 -3.329 -1.388 -3.878 -3.497 -2.889 -0.843 0.262 0.55 -3.319 0.187 6.537 -4.462 -3.045 -2.385 0.837 2.917 -0.522
238 P -0.851 -2.028 -1.948 -1.578 -1.471 -1.947 -1.637 -1.867 -1.622 -2.332 -2.765 -1.078 -2.417 -3.35 6.677 -1.466 -1.363 -4.563 -2.65 -2.176
239 I -1.095 -2.967 -3.199 -3.191 -0.048 -3.073 -3.505 -3.368 -2.769 4.28 1.515 -2.626 1.165 0.078 -3.441 -2.895 -0.938 -2.243 -1.299 3.195
240 L -1.463 -2.273 -3.225 -3.433 -0.167 -2.536 -3.274 -3.317 -2.222 2.757 3.489 -2.4 2.677 0.653 -3.554 -3.004 -1.413 -1.733 -1.094 1.573
241 F -1.948 -2.932 -3.029 -3.299 -0.849 -3.566 -3.553 -3.104 -1.423 2.524 1.282 -3.046 0.719 5.32 -4.065 -3.067 -1.843 0.011 1.897 1.141
242 G -0.691 0.338 2.779 -0.022 -1.742 -0.265 -0.043 3.176 -0.137 -2.666 -2.893 2.15 -1.946 -2.642 -2.285 -0.694 -1.155 -2.626 -2.283 -2.442
243 L -1.051 -2.297 -3.225 -3.474 0.008 -2.637 -3.176 -3.247 -2.515 2.374 3.341 -2.462 1.746 0.463 -3.467 -2.851 -1.167 -1.89 -1.145 2.507
244 F -0.744 -2.065 -1.676 -2.308 -0.225 -2.313 -2.458 -2.299 -1.607 1.392 0.258 -1.985 0.206 3.769 -2.897 -1.072 1.856 -0.845 0.784 2.068
245 P -0.851 -2.028 -1.948 -1.578 -1.471 -1.947 -1.637 -1.867 -1.622 -2.332 -2.765 -1.078 -2.417 -3.35 6.677 -1.466 -1.363 -4.563 -2.65 -2.176
246 L -1.714 -1.977 -3.004 -3.229 -0.714 -2.511 -2.961 -2.96 -1.91 2.591 2.19 -1.273 1.019 0.597 -3.813 -3.01 -1.637 7.023 0.164 1.238
247 L -1.635 -2.735 -3.214 -3.365 -0.395 -3.145 -3.524 -3.317 -2.073 3.232 2.552 -2.749 1.39 3.228 -3.739 -3.107 -1.504 -1.064 0.337 1.796
248 A 3.393 -1.272 -0.899 -1.225 0.509 -1.106 -1.086 0.234 -0.996 -1.107 -1.582 -0.695 -0.971 -1.889 -1.49 1.559 0.038 -2.484 -1.77 -0.207
249 R -1.276 3.024 2.737 0.535 -1.981 0.474 2.153 -1.43 0.353 -1.846 -2.218 0.889 -1.464 -2.338 -2.409 -0.844 -1.048 -2.496 -1.881 -1.181
250 W -2.275 -2.288 -3.171 -3.583 -1.561 -2.665 -3.016 -2.589 -1.362 -0.249 1.031 -2.642 0.806 1.017 -4.767 -3.233 -2.312 9.702 1.563 -0.891
251 T -0.459 -1.533 -0.729 -1.49 -0.018 -1.584 -1.865 -1.778 -1.631 1.703 -0.115 -1.237 0.001 0.5 -2.13 0.037 3.504 -1.915 -1.062 1.012
252 G 0.075 -2.372 -0.454 -1.337 -1.335 -2.21 -2.636 5.823 -1.491 -3.23 -3.475 -1.665 -2.681 -2.693 -2.794 -1.017 -1.934 -2.454 -3.163 -2.879
253 L -1.752 -2.582 -3.282 -3.456 -0.625 -2.916 -3.36 -3.11 -2.079 2.863 2.288 -2.655 1.118 0.687 -3.973 -3.193 -1.637 7.024 0.179 1.457
254 A 2.145 -1.207 -0.412 -0.981 0.165 -1.083 -1.129 0.721 -1.025 -1.167 -1.73 -0.698 -1.051 -1.937 0.286 1.685 1.7 -2.514 -1.864 -0.483
255 Y -2.019 -2.177 -2.404 -3.147 -1.613 -2.441 -2.763 -2.924 1.267 -0.349 -0.259 -2.363 -0.32 5.016 -3.732 -2.668 -2.21 1.811 5.723 -0.801
256 F -2.059 -2.654 -3.032 -3.427 -0.92 -3.41 -3.436 -3.048 -1.258 0.96 2.233 -3.016 0.983 5.559 -4.153 -3.087 -2.097 0.218 2.088 0.121
257 E -0.99 0.525 -0.118 0.35 -2.129 3.778 2.745 -1.666 3.066 -2.465 -2.29 0.863 -0.897 -2.538 -2.131 -0.862 -1.213 -2.172 -0.938 -2.032
258 S 0.507 -1.135 -0.033 -0.76 -0.203 -1.089 -1.057 -0.611 -0.599 -1.177 -1.343 -0.779 -0.794 2.689 -1.948 2.554 0.893 -1.379 0.092 -1.011
259 F -2.225 -2.933 -2.917 -3.313 -1.224 -3.798 -3.519 -2.95 -1.0 1.195 0.697 -3.242 0.328 6.237 -4.341 -3.05 -2.209 0.621 2.659 0.113
260 I -0.827 -2.826 -3.124 -3.188 0.064 -2.931 -3.321 -3.249 -2.814 3.971 1.36 -2.56 1.07 -0.054 -3.366 -2.712 -0.795 -2.287 -1.299 3.506
261 R -1.548 5.537 -0.476 -1.578 -2.273 0.503 -0.575 -2.142 0.084 -2.626 -2.042 2.004 -1.238 -2.486 -2.718 -1.42 -1.468 -2.248 -1.786 -2.176
262 K -0.841 2.079 -0.282 -0.736 -1.992 0.793 0.299 -1.357 -0.257 -2.137 -2.255 4.526 -1.238 -2.82 -1.701 -0.895 -1.096 -2.563 -1.803 -2.013
263 I -1.391 -3.115 -3.277 -3.195 -0.165 -3.224 -3.701 -3.493 -2.725 4.558 1.662 -2.693 1.257 0.204 -3.519 -3.091 -1.089 -2.199 -1.299 2.846
264 E -1.232 -0.565 1.052 3.736 -2.378 0.669 3.577 -1.54 0.139 -2.763 -2.982 0.189 -2.073 -2.708 -2.062 -0.815 -1.297 -2.768 -2.263 -2.396
265 I -0.874 -2.643 -2.631 -2.853 0.01 -2.731 -3.118 -3.02 -2.601 3.896 1.26 -2.335 0.982 -0.116 -3.162 -2.143 0.394 -2.254 -1.343 3.106
266 Y -1.827 -1.792 -2.14 -3.036 -1.766 -1.798 -2.378 -2.946 2.09 -0.818 -0.924 -1.887 -0.696 3.334 -3.347 -2.451 -2.104 2.294 6.685 -0.994
267 S 1.054 -0.755 0.483 -0.263 0.058 -0.584 -0.569 -0.121 -0.474 -1.926 -2.343 -0.299 -1.201 -1.958 -1.49 3.311 0.997 -2.563 -1.77 -1.307
268 D -1.791 -1.602 1.185 5.854 -2.387 -0.886 1.036 -1.138 -0.55 -2.74 -3.506 -0.844 -2.712 -2.934 -2.304 -0.966 -1.427 -3.545 -3.058 -2.879
269 N -1.674 -0.429 5.673 1.267 -1.861 -0.541 -0.74 -0.169 0.954 -2.727 -3.166 -0.31 -2.176 -2.389 -2.602 -0.132 -0.466 -2.981 -2.083 -2.575
270 T 1.88 -1.105 -0.287 -0.953 0.261 -1.015 -1.119 -0.435 -1.078 -0.796 -1.451 -0.671 -0.81 -1.765 -1.582 1.637 2.751 -2.367 -1.748 -0.162
271 S 0.999 -0.774 0.451 -0.301 0.061 -0.611 -0.609 -0.176 -0.52 -1.801 -2.255 -0.325 -1.16 -1.936 -1.501 3.214 1.319 -2.542 -1.767 -1.197
272 Y -1.827 -1.792 -2.14 -3.036 -1.766 -1.798 -2.378 -2.946 2.09 -0.818 -0.924 -1.887 -0.696 3.334 -3.347 -2.451 -2.104 2.294 6.685 -0.994
273 A 3.079 -1.36 -0.987 -1.336 0.471 -1.213 -1.215 -0.005 -1.132 -0.258 -1.193 -0.823 -0.717 -1.685 -1.636 1.422 0.035 -2.478 -1.714 0.723
274 D -1.261 -0.167 1.711 3.548 -2.2 2.42 2.459 -1.307 0.295 -2.605 -2.769 0.328 -1.605 -2.79 -2.177 -0.763 -1.151 -2.735 -2.063 -2.309
275 L -1.754 -2.381 -3.228 -3.546 -0.456 -2.946 -3.368 -3.247 -1.833 1.605 3.433 -2.699 1.698 3.725 -3.829 -3.137 -1.794 -0.728 0.671 0.726
276 F -2.349 -2.911 -2.875 -3.329 -1.388 -3.878 -3.497 -2.889 -0.843 0.262 0.55 -3.319 0.187 6.537 -4.462 -3.045 -2.385 0.837 2.917 -0.522
277 N -1.674 -0.429 5.673 1.267 -1.861 -0.541 -0.74 -0.169 0.954 -2.727 -3.166 -0.31 -2.176 -2.389 -2.602 -0.132 -0.466 -2.981 -2.083 -2.575
278 T -0.162 -0.8 -0.16 -1.012 0.023 -0.971 -1.267 -1.344 -1.348 -0.317 -1.126 -0.055 -0.581 -1.651 -1.701 0.622 4.148 -2.218 -1.725 0.128
279 T -0.127 -1.107 -0.153 -1.029 0.107 -1.117 -1.392 -1.343 -1.427 -0.238 -1.071 -0.805 -0.546 -1.595 -1.701 0.691 4.287 -2.199 -1.721 0.215
280 L -1.555 -2.201 -3.377 -3.634 -0.165 -2.655 -3.32 -3.397 -2.328 1.991 4.061 -2.492 2.118 0.819 -3.619 -3.173 -1.595 -1.665 -1.07 1.092
281 T -0.127 -1.107 -0.153 -1.029 0.107 -1.117 -1.392 -1.343 -1.427 -0.238 -1.071 -0.805 -0.546 -1.595 -1.701 0.691 4.287 -2.199 -1.721 0.215
282 L -0.805 -1.764 -2.602 -2.981 -0.002 -1.572 -2.585 -2.757 -1.57 2.166 1.944 -1.799 4.608 0.216 -3.251 -2.172 -0.873 -1.658 -1.002 2.464
283 R -1.548 5.537 -0.476 -1.578 -2.273 0.503 -0.575 -2.142 0.084 -2.626 -2.042 2.004 -1.238 -2.486 -2.718 -1.42 -1.468 -2.248 -1.786 -2.176
284 L -1.555 -2.201 -3.377 -3.634 -0.165 -2.655 -3.32 -3.397 -2.328 1.991 4.061 -2.492 2.118 0.819 -3.619 -3.173 -1.595 -1.665 -1.07 1.092
285 Y -1.809 -1.604 0.567 -2.102 -1.776 -1.628 -2.143 -2.469 1.984 -0.977 -1.103 -1.663 -0.828 3.043 -3.254 -2.081 -1.869 2.012 6.362 -1.132
286 V -0.64 -2.724 -3.069 -3.185 0.145 -2.828 -3.191 -3.162 -2.848 3.716 1.238 -2.512 0.996 -0.157 -3.311 -2.581 -0.692 -2.321 -1.299 3.719
287 G 0.075 -2.372 -0.454 -1.337 -1.335 -2.21 -2.636 5.823 -1.491 -3.23 -3.475 -1.665 -2.681 -2.693 -2.794 -1.017 -1.934 -2.454 -3.163 -2.879
288 L -0.936 -2.549 -3.174 -3.328 0.036 -2.78 -3.248 -3.248 -2.661 3.282 2.518 -2.511 1.428 0.216 -3.416 -2.78 -0.975 -2.082 -1.221 3.049
289 V -0.621 -2.397 -3.081 -3.323 0.171 -2.619 -3.039 -3.105 -2.715 2.712 2.381 -2.432 1.319 0.058 -3.323 -2.561 -0.795 -2.135 -1.221 3.452
290 L -1.555 -2.201 -3.377 -3.634 -0.165 -2.655 -3.32 -3.397 -2.328 1.991 4.061 -2.492 2.118 0.819 -3.619 -3.173 -1.595 -1.665 -1.07 1.092
291 L -1.094 -1.397 -2.374 -2.828 -0.182 -1.065 -2.367 -2.597 -0.982 1.589 2.121 -1.467 5.683 0.453 -3.256 -2.031 -1.06 -1.32 -0.846 0.975
292 F -1.141 -2.742 -2.948 -3.246 -0.378 -3.176 -3.24 -2.986 -1.799 2.39 0.864 -2.809 0.611 4.518 -3.727 -2.694 -1.248 -0.505 1.311 2.701
293 L -1.555 -2.201 -3.377 -3.634 -0.165 -2.655 -3.32 -3.397 -2.328 1.991 4.061 -2.492 2.118 0.819 -3.619 -3.173 -1.595 -1.665 -1.07 1.092
294 F -2.349 -2.911 -2.875 -3.329 -1.388 -3.878 -3.497 -2.889 -0.843 0.262 0.55 -3.319 0.187 6.537 -4.462 -3.045 -2.385 0.837 2.917 -0.522
295 L -1.129 -2.281 -3.25 -3.5 -0.02 -2.64 -3.199 -3.272 -2.483 2.314 3.474 -2.467 1.812 0.526 -3.492 -2.902 -1.234 -1.851 -1.132 2.314
296 L -0.996 -2.631 -3.188 -3.305 0.008 -2.844 -3.311 -3.283 -2.673 3.522 2.387 -2.538 1.396 0.209 -3.43 -2.822 -0.988 -2.103 -1.234 3.031
297 L -1.133 -0.357 -1.439 -1.747 -0.736 2.633 -0.43 -2.286 -0.414 0.779 2.034 -0.277 3.449 -0.311 -2.863 -1.697 -1.17 -1.733 -1.078 0.225
298 Y -1.827 -1.792 -2.14 -3.036 -1.766 -1.798 -2.378 -2.946 2.09 -0.818 -0.924 -1.887 -0.696 3.334 -3.347 -2.451 -2.104 2.294 6.685 -0.994
299 L -1.881 -2.495 -3.143 -3.494 -0.646 -3.136 -3.397 -3.16 -1.573 1.346 2.978 -2.831 1.413 4.656 -3.964 -3.115 -1.92 -0.284 1.364 0.482
300 I -0.652 -2.751 -2.13 -2.546 -0.317 -2.77 -3.189 2.426 -2.365 3.31 0.712 -2.309 0.472 -0.509 -3.227 -2.198 -1.138 -2.313 -1.708 2.506
301 L -1.389 -2.069 -3.014 -3.2 -0.208 -1.164 -2.773 -3.247 -2.14 2.747 3.377 -2.136 1.782 0.506 -3.469 -2.902 -1.367 -1.842 -1.145 1.75
302 G 0.761 -1.704 -0.512 -1.227 -0.292 -1.581 -1.746 3.521 -1.326 -0.084 -1.443 -1.213 -0.991 -1.758 -2.282 1.148 -0.283 -2.478 -2.105 0.874
303 R -1.109 3.671 2.384 -0.373 -1.902 0.356 -0.285 -1.215 0.173 -2.433 -2.349 2.789 -1.419 -2.538 -2.242 -0.404 -0.911 -2.521 -1.854 -2.147
304 T -0.064 -1.513 -0.629 -1.306 0.005 -1.474 -1.67 -1.427 -1.462 2.166 -0.045 -1.131 0.058 -0.938 -2.119 1.138 2.452 -2.296 -1.586 1.149
305 L -1.004 -2.581 -3.193 -3.329 0.008 -2.813 -3.291 -3.277 -2.65 3.383 2.544 -2.527 1.449 0.247 -3.435 -2.826 -1.013 -2.071 -1.221 2.962
306 K -1.058 3.729 -0.346 -0.991 -2.083 0.699 0.036 -1.595 -0.139 -2.291 -2.182 3.903 -1.238 -2.704 -2.002 -1.06 -1.215 -2.454 -1.797 -2.066
307 F -0.879 -1.918 -1.209 -1.359 -0.91 -1.705 -0.337 2.033 -1.084 0.583 -0.421 -1.562 -0.438 3.689 -2.876 -1.127 0.946 -0.852 0.622 -0.147
308 I -0.81 -1.355 -1.193 -0.383 -0.668 -0.528 1.81 -2.246 -1.023 2.605 0.169 -0.753 0.119 -0.887 -2.438 -0.676 0.825 -2.284 -1.59 1.292
309 D -1.438 0.189 0.773 4.828 -2.249 -0.212 0.81 -1.209 -0.449 -2.525 -3.026 2.138 -2.133 -2.895 -2.089 -0.943 -1.313 -3.18 -2.576 -2.56
310 D -1.791 -1.602 1.185 5.854 -2.387 -0.886 1.036 -1.138 -0.55 -2.74 -3.506 -0.844 -2.712 -2.934 -2.304 -0.966 -1.427 -3.545 -3.058 -2.879
311 W -2.664 -2.397 -3.18 -3.634 -2.348 -2.838 -2.983 -2.38 -1.148 -1.868 -1.665 -2.805 -1.294 1.114 -5.422 -3.369 -2.709 10.625 2.155 -2.242
312 R -1.293 4.772 -0.41 -1.269 -2.176 0.603 -0.253 -1.856 -0.025 -2.454 -2.111 3.107 -1.238 -2.593 -2.338 -1.235 -1.339 -2.35 -1.792 -2.121
313 L -1.542 -2.755 -3.19 -3.34 -0.363 -3.142 -3.497 -3.292 -2.101 3.276 2.367 -2.744 1.314 3.204 -3.712 -3.052 -1.431 -1.093 0.33 2.026
314 S 0.56 -1.073 0.036 -0.738 4.079 -0.974 -1.07 -0.664 -0.971 -1.122 -1.708 -0.678 -0.955 -1.84 -1.711 2.322 2.438 -2.502 -1.852 -0.614
315 F -2.349 -2.911 -2.875 -3.329 -1.388 -3.878 -3.497 -2.889 -0.843 0.262 0.55 -3.319 0.187 6.537 -4.462 -3.045 -2.385 0.837 2.917 -0.522
316 V -0.241 -2.403 -2.693 -3.007 0.314 -2.496 -2.799 -2.851 -2.822 2.905 0.85 -2.286 0.756 -0.467 -3.08 -2.021 0.139 -2.39 -1.321 4.041
317 K -0.624 1.486 -0.246 -0.815 -1.241 0.376 -0.08 -1.353 -0.538 -1.473 -1.874 3.757 -1.029 -2.424 -1.701 -0.361 1.567 -2.457 -1.78 -1.204
318 L -1.094 -1.397 -2.374 -2.828 -0.182 -1.065 -2.367 -2.597 -0.982 1.589 2.121 -1.467 5.683 0.453 -3.256 -2.031 -1.06 -1.32 -0.846 0.975
319 T -0.127 -1.107 -0.153 -1.029 0.107 -1.117 -1.392 -1.343 -1.427 -0.238 -1.071 -0.805 -0.546 -1.595 -1.701 0.691 4.287 -2.199 -1.721 0.215
320 Y -1.827 -1.792 -2.14 -3.036 -1.766 -1.798 -2.378 -2.946 2.09 -0.818 -0.924 -1.887 -0.696 3.334 -3.347 -2.451 -2.104 2.294 6.685 -0.994
321 Y -1.827 -1.792 -2.14 -3.036 -1.766 -1.798 -2.378 -2.946 2.09 -0.818 -0.924 -1.887 -0.696 3.334 -3.347 -2.451 -2.104 2.294 6.685 -0.994
322 L -1.064 -2.511 -2.939 -3.148 -0.033 -2.732 -3.21 -3.174 -2.542 3.388 2.525 -2.421 1.422 0.234 -3.338 -2.538 -0.326 -2.051 -1.242 2.678
323 T -0.127 -1.107 -0.153 -1.029 0.107 -1.117 -1.392 -1.343 -1.427 -0.238 -1.071 -0.805 -0.546 -1.595 -1.701 0.691 4.287 -2.199 -1.721 0.215
324 L -1.555 -2.201 -3.377 -3.634 -0.165 -2.655 -3.32 -3.397 -2.328 1.991 4.061 -2.492 2.118 0.819 -3.619 -3.173 -1.595 -1.665 -1.07 1.092
325 L -1.555 -2.201 -3.377 -3.634 -0.165 -2.655 -3.32 -3.397 -2.328 1.991 4.061 -2.492 2.118 0.819 -3.619 -3.173 -1.595 -1.665 -1.07 1.092
326 S 0.999 -0.774 0.451 -0.301 0.061 -0.611 -0.609 -0.176 -0.52 -1.801 -2.255 -0.325 -1.16 -1.936 -1.501 3.214 1.319 -2.542 -1.767 -1.197
327 L -0.805 -1.764 -2.602 -2.981 -0.002 -1.572 -2.585 -2.757 -1.57 2.166 1.944 -1.799 4.608 0.216 -3.251 -2.172 -0.873 -1.658 -1.002 2.464
328 G 0.202 -2.141 -0.334 -1.196 -1.142 -1.977 -2.319 5.529 -1.358 -3.052 -3.325 -1.477 -2.474 -2.601 -2.616 -0.073 -1.418 -2.466 -2.97 -2.655
329 S 1.054 -0.755 0.483 -0.263 0.058 -0.584 -0.569 -0.121 -0.474 -1.926 -2.343 -0.299 -1.201 -1.958 -1.49 3.311 0.997 -2.563 -1.77 -1.307
330 V -0.523 -2.659 -3.032 -3.183 0.198 -2.761 -3.107 -3.106 -2.871 3.533 1.153 -2.48 0.946 -0.228 -3.274 -2.498 -0.626 -2.344 -1.299 3.853
331 P -0.851 -2.028 -1.948 -1.578 -1.471 -1.947 -1.637 -1.867 -1.622 -2.332 -2.765 -1.078 -2.417 -3.35 6.677 -1.466 -1.363 -4.563 -2.65 -2.176
332 F -2.349 -2.911 -2.875 -3.329 -1.388 -3.878 -3.497 -2.889 -0.843 0.262 0.55 -3.319 0.187 6.537 -4.462 -3.045 -2.385 0.837 2.917 -0.522
333 R -1.548 5.537 -0.476 -1.578 -2.273 0.503 -0.575 -2.142 0.084 -2.626 -2.042 2.004 -1.238 -2.486 -2.718 -1.42 -1.468 -2.248 -1.786 -2.176
334 N -1.674 -0.429 5.673 1.267 -1.861 -0.541 -0.74 -0.169 0.954 -2.727 -3.166 -0.31 -2.176 -2.389 -2.602 -0.132 -0.466 -2.981 -2.083 -2.575
335 I -1.357 -2.865 -3.162 -3.152 -0.167 -2.887 -3.519 -3.379 -2.471 4.345 1.717 -2.528 2.236 0.232 -3.489 -2.952 -1.086 -2.087 -1.245 2.689
336 Y -1.827 -1.792 -2.14 -3.036 -1.766 -1.798 -2.378 -2.946 2.09 -0.818 -0.924 -1.887 -0.696 3.334 -3.347 -2.451 -2.104 2.294 6.685 -0.994
337 D -1.791 -1.602 1.185 5.854 -2.387 -0.886 1.036 -1.138 -0.55 -2.74 -3.506 -0.844 -2.712 -2.934 -2.304 -0.966 -1.427 -3.545 -3.058 -2.879
338 R -1.548 5.537 -0.476 -1.578 -2.273 0.503 -0.575 -2.142 0.084 -2.626 -2.042 2.004 -1.238 -2.486 -2.718 -1.42 -1.468 -2.248 -1.786 -2.176
339 N -1.674 -0.429 5.673 1.267 -1.861 -0.541 -0.74 -0.169 0.954 -2.727 -3.166 -0.31 -2.176 -2.389 -2.602 -0.132 -0.466 -2.981 -2.083 -2.575
340 L -1.555 -2.201 -3.377 -3.634 -0.165 -2.655 -3.32 -3.397 -2.328 1.991 4.061 -2.492 2.118 0.819 -3.619 -3.173 -1.595 -1.665 -1.07 1.092
341 F -2.349 -2.911 -2.875 -3.329 -1.388 -3.878 -3.497 -2.889 -0.843 0.262 0.55 -3.319 0.187 6.537 -4.462 -3.045 -2.385 0.837 2.917 -0.522
342 L -1.555 -2.201 -3.377 -3.634 -0.165 -2.655 -3.32 -3.397 -2.328 1.991 4.061 -2.492 2.118 0.819 -3.619 -3.173 -1.595 -1.665 -1.07 1.092
343 L -1.555 -2.201 -3.377 -3.634 -0.165 -2.655 -3.32 -3.397 -2.328 1.991 4.061 -2.492 2.118 0.819 -3.619 -3.173 -1.595 -1.665 -1.07 1.092
344 L -1.555 -2.201 -3.377 -3.634 -0.165 -2.655 -3.32 -3.397 -2.328 1.991 4.061 -2.492 2.118 0.819 -3.619 -3.173 -1.595 -1.665 -1.07 1.092
345 P -0.851 -2.028 -1.948 -1.578 -1.471 -1.947 -1.637 -1.867 -1.622 -2.332 -2.765 -1.078 -2.417 -3.35 6.677 -1.466 -1.363 -4.563 -2.65 -2.176
346 L -1.094 -1.397 -2.374 -2.828 -0.182 -1.065 -2.367 -2.597 -0.982 1.589 2.121 -1.467 5.683 0.453 -3.256 -2.031 -1.06 -1.32 -0.846 0.975
347 I -1.4 -3.056 -3.282 -3.218 -0.165 -3.189 -3.679 -3.488 -2.702 4.462 1.863 -2.681 1.312 0.241 -3.524 -3.095 -1.115 -2.167 -1.286 2.772
348 V -0.248 -2.501 -2.944 -3.179 0.326 -2.602 -2.908 -2.97 -2.929 3.015 0.931 -2.402 0.817 -0.413 -3.186 -2.298 -0.466 -2.402 -1.299 4.163
349 I -1.026 -2.931 -3.18 -3.191 -0.02 -3.037 -3.458 -3.338 -2.781 4.206 1.477 -2.609 1.141 0.045 -3.422 -2.848 -0.902 -2.254 -1.299 3.276
350 S 1.319 -0.792 0.397 -0.327 0.095 -0.621 -0.606 -0.092 -0.511 -1.854 -2.276 -0.328 -1.183 -1.952 -1.49 3.208 0.933 -2.557 -1.77 -1.206
351 A 2.407 -1.104 -0.343 -0.923 0.32 -0.974 -1.016 -0.139 -0.949 -1.053 -1.618 -0.619 -0.923 -1.837 -1.535 1.943 1.799 -2.437 -1.759 -0.328
352 Y -2.019 -2.177 -2.404 -3.147 -1.613 -2.441 -2.763 -2.924 1.267 -0.349 -0.259 -2.363 -0.32 5.016 -3.732 -2.668 -2.21 1.811 5.723 -0.801
353 I -0.958 -2.895 -3.162 -3.19 0.008 -3.001 -3.412 -3.308 -2.792 4.13 1.439 -2.593 1.118 0.012 -3.404 -2.802 -0.866 -2.265 -1.299 3.355
354 L -1.555 -2.201 -3.377 -3.634 -0.165 -2.655 -3.32 -3.397 -2.328 1.991 4.061 -2.492 2.118 0.819 -3.619 -3.173 -1.595 -1.665 -1.07 1.092
355 F -2.317 -2.836 -2.828 -3.311 -1.408 -3.714 -3.422 -2.892 -0.573 0.212 0.486 -3.217 0.144 6.427 -4.388 -3.009 -2.369 0.941 3.319 -0.546
356 T -0.127 -1.107 -0.153 -1.029 0.107 -1.117 -1.392 -1.343 -1.427 -0.238 -1.071 -0.805 -0.546 -1.595 -1.701 0.691 4.287 -2.199 -1.721 0.215
357 Y -1.827 -1.792 -2.14 -3.036 -1.766 -1.798 -2.378 -2.946 2.09 -0.818 -0.924 -1.887 -0.696 3.334 -3.347 -2.451 -2.104 2.294 6.685 -0.994
358 R -1.548 5.537 -0.476 -1.578 -2.273 0.503 -0.575 -2.142 0.084 -2.626 -2.042 2.004 -1.238 -2.486 -2.718 -1.42 -1.468 -2.248 -1.786 -2.176
359 N 1.52 1.017 3.367 -0.14 -0.733 -0.617 -0.944 -0.365 2.872 -1.547 -1.698 -0.187 -0.088 -1.783 -2.236 -0.243 -0.74 -2.41 -1.165 -1.129
360 R -1.133 3.625 -0.245 -0.783 -2.056 3.883 0.765 -1.729 0.512 -2.393 -2.019 1.544 -0.709 -2.774 -2.368 -1.005 -1.166 -2.218 -1.479 -1.941
361 L -1.555 -2.201 -3.377 -3.634 -0.165 -2.655 -3.32 -3.397 -2.328 1.991 4.061 -2.492 2.118 0.819 -3.619 -3.173 -1.595 -1.665 -1.07 1.092
362 K -0.585 1.286 -0.229 -0.808 -1.109 0.839 -0.079 -1.359 -0.522 -1.362 -1.792 3.419 -0.941 -2.358 -1.725 -0.259 1.898 -2.416 -1.745 -1.058
363 I -1.391 -3.115 -3.277 -3.195 -0.165 -3.224 -3.701 -3.493 -2.725 4.558 1.662 -2.693 1.257 0.204 -3.519 -3.091 -1.089 -2.199 -1.299 2.846
364 L -1.209 -2.201 -2.792 -2.736 -0.504 -2.423 -2.64 -2.776 -2.12 1.503 2.727 -1.945 1.095 -0.148 3.668 -2.438 -1.413 -2.431 -1.536 0.87
365 S 0.771 -0.849 0.32 -0.456 0.072 -0.723 -0.775 -0.412 -0.709 -1.35 -1.93 -0.431 -1.004 -1.852 -1.547 2.788 2.337 -2.457 -1.756 -0.798
366 N -1.674 -0.429 5.673 1.267 -1.861 -0.541 -0.74 -0.169 0.954 -2.727 -3.166 -0.31 -2.176 -2.389 -2.602 -0.132 -0.466 -2.981 -2.083 -2.575
367 R -1.548 5.537 -0.476 -1.578 -2.273 0.503 -0.575 -2.142 0.084 -2.626 -2.042 2.004 -1.238 -2.486 -2.718 -1.42 -1.468 -2.248 -1.786 -2.176
368 N 0.001 -0.588 4.115 0.602 -0.745 -0.563 -0.653 -0.145 0.327 -2.298 -2.725 -0.305 -1.647 -2.165 -1.992 2.075 0.357 -2.764 -1.922 -1.872
369 L -1.619 -2.679 -2.872 -3.15 -0.5 -3.109 -3.364 -3.098 -1.815 2.916 2.059 -2.686 1.103 3.968 -3.672 -2.689 -0.695 -0.725 0.861 1.54
370 V -0.625 -2.517 -2.569 -2.85 0.12 -2.604 -2.956 -2.914 -2.643 3.541 1.09 -2.276 0.881 -0.258 -3.094 -2.001 0.485 -2.298 -1.343 3.426
371 Y -1.731 -1.859 -2.181 -3.057 2.156 -1.869 -2.445 -2.898 1.955 -0.814 -0.933 -1.944 -0.717 3.195 -3.34 -2.403 -2.055 2.154 6.526 -0.959
372 G -0.393 -2.321 -1.263 -2.014 -0.785 -2.372 -2.862 4.478 -1.813 0.063 1.395 -1.955 0.028 -0.903 -3.066 -1.644 -1.716 -2.164 -2.181 -0.157
373 L -0.874 -2.44 -2.035 -2.578 -0.504 -2.609 -3.147 2.878 -2.096 2.104 2.417 -2.228 0.973 -0.118 -3.297 -2.25 -1.579 -2.025 -1.674 0.903
374 T -0.371 -0.746 -0.218 0.08 -0.518 -0.054 2.017 -1.536 -0.693 -0.865 -1.523 -0.229 -0.899 -1.898 -1.765 0.273 3.317 -2.265 -1.786 -0.38
375 L -1.574 -2.457 -2.975 -3.264 -0.488 -2.747 -3.245 -3.073 -1.606 2.445 2.183 -2.565 2.562 3.992 -3.753 -2.84 -1.528 -0.63 0.91 1.475
376 G 0.668 -1.346 -0.002 -0.767 3.998 -1.192 -1.281 2.896 -0.932 -2.058 -2.427 -0.851 -1.528 -2.154 -1.962 2.252 0.21 -2.601 -2.205 -1.538
377 L -0.943 -2.065 -1.847 -2.364 -0.071 -2.214 -2.633 -2.567 -2.127 2.917 2.081 -1.875 1.084 -0.064 -2.8 -1.246 1.851 -2.04 -1.365 1.708
378 L -0.828 -2.347 -3.152 -3.398 0.091 -2.628 -3.107 -3.175 -2.613 2.548 2.901 -2.447 1.54 0.268 -3.394 -2.703 -0.975 -2.01 -1.183 3.018
379 G 1.316 -1.761 -0.729 -1.372 5.664 -1.664 -1.768 2.41 -1.264 -1.472 -1.779 -1.28 -1.281 -0.033 -2.195 1.253 -0.329 -2.307 -1.564 -1.004
380 I -1.436 -2.831 -3.304 -3.311 -0.165 -3.054 -3.59 -3.466 -2.609 4.043 2.55 -2.636 1.523 0.388 -3.546 -3.113 -1.221 -2.04 -1.234 2.455
381 S 1.561 -0.829 0.309 -0.392 0.132 -0.659 -0.643 -0.063 -0.549 -1.783 -2.212 -0.357 -1.165 -1.947 -1.49 3.102 0.868 -2.551 -1.77 -1.108
382 L -1.457 -2.76 -3.063 -3.457 6.192 -3.309 -3.55 -2.821 -1.785 0.768 2.034 -2.967 0.756 4.227 -3.79 -2.634 -1.794 -0.654 0.978 0.144
383 F 0.822 -2.546 -2.684 -2.827 -0.225 -2.784 -2.844 -1.925 -1.652 2.603 0.734 -2.306 0.482 3.839 -3.122 -1.782 -1.199 -0.852 0.8 1.813
384 V -0.528 -2.029 -1.592 -2.15 0.084 -2.083 -2.409 -2.351 -2.194 2.936 0.632 -1.746 0.54 -0.565 -2.599 -0.894 2.253 -2.254 -1.456 2.63
385 G 0.041 -2.386 -0.646 -1.492 -1.095 -2.251 -2.665 5.5 -1.619 -1.445 -2.503 -1.738 -2.009 -2.33 -2.835 -1.134 -1.728 -2.449 -2.885 -0.651
386 F -0.143 -2.741 -2.863 -3.031 -0.395 -3.081 -3.159 -2.473 -1.701 2.879 0.942 -2.595 0.633 4.222 -3.466 -2.316 -1.348 -0.654 1.067 1.932
387 F -2.059 -2.654 -3.032 -3.427 -0.92 -3.41 -3.436 -3.048 -1.258 0.96 2.233 -3.016 0.983 5.559 -4.153 -3.087 -2.097 0.218 2.088 0.121
388 Y -1.827 -1.792 -2.14 -3.036 -1.766 -1.798 -2.378 -2.946 2.09 -0.818 -0.924 -1.887 -0.696 3.334 -3.347 -2.451 -2.104 2.294 6.685 -0.994
389 N -1.674 -0.429 5.673 1.267 -1.861 -0.541 -0.74 -0.169 0.954 -2.727 -3.166 -0.31 -2.176 -2.389 -2.602 -0.132 -0.466 -2.981 -2.083 -2.575
390 R -1.283 3.454 2.778 -0.224 -2.044 0.375 -0.242 -1.183 0.237 -2.452 -2.402 2.954 -1.469 -2.583 -2.251 -0.814 -1.018 -2.56 -1.872 -2.215
391 N -1.674 -0.429 5.673 1.267 -1.861 -0.541 -0.74 -0.169 0.954 -2.727 -3.166 -0.31 -2.176 -2.389 -2.602 -0.132 -0.466 -2.981 -2.083 -2.575
392 F -2.349 -2.911 -2.875 -3.329 -1.388 -3.878 -3.497 -2.889 -0.843 0.262 0.55 -3.319 0.187 6.537 -4.462 -3.045 -2.385 0.837 2.917 -0.522
393 P -0.851 -2.028 -1.948 -1.578 -1.471 -1.947 -1.637 -1.867 -1.622 -2.332 -2.765 -1.078 -2.417 -3.35 6.677 -1.466 -1.363 -4.563 -2.65 -2.176
394 F -2.349 -2.911 -2.875 -3.329 -1.388 -3.878 -3.497 -2.889 -0.843 0.262 0.55 -3.319 0.187 6.537 -4.462 -3.045 -2.385 0.837 2.917 -0.522
395 N -0.479 -0.767 4.858 0.746 -1.419 -0.834 -1.049 2.047 0.465 -2.45 -2.913 -0.553 -2.044 -2.354 -2.5 -0.171 -0.02 -2.808 -2.195 -2.147
396 F -2.03 -2.585 -2.984 -3.409 -0.937 -3.27 -3.363 -3.052 -0.949 0.92 2.197 -2.925 0.951 5.404 -4.086 -3.05 -2.082 0.345 2.612 0.102
397 I -1.391 -3.115 -3.277 -3.195 -0.165 -3.224 -3.701 -3.493 -2.725 4.558 1.662 -2.693 1.257 0.204 -3.519 -3.091 -1.089 -2.199 -1.299 2.846
398 D -1.791 -1.602 1.185 5.854 -2.387 -0.886 1.036 -1.138 -0.55 -2.74 -3.506 -0.844 -2.712 -2.934 -2.304 -0.966 -1.427 -3.545 -3.058 -2.879
399 F -2.164 -2.488 -2.608 -3.228 -1.509 -3.008 -3.074 -2.908 0.491 -0.055 0.137 -2.759 -0.078 5.807 -4.041 -2.833 -2.288 1.409 4.764 -0.671
400 S 1.054 -0.755 0.483 -0.263 0.058 -0.584 -0.569 -0.121 -0.474 -1.926 -2.343 -0.299 -1.201 -1.958 -1.49 3.311 0.997 -2.563 -1.77 -1.307
401 K -0.854 1.965 -0.366 -0.82 -1.855 0.715 0.201 -1.413 -0.293 -1.743 -1.734 4.383 0.037 -2.5 -1.769 -0.948 -1.094 -2.478 -1.741 -1.736
402 T -0.243 -1.272 -0.373 -1.203 0.078 -1.288 -1.574 -1.517 -1.546 0.882 -0.605 -0.963 -0.281 -1.33 -1.855 0.446 4.003 -2.199 -1.671 0.657
403 D -1.791 -1.602 1.185 5.854 -2.387 -0.886 1.036 -1.138 -0.55 -2.74 -3.506 -0.844 -2.712 -2.934 -2.304 -0.966 -1.427 -3.545 -3.058 -2.879
404 L -1.555 -2.201 -3.377 -3.634 -0.165 -2.655 -3.32 -3.397 -2.328 1.991 4.061 -2.492 2.118 0.819 -3.619 -3.173 -1.595 -1.665 -1.07 1.092
405 L -1.555 -2.201 -3.377 -3.634 -0.165 -2.655 -3.32 -3.397 -2.328 1.991 4.061 -2.492 2.118 0.819 -3.619 -3.173 -1.595 -1.665 -1.07 1.092
406 L -0.959 -2.406 -3.19 -3.4 0.036 -2.691 -3.19 -3.233 -2.592 2.803 2.947 -2.478 1.581 0.328 -3.432 -2.792 -1.051 -1.989 -1.183 2.838
407 K -0.881 1.985 0.651 -0.58 -1.984 0.733 0.25 -1.276 -0.175 -2.167 -2.298 4.393 -1.283 -2.794 -1.745 -0.847 -1.057 -2.585 -1.818 -2.042
408 N -1.674 -0.429 5.673 1.267 -1.861 -0.541 -0.74 -0.169 0.954 -2.727 -3.166 -0.31 -2.176 -2.389 -2.602 -0.132 -0.466 -2.981 -2.083 -2.575
409 I -1.391 -3.115 -3.277 -3.195 -0.165 -3.224 -3.701 -3.493 -2.725 4.558 1.662 -2.693 1.257 0.204 -3.519 -3.091 -1.089 -2.199 -1.299 2.846
410 F -2.165 -2.783 -2.824 -3.28 -1.261 -3.486 -3.369 -2.957 -0.458 1.121 0.573 -3.048 0.246 5.988 -4.2 -2.978 -2.178 0.839 3.475 0.073
411 Q -0.894 0.995 -0.105 -0.369 -1.923 4.925 1.38 -1.491 0.757 -2.252 -2.003 1.21 -0.415 -2.971 -2.163 -0.766 -0.987 -2.197 -1.297 -1.799
412 F -2.346 -2.908 -2.872 -3.326 -1.386 -3.876 -3.494 -2.887 -0.84 0.265 0.553 -3.316 0.189 6.533 -4.46 -3.043 -2.383 0.84 2.919 -0.519
413 F -2.346 -2.908 -2.872 -3.326 -1.386 -3.876 -3.494 -2.887 -0.84 0.265 0.553 -3.316 0.189 6.533 -4.46 -3.043 -2.383 0.84 2.919 -0.519
414 S 1.056 -0.753 0.485 -0.261 0.061 -0.582 -0.567 -0.118 -0.472 -1.923 -2.34 -0.297 -1.199 -1.955 -1.487 3.303 0.999 -2.561 -1.767 -1.304
415 D -1.737 -1.027 3.977 4.616 -2.142 -0.728 0.391 -0.671 0.208 -2.732 -3.35 -0.596 -2.463 -2.68 -2.428 -0.569 -0.964 -3.282 -2.588 -2.739
416 L -1.553 -2.198 -3.374 -3.632 -0.162 -2.652 -3.317 -3.394 -2.325 1.993 4.057 -2.49 2.12 0.821 -3.616 -3.17 -1.592 -1.662 -1.068 1.094
417 P -0.848 -2.025 -1.946 -1.576 -1.469 -1.945 -1.634 -1.864 -1.619 -2.329 -2.762 -1.076 -2.415 -3.347 6.675 -1.464 -1.36 -4.561 -2.647 -2.174
418 F -2.346 -2.908 -2.872 -3.326 -1.386 -3.876 -3.494 -2.887 -0.84 0.265 0.553 -3.316 0.189 6.533 -4.46 -3.043 -2.383 0.84 2.919 -0.519
419 T -0.124 -1.105 -0.151 -1.026 0.11 -1.115 -1.39 -1.341 -1.425 -0.236 -1.069 -0.803 -0.544 -1.592 -1.699 0.693 4.28 -2.197 -1.718 0.217