#Seq2Logo.py -f /work3/idamei/ssn-clusterings/2206071111/clusters/0008_237/sequences.afa -m 0.0001 -b 0 -o /work3/idamei/ssn-clusterings/2206071111/clusters/0008_237/sequences.logo -p 640x1000 -l 30 -I 1
Last position-specific scoring matrix computed, values are in halfbits
A R N D C Q E G H I L K M F P S T W Y V
0 M -99.999 -99.999 -99.999 -99.999 -99.999 -99.999 -99.999 -99.999 -99.999 -99.999 -99.999 -99.999 8.644 -99.999 -99.999 -99.999 -99.999 -99.999 -99.999 -99.999
1 N 3.474 -99.999 5.474 -99.999 -99.999 -99.999 -99.999 3.474 -99.999 -99.999 5.474 -99.999 -99.999 -99.999 -99.999 -99.999 -99.999 -99.999 -99.999 -99.999
2 Y -99.999 -99.999 -99.999 -99.999 -99.999 -99.999 -99.999 -99.999 3.474 -99.999 -99.999 -99.999 -99.999 -99.999 -99.999 -99.999 -99.999 -99.999 8.118 -99.999
3 L -99.999 -99.999 -99.999 -99.999 -99.999 -99.999 -99.999 -99.999 -99.999 3.474 5.474 -99.999 -99.999 -99.999 -99.999 5.474 -99.999 -99.999 -99.999 3.474
4 L 1.474 -99.999 -99.999 -99.999 -99.999 -99.999 -99.999 -99.999 -99.999 4.644 5.474 -99.999 -99.999 -99.999 -99.999 3.474 3.474 -99.999 -99.999 -99.999
5 I -99.999 -99.999 -99.999 -99.999 -99.999 -99.999 -99.999 -99.999 -99.999 5.474 -99.999 -99.999 -99.999 3.474 -99.999 3.474 -99.999 -99.999 5.474 -99.999
6 A 6.644 -99.999 -99.999 -99.999 -99.999 -99.999 -99.999 6.644 -99.999 -99.999 -99.999 -99.999 -99.999 -99.999 -99.999 -99.999 -99.999 -99.999 -99.999 -99.999
7 T -99.999 -99.999 3.474 -99.999 -99.999 -99.999 -99.999 -99.999 -99.999 -99.999 4.644 -99.999 -99.999 -99.999 -99.999 -99.999 6.118 -99.999 -99.999 3.474
8 F 1.474 -99.999 -99.999 -99.999 3.474 -99.999 -99.999 -99.999 -99.999 3.474 3.474 -99.999 -99.999 5.474 -99.999 -99.999 1.474 -99.999 -99.999 -99.999
9 I -99.999 -99.999 -99.999 -99.999 -99.999 -99.999 -99.999 -99.999 -99.999 7.474 3.474 -99.999 -99.999 -99.999 -99.999 -99.999 -99.999 -99.999 -99.999 3.474
10 I -99.999 -99.999 -99.999 -99.999 -99.999 -99.999 -99.999 -99.999 -99.999 8.644 -99.999 -99.999 -99.999 -99.999 -99.999 -99.999 -99.999 -99.999 -99.999 -99.999
11 L -99.999 -99.999 -99.999 -99.999 -99.999 -99.999 -99.999 -99.999 -99.999 3.474 5.474 -99.999 -99.999 -99.999 -99.999 -99.999 4.644 -99.999 -99.999 4.644
12 F 3.474 -99.999 -99.999 -99.999 -99.999 -99.999 -99.999 -99.999 -99.999 -99.999 1.474 -99.999 3.474 6.644 -99.999 1.474 -99.999 -99.999 -99.999 -99.999
13 F -99.999 -99.999 -99.999 -99.999 -99.999 -99.999 -99.999 -99.999 -99.999 -99.999 -99.999 -99.999 -99.999 7.474 -99.999 -99.999 3.474 -99.999 -99.999 3.474
14 L -99.999 -99.999 -99.999 -99.999 5.474 -99.999 -99.999 -99.999 -99.999 -99.999 7.474 -99.999 -99.999 -99.999 -99.999 -99.999 -99.999 -99.999 -99.999 -99.999
15 A 3.474 -99.999 -99.999 -99.999 3.474 -99.999 -99.999 3.474 -99.999 3.474 3.474 -99.999 -99.999 -99.999 -99.999 -99.999 -99.999 -99.999 -99.999 3.474
16 I 3.474 -99.999 -99.999 -99.999 -99.999 -99.999 -99.999 -99.999 -99.999 6.644 -99.999 -99.999 -99.999 5.474 -99.999 -99.999 -99.999 -99.999 -99.999 -99.999
17 A 6.644 -99.999 -99.999 -99.999 -99.999 -99.999 -99.999 6.644 -99.999 -99.999 -99.999 -99.999 -99.999 -99.999 -99.999 -99.999 -99.999 -99.999 -99.999 -99.999
18 S -99.999 -99.999 -99.999 -99.999 -99.999 -99.999 -99.999 -99.999 -99.999 3.474 -99.999 -99.999 -99.999 -99.999 -99.999 4.644 -99.999 3.474 4.644 3.474
19 Y 3.474 -99.999 -99.999 -99.999 -99.999 -99.999 -99.999 -99.999 -99.999 -99.999 -99.999 -99.999 -99.999 3.474 -99.999 3.474 -99.999 -99.999 5.474 3.474
20 R -99.999 7.089 -99.999 -99.999 -99.999 -99.999 -99.999 -99.999 -99.999 -99.999 3.474 1.474 -99.999 3.474 -99.999 -99.999 -99.999 -99.999 -99.999 -99.999
21 R -99.999 7.089 -99.999 -99.999 -99.999 -99.999 -99.999 -99.999 3.474 -99.999 -99.999 4.644 -99.999 -99.999 -99.999 -99.999 -99.999 -99.999 -99.999 -99.999
22 L -99.999 -99.999 -99.999 -99.999 -99.999 -99.999 -99.999 -99.999 -99.999 3.474 6.644 -99.999 5.474 -99.999 -99.999 -99.999 -99.999 -99.999 -99.999 -99.999
23 S -99.999 -99.999 -99.999 -99.999 -99.999 -99.999 -99.999 -99.999 -99.999 -99.999 -99.999 -99.999 -99.999 -99.999 -99.999 8.644 -99.999 -99.999 -99.999 -99.999
24 L -99.999 -99.999 -99.999 -99.999 -99.999 -99.999 -99.999 -99.999 -99.999 -99.999 7.474 -99.999 -99.999 -99.999 3.474 -99.999 -99.999 -99.999 -99.999 3.474
25 F -99.999 -99.999 -99.999 -99.999 -99.999 -99.999 -99.999 -99.999 -99.999 -99.999 -99.999 -99.999 -99.999 8.118 -99.999 -99.999 -99.999 -99.999 3.474 -99.999
26 S -99.999 -99.999 -99.999 -99.999 -99.999 -99.999 -99.999 -99.999 -99.999 -99.999 -99.999 -99.999 -99.999 -99.999 -99.999 8.644 -99.999 -99.999 -99.999 -99.999
27 P -99.999 -99.999 -99.999 -99.999 -99.999 -99.999 -99.999 -99.999 -99.999 -99.999 -99.999 -99.999 -99.999 -99.999 8.644 -99.999 -99.999 -99.999 -99.999 -99.999
28 L -99.999 -99.999 -99.999 -99.999 -99.999 -99.999 -99.999 -99.999 -99.999 -99.999 8.118 -99.999 -99.999 3.474 -99.999 -99.999 -99.999 -99.999 -99.999 -99.999
29 V -99.999 -99.999 -99.999 -99.999 -99.999 -99.999 -99.999 -99.999 -99.999 5.474 -99.999 -99.999 3.474 -99.999 -99.999 -99.999 -99.999 -99.999 -99.999 6.644
30 L -99.999 -99.999 -99.999 -99.999 -99.999 -99.999 -99.999 -99.999 -99.999 6.118 7.089 -99.999 -99.999 -99.999 -99.999 -99.999 -99.999 -99.999 -99.999 -99.999
31 N -99.999 -99.999 6.644 -99.999 -99.999 -99.999 -99.999 3.474 -99.999 -99.999 -99.999 -99.999 -99.999 -99.999 -99.999 5.474 -99.999 -99.999 -99.999 -99.999
32 A 6.644 -99.999 -99.999 -99.999 5.474 -99.999 -99.999 -99.999 -99.999 -99.999 -99.999 -99.999 -99.999 -99.999 -99.999 3.474 -99.999 -99.999 -99.999 -99.999
33 L -99.999 -99.999 -99.999 -99.999 -99.999 -99.999 -99.999 -99.999 -99.999 -99.999 5.474 -99.999 3.474 3.474 -99.999 -99.999 -99.999 -99.999 -99.999 5.474
34 A 6.644 -99.999 -99.999 -99.999 3.474 -99.999 -99.999 3.474 -99.999 -99.999 -99.999 -99.999 -99.999 -99.999 -99.999 -99.999 -99.999 -99.999 -99.999 3.474
35 W -99.999 -99.999 -99.999 -99.999 -99.999 -99.999 -99.999 -99.999 -99.999 -99.999 -99.999 -99.999 -99.999 -99.999 -99.999 -99.999 -99.999 8.644 -99.999 -99.999
36 L -99.999 -99.999 -99.999 -99.999 -99.999 3.474 -99.999 1.474 -99.999 -99.999 6.644 -99.999 -99.999 -99.999 -99.999 1.474 -99.999 -99.999 3.474 -99.999
37 V 3.474 -99.999 -99.999 -99.999 -99.999 -99.999 -99.999 3.474 -99.999 -99.999 3.474 -99.999 -99.999 1.474 -99.999 -99.999 -99.999 -99.999 -99.999 6.118
38 S 3.474 -99.999 -99.999 -99.999 -99.999 -99.999 -99.999 -99.999 -99.999 -99.999 -99.999 -99.999 -99.999 -99.999 -99.999 5.474 3.474 -99.999 -99.999 5.474
39 F -99.999 -99.999 -99.999 -99.999 -99.999 -99.999 -99.999 -99.999 -99.999 -99.999 -99.999 -99.999 -99.999 8.644 -99.999 -99.999 -99.999 -99.999 -99.999 -99.999
40 V 3.474 -99.999 -99.999 -99.999 -99.999 -99.999 -99.999 -99.999 -99.999 3.474 -99.999 -99.999 -99.999 3.474 -99.999 -99.999 3.474 -99.999 -99.999 5.474
41 P -99.999 -99.999 -99.999 -99.999 5.474 -99.999 -99.999 -99.999 -99.999 -99.999 -99.999 -99.999 -99.999 -99.999 6.644 3.474 -99.999 -99.999 -99.999 -99.999
42 G 3.474 -99.999 -99.999 -99.999 -99.999 -99.999 -99.999 8.118 -99.999 -99.999 -99.999 -99.999 -99.999 -99.999 -99.999 -99.999 -99.999 -99.999 -99.999 -99.999
43 L -99.999 -99.999 -99.999 -99.999 -99.999 -99.999 -99.999 -99.999 -99.999 5.474 6.644 -99.999 3.474 -99.999 -99.999 -99.999 -99.999 -99.999 -99.999 -99.999
44 F 3.474 -99.999 -99.999 -99.999 -99.999 -99.999 -99.999 -99.999 -99.999 -99.999 -99.999 -99.999 -99.999 7.474 -99.999 -99.999 -99.999 -99.999 -99.999 3.474
45 F -99.999 -99.999 -99.999 -99.999 -99.999 -99.999 -99.999 -99.999 -99.999 -99.999 3.474 -99.999 -99.999 8.118 -99.999 -99.999 -99.999 -99.999 -99.999 -99.999
46 Y -99.999 3.474 -99.999 -99.999 -99.999 -99.999 -99.999 3.474 -99.999 -99.999 -99.999 -99.999 -99.999 -99.999 -99.999 3.474 -99.999 -99.999 6.644 -99.999
47 D -99.999 -99.999 3.474 5.474 -99.999 -99.999 4.644 -99.999 -99.999 -99.999 -99.999 -99.999 -99.999 -99.999 -99.999 3.474 1.474 -99.999 -99.999 -99.999
48 D -99.999 3.474 -99.999 5.474 -99.999 3.474 -99.999 -99.999 -99.999 -99.999 -99.999 -99.999 -99.999 -99.999 -99.999 3.474 -99.999 -99.999 -99.999 3.474
49 F -99.999 -99.999 -99.999 -99.999 -99.999 -99.999 -99.999 -99.999 -99.999 -99.999 -99.999 -99.999 -99.999 6.644 -99.999 -99.999 -99.999 -99.999 6.644 -99.999
50 Y -99.999 -99.999 -99.999 -99.999 -99.999 -99.999 -99.999 -99.999 -99.999 -99.999 -99.999 -99.999 -99.999 -99.999 -99.999 -99.999 -99.999 -99.999 8.644 -99.999
51 P -99.999 -99.999 -99.999 -99.999 -99.999 -99.999 -99.999 -99.999 -99.999 -99.999 -99.999 -99.999 -99.999 -99.999 8.644 -99.999 -99.999 -99.999 -99.999 -99.999
52 I -99.999 -99.999 -99.999 -99.999 -99.999 -99.999 -99.999 -99.999 -99.999 7.474 5.474 -99.999 -99.999 -99.999 -99.999 -99.999 -99.999 -99.999 -99.999 -99.999
53 T -99.999 -99.999 -99.999 -99.999 -99.999 -99.999 -99.999 -99.999 -99.999 -99.999 -99.999 3.474 -99.999 -99.999 -99.999 -99.999 8.118 -99.999 -99.999 -99.999
54 D -99.999 -99.999 3.474 5.474 -99.999 -99.999 -99.999 5.474 -99.999 -99.999 -99.999 -99.999 -99.999 -99.999 -99.999 -99.999 3.474 -99.999 -99.999 -99.999
55 N -99.999 3.474 5.474 -99.999 -99.999 -99.999 3.474 -99.999 -99.999 -99.999 -99.999 -99.999 -99.999 -99.999 -99.999 3.474 3.474 -99.999 -99.999 -99.999
56 V 5.474 -99.999 -99.999 -99.999 -99.999 -99.999 -99.999 -99.999 -99.999 -99.999 -99.999 -99.999 3.474 -99.999 -99.999 -99.999 -99.999 -99.999 -99.999 6.644
57 F -99.999 -99.999 -99.999 -99.999 -99.999 -99.999 -99.999 -99.999 -99.999 -99.999 3.474 -99.999 -99.999 8.118 -99.999 -99.999 -99.999 -99.999 -99.999 -99.999
58 V 3.474 -99.999 -99.999 -99.999 -99.999 -99.999 -99.999 -99.999 -99.999 3.474 -99.999 -99.999 -99.999 3.474 -99.999 -99.999 3.474 -99.999 -99.999 5.474
59 A 5.474 -99.999 -99.999 -99.999 -99.999 -99.999 -99.999 -99.999 -99.999 -99.999 5.474 -99.999 3.474 -99.999 -99.999 -99.999 -99.999 -99.999 3.474 -99.999
60 W -99.999 -99.999 -99.999 -99.999 -99.999 -99.999 -99.999 -99.999 -99.999 -99.999 -99.999 -99.999 -99.999 -99.999 -99.999 -99.999 -99.999 8.644 -99.999 -99.999
61 L -99.999 -99.999 -99.999 -99.999 -99.999 -99.999 -99.999 -99.999 -99.999 -99.999 7.474 -99.999 1.474 -99.999 -99.999 -99.999 -99.999 -99.999 -99.999 4.644
62 I 3.474 -99.999 -99.999 -99.999 -99.999 -99.999 -99.999 -99.999 -99.999 5.474 -99.999 -99.999 3.474 -99.999 -99.999 -99.999 -99.999 -99.999 -99.999 5.474
63 W -99.999 -99.999 -99.999 -99.999 -99.999 -99.999 -99.999 -99.999 -99.999 -99.999 -99.999 -99.999 -99.999 -99.999 -99.999 -99.999 -99.999 8.644 -99.999 -99.999
64 F -99.999 -99.999 -99.999 -99.999 -99.999 -99.999 -99.999 -99.999 -99.999 -99.999 -99.999 -99.999 -99.999 8.644 -99.999 -99.999 -99.999 -99.999 -99.999 -99.999
65 F -99.999 -99.999 -99.999 -99.999 -99.999 -99.999 -99.999 -99.999 -99.999 -99.999 3.474 -99.999 -99.999 5.474 -99.999 -99.999 5.474 -99.999 -99.999 3.474
66 V -99.999 -99.999 -99.999 -99.999 -99.999 -99.999 -99.999 -99.999 -99.999 6.118 -99.999 -99.999 -99.999 -99.999 -99.999 -99.999 -99.999 -99.999 -99.999 7.089
67 S -99.999 -99.999 -99.999 -99.999 -99.999 -99.999 -99.999 -99.999 -99.999 -99.999 3.474 -99.999 -99.999 -99.999 -99.999 5.474 5.474 -99.999 -99.999 3.474
68 S -99.999 -99.999 4.644 -99.999 -99.999 -99.999 -99.999 3.474 -99.999 -99.999 -99.999 -99.999 -99.999 -99.999 -99.999 7.089 -99.999 -99.999 -99.999 -99.999
69 I -99.999 -99.999 -99.999 -99.999 -99.999 -99.999 -99.999 -99.999 -99.999 6.644 5.474 -99.999 -99.999 -99.999 -99.999 -99.999 3.474 -99.999 -99.999 -99.999
70 L -99.999 -99.999 -99.999 -99.999 -99.999 -99.999 -99.999 -99.999 -99.999 -99.999 6.644 -99.999 -99.999 5.474 -99.999 -99.999 -99.999 -99.999 -99.999 3.474
71 F -99.999 -99.999 -99.999 -99.999 -99.999 -99.999 -99.999 -99.999 3.474 -99.999 -99.999 -99.999 -99.999 8.118 -99.999 -99.999 -99.999 -99.999 -99.999 -99.999
72 I -99.999 -99.999 -99.999 -99.999 -99.999 -99.999 -99.999 -99.999 -99.999 5.474 5.474 -99.999 -99.999 3.474 -99.999 -99.999 -99.999 -99.999 -99.999 3.474
73 F -99.999 -99.999 -99.999 -99.999 -99.999 -99.999 -99.999 -99.999 -99.999 1.474 5.474 1.474 -99.999 6.644 -99.999 -99.999 -99.999 -99.999 -99.999 -99.999
74 L -99.999 -99.999 -99.999 -99.999 -99.999 -99.999 -99.999 -99.999 -99.999 -99.999 7.474 -99.999 -99.999 5.474 -99.999 -99.999 -99.999 -99.999 -99.999 -99.999
75 D 3.474 -99.999 -99.999 4.644 -99.999 -99.999 1.474 3.474 3.474 -99.999 -99.999 -99.999 -99.999 -99.999 -99.999 -99.999 -99.999 -99.999 3.474 -99.999
76 P -99.999 -99.999 3.474 -99.999 -99.999 -99.999 -99.999 3.474 -99.999 -99.999 -99.999 -99.999 -99.999 3.474 6.644 -99.999 -99.999 -99.999 -99.999 -99.999
77 Y -99.999 -99.999 -99.999 -99.999 -99.999 -99.999 -99.999 -99.999 -99.999 -99.999 -99.999 -99.999 -99.999 -99.999 -99.999 -99.999 -99.999 -99.999 8.644 -99.999
78 G -99.999 -99.999 -99.999 -99.999 -99.999 4.644 -99.999 6.644 -99.999 -99.999 -99.999 -99.999 -99.999 -99.999 -99.999 4.644 -99.999 -99.999 -99.999 -99.999
79 Q -99.999 -99.999 4.644 -99.999 -99.999 5.474 -99.999 -99.999 -99.999 -99.999 -99.999 4.644 -99.999 -99.999 3.474 -99.999 -99.999 -99.999 -99.999 -99.999
80 K -99.999 -99.999 -99.999 -99.999 -99.999 3.474 -99.999 3.474 -99.999 -99.999 -99.999 5.474 -99.999 -99.999 5.474 -99.999 -99.999 -99.999 -99.999 -99.999
81 N 2.0 -99.999 5.17 -99.999 -99.999 4.0 -99.999 -99.999 -99.999 -99.999 -99.999 -99.999 -99.999 -99.999 4.0 4.0 -99.999 -99.999 -99.999 -99.999
82 T -99.999 3.474 -99.999 -99.999 -99.999 -99.999 -99.999 -99.999 -99.999 3.474 3.474 -99.999 3.474 -99.999 -99.999 -99.999 5.474 -99.999 -99.999 -99.999
83 F 3.474 -99.999 -99.999 -99.999 -99.999 -99.999 -99.999 3.474 -99.999 3.474 -99.999 -99.999 -99.999 5.474 -99.999 -99.999 -99.999 3.474 -99.999 -99.999
84 K -99.999 -99.999 -99.999 3.474 -99.999 3.474 -99.999 -99.999 -99.999 -99.999 -99.999 6.644 -99.999 -99.999 -99.999 -99.999 -99.999 -99.999 -99.999 3.474
85 E -99.999 -99.999 -99.999 -99.999 -99.999 -99.999 5.474 -99.999 -99.999 3.474 -99.999 -99.999 -99.999 -99.999 5.474 3.474 -99.999 -99.999 -99.999 -99.999
86 S -99.999 -99.999 -99.999 -99.999 -99.999 5.474 -99.999 -99.999 -99.999 -99.999 3.474 -99.999 -99.999 -99.999 -99.999 6.644 -99.999 -99.999 -99.999 -99.999
87 A 5.474 -99.999 -99.999 -99.999 5.474 -99.999 -99.999 -99.999 -99.999 5.474 -99.999 -99.999 -99.999 -99.999 -99.999 -99.999 -99.999 -99.999 -99.999 -99.999
88 T -99.999 -99.999 -99.999 -99.999 -99.999 -99.999 -99.999 -99.999 -99.999 -99.999 -99.999 -99.999 -99.999 -99.999 -99.999 -99.999 8.644 -99.999 -99.999 -99.999
89 A 5.474 -99.999 1.474 -99.999 -99.999 -99.999 3.474 -99.999 -99.999 -99.999 3.474 -99.999 -99.999 -99.999 -99.999 -99.999 4.644 -99.999 -99.999 -99.999
90 A 3.474 -99.999 -99.999 -99.999 -99.999 3.474 3.474 -99.999 -99.999 -99.999 -99.999 3.474 -99.999 -99.999 3.474 3.474 -99.999 -99.999 -99.999 -99.999
91 K 3.474 -99.999 -99.999 -99.999 -99.999 -99.999 3.474 -99.999 -99.999 -99.999 -99.999 4.644 -99.999 -99.999 3.474 4.644 -99.999 -99.999 -99.999 -99.999
92 R -99.999 7.474 -99.999 -99.999 -99.999 -99.999 -99.999 -99.999 -99.999 -99.999 3.474 -99.999 -99.999 -99.999 -99.999 -99.999 -99.999 -99.999 3.474 -99.999
93 E -99.999 3.474 -99.999 -99.999 -99.999 -99.999 5.474 -99.999 -99.999 -99.999 -99.999 3.474 -99.999 -99.999 -99.999 3.474 3.474 -99.999 -99.999 -99.999
94 I -99.999 -99.999 -99.999 -99.999 -99.999 -99.999 -99.999 -99.999 -99.999 6.644 6.644 -99.999 -99.999 -99.999 -99.999 -99.999 -99.999 -99.999 -99.999 -99.999
95 P -99.999 4.644 -99.999 -99.999 -99.999 -99.999 -99.999 -99.999 -99.999 -99.999 -99.999 4.644 -99.999 -99.999 5.474 3.474 -99.999 -99.999 -99.999 -99.999
96 L -99.999 -99.999 -99.999 -99.999 -99.999 -99.999 -99.999 -99.999 -99.999 3.474 5.474 -99.999 -99.999 5.474 -99.999 -99.999 -99.999 -99.999 -99.999 3.474
97 D -99.999 3.474 3.474 6.644 -99.999 -99.999 -99.999 -99.999 -99.999 -99.999 -99.999 -99.999 -99.999 -99.999 3.474 -99.999 -99.999 -99.999 -99.999 -99.999
98 Y -99.999 -99.999 -99.999 -99.999 -99.999 -99.999 -99.999 -99.999 -99.999 -99.999 -99.999 -99.999 -99.999 -99.999 -99.999 -99.999 -99.999 -99.999 8.644 -99.999
99 Q -99.999 -99.999 -99.999 -99.999 -99.999 5.474 3.474 -99.999 -99.999 -99.999 -99.999 -99.999 -99.999 -99.999 -99.999 5.474 3.474 -99.999 -99.999 -99.999
100 L -99.999 -99.999 -99.999 -99.999 -99.999 -99.999 -99.999 -99.999 -99.999 -99.999 5.474 -99.999 -99.999 -99.999 -99.999 -99.999 -99.999 3.474 5.474 3.474
101 I 3.474 -99.999 -99.999 -99.999 -99.999 -99.999 -99.999 3.474 -99.999 4.644 -99.999 -99.999 -99.999 -99.999 3.474 -99.999 -99.999 -99.999 -99.999 4.644
102 I -99.999 -99.999 -99.999 -99.999 -99.999 -99.999 -99.999 -99.999 -99.999 6.118 5.474 -99.999 -99.999 -99.999 -99.999 -99.999 -99.999 -99.999 -99.999 4.644
103 L -99.999 -99.999 -99.999 -99.999 -99.999 -99.999 -99.999 -99.999 -99.999 -99.999 5.474 -99.999 -99.999 3.474 -99.999 -99.999 -99.999 -99.999 3.474 5.474
104 I -99.999 -99.999 -99.999 -99.999 -99.999 -99.999 -99.999 -99.999 -99.999 5.474 5.474 -99.999 -99.999 3.474 -99.999 -99.999 -99.999 -99.999 -99.999 3.474
105 L -99.999 -99.999 -99.999 -99.999 -99.999 -99.999 -99.999 -99.999 -99.999 3.474 7.474 -99.999 -99.999 3.474 -99.999 -99.999 -99.999 -99.999 -99.999 -99.999
106 C 3.474 -99.999 -99.999 -99.999 5.474 -99.999 -99.999 -99.999 -99.999 5.474 -99.999 -99.999 -99.999 -99.999 -99.999 -99.999 -99.999 -99.999 -99.999 3.474
107 A 5.474 -99.999 -99.999 -99.999 -99.999 -99.999 -99.999 3.474 -99.999 3.474 4.644 -99.999 -99.999 1.474 -99.999 -99.999 -99.999 -99.999 -99.999 -99.999
108 W -99.999 -99.999 -99.999 -99.999 -99.999 -99.999 -99.999 -99.999 -99.999 1.474 -99.999 -99.999 -99.999 -99.999 -99.999 -99.999 -99.999 6.644 -99.999 6.118
109 L -99.999 -99.999 -99.999 -99.999 -99.999 -99.999 -99.999 -99.999 -99.999 -99.999 8.644 -99.999 -99.999 -99.999 -99.999 -99.999 -99.999 -99.999 -99.999 -99.999
110 A 6.644 -99.999 -99.999 -99.999 -99.999 -99.999 -99.999 3.474 -99.999 -99.999 5.474 -99.999 -99.999 -99.999 -99.999 -99.999 -99.999 -99.999 -99.999 -99.999
111 Y -99.999 -99.999 -99.999 -99.999 -99.999 -99.999 -99.999 -99.999 -99.999 -99.999 -99.999 -99.999 -99.999 3.474 -99.999 -99.999 -99.999 5.474 6.644 -99.999
112 R -99.999 6.644 -99.999 -99.999 -99.999 3.474 -99.999 -99.999 -99.999 -99.999 -99.999 5.474 -99.999 -99.999 -99.999 -99.999 -99.999 -99.999 -99.999 -99.999
113 I -99.999 -99.999 -99.999 -99.999 -99.999 -99.999 -99.999 -99.999 -99.999 5.474 -99.999 -99.999 5.474 -99.999 -99.999 -99.999 3.474 -99.999 -99.999 3.474
114 W -99.999 5.474 -99.999 -99.999 -99.999 -99.999 -99.999 -99.999 -99.999 -99.999 -99.999 -99.999 -99.999 -99.999 -99.999 -99.999 -99.999 7.474 -99.999 -99.999
115 V 3.474 -99.999 -99.999 -99.999 -99.999 3.474 -99.999 -99.999 -99.999 3.474 -99.999 -99.999 -99.999 -99.999 -99.999 -99.999 -99.999 -99.999 -99.999 6.644
116 V -99.999 -99.999 -99.999 -99.999 -99.999 -99.999 -99.999 -99.999 -99.999 5.474 -99.999 -99.999 -99.999 -99.999 -99.999 -99.999 -99.999 -99.999 -99.999 7.474
117 G -99.999 -99.999 -99.999 -99.999 -99.999 -99.999 -99.999 8.644 -99.999 -99.999 -99.999 -99.999 -99.999 -99.999 -99.999 -99.999 -99.999 -99.999 -99.999 -99.999
118 S 3.474 -99.999 3.474 -99.999 -99.999 -99.999 -99.999 -99.999 -99.999 -99.999 3.474 -99.999 -99.999 -99.999 -99.999 6.644 -99.999 -99.999 -99.999 -99.999
119 T 5.474 -99.999 -99.999 -99.999 -99.999 -99.999 -99.999 -99.999 -99.999 -99.999 -99.999 -99.999 -99.999 -99.999 -99.999 3.474 6.644 -99.999 -99.999 -99.999
120 G -99.999 -99.999 -99.999 -99.999 -99.999 -99.999 -99.999 8.644 -99.999 -99.999 -99.999 -99.999 -99.999 -99.999 -99.999 -99.999 -99.999 -99.999 -99.999 -99.999
121 P -99.999 -99.999 -99.999 -99.999 -99.999 1.474 -99.999 -99.999 -99.999 -99.999 -99.999 -99.999 -99.999 -99.999 8.393 -99.999 -99.999 -99.999 -99.999 -99.999
122 A 5.474 -99.999 -99.999 -99.999 -99.999 -99.999 5.474 3.474 -99.999 -99.999 -99.999 -99.999 -99.999 -99.999 -99.999 3.474 -99.999 -99.999 -99.999 -99.999
123 H -99.999 -99.999 -99.999 -99.999 -99.999 5.474 3.474 -99.999 6.644 -99.999 -99.999 -99.999 -99.999 -99.999 -99.999 -99.999 -99.999 -99.999 -99.999 -99.999
124 F -99.999 -99.999 -99.999 -99.999 -99.999 -99.999 -99.999 -99.999 -99.999 -99.999 -99.999 -99.999 -99.999 8.644 -99.999 -99.999 -99.999 -99.999 -99.999 -99.999
125 F -99.999 -99.999 -99.999 -99.999 -99.999 -99.999 -99.999 -99.999 -99.999 -99.999 3.474 -99.999 -99.999 8.118 -99.999 -99.999 -99.999 -99.999 -99.999 -99.999
126 L -99.999 -99.999 -99.999 -99.999 -99.999 -99.999 -99.999 -99.999 -99.999 -99.999 6.644 -99.999 -99.999 3.474 -99.999 5.474 -99.999 -99.999 -99.999 -99.999
127 N -99.999 -99.999 8.644 -99.999 -99.999 -99.999 -99.999 -99.999 -99.999 -99.999 -99.999 -99.999 -99.999 -99.999 -99.999 -99.999 -99.999 -99.999 -99.999 -99.999
128 L -99.999 -99.999 -99.999 -99.999 -99.999 -99.999 -99.999 -99.999 -99.999 -99.999 8.644 -99.999 -99.999 -99.999 -99.999 -99.999 -99.999 -99.999 -99.999 -99.999
129 R -99.999 8.644 -99.999 -99.999 -99.999 -99.999 -99.999 -99.999 -99.999 -99.999 -99.999 -99.999 -99.999 -99.999 -99.999 -99.999 -99.999 -99.999 -99.999 -99.999
130 L -99.999 -99.999 -99.999 -99.999 -99.999 -99.999 -99.999 -99.999 -99.999 -99.999 8.644 -99.999 -99.999 -99.999 -99.999 -99.999 -99.999 -99.999 -99.999 -99.999
131 S 4.644 -99.999 -99.999 -99.999 -99.999 -99.999 -99.999 4.644 -99.999 -99.999 -99.999 -99.999 -99.999 -99.999 -99.999 6.644 -99.999 -99.999 -99.999 -99.999
132 S 3.474 -99.999 -99.999 -99.999 -99.999 -99.999 -99.999 -99.999 -99.999 -99.999 -99.999 -99.999 3.474 -99.999 -99.999 6.644 3.474 -99.999 -99.999 -99.999
133 N -99.999 -99.999 5.474 -99.999 -99.999 -99.999 -99.999 -99.999 -99.999 5.474 -99.999 -99.999 3.474 -99.999 -99.999 -99.999 3.474 -99.999 -99.999 -99.999
134 E -99.999 -99.999 1.474 -99.999 -99.999 -99.999 5.474 5.474 1.474 -99.999 -99.999 -99.999 -99.999 -99.999 3.474 -99.999 -99.999 -99.999 -99.999 -99.999
135 N 3.474 -99.999 5.474 -99.999 -99.999 -99.999 3.474 -99.999 -99.999 3.474 3.474 -99.999 -99.999 -99.999 -99.999 -99.999 -99.999 -99.999 -99.999 -99.999
136 E 3.474 -99.999 3.474 -99.999 -99.999 -99.999 6.644 -99.999 -99.999 3.474 -99.999 -99.999 -99.999 -99.999 -99.999 -99.999 -99.999 -99.999 -99.999 -99.999
137 G -99.999 -99.999 -99.999 -99.999 -99.999 -99.999 -99.999 8.644 -99.999 -99.999 -99.999 -99.999 -99.999 -99.999 -99.999 -99.999 -99.999 -99.999 -99.999 -99.999
138 L -99.999 -99.999 -99.999 -99.999 -99.999 -99.999 -99.999 -99.999 -99.999 -99.999 5.474 -99.999 -99.999 5.474 -99.999 -99.999 -99.999 -99.999 3.474 3.474
139 Q -99.999 -99.999 -99.999 -99.999 -99.999 5.474 5.474 3.474 -99.999 -99.999 -99.999 -99.999 -99.999 -99.999 -99.999 3.474 -99.999 -99.999 -99.999 -99.999
140 Q -99.999 -99.999 -99.999 -99.999 -99.999 5.474 -99.999 -99.999 -99.999 -99.999 -99.999 -99.999 -99.999 -99.999 -99.999 5.474 5.474 -99.999 -99.999 -99.999
141 L -99.999 -99.999 -99.999 -99.999 -99.999 -99.999 -99.999 -99.999 -99.999 4.644 7.814 -99.999 -99.999 -99.999 -99.999 -99.999 -99.999 -99.999 -99.999 -99.999
142 G -99.999 -99.999 -99.999 -99.999 -99.999 -99.999 -99.999 8.644 -99.999 -99.999 -99.999 -99.999 -99.999 -99.999 -99.999 -99.999 -99.999 -99.999 -99.999 -99.999
143 L -99.999 -99.999 -99.999 -99.999 -99.999 -99.999 -99.999 -99.999 -99.999 3.474 6.644 -99.999 -99.999 -99.999 3.474 -99.999 -99.999 -99.999 -99.999 3.474
144 V -99.999 -99.999 -99.999 -99.999 -99.999 -99.999 -99.999 -99.999 -99.999 5.474 3.474 -99.999 -99.999 -99.999 -99.999 -99.999 -99.999 -99.999 -99.999 6.644
145 G 5.474 -99.999 -99.999 -99.999 -99.999 -99.999 1.474 6.118 -99.999 -99.999 -99.999 -99.999 -99.999 -99.999 -99.999 -99.999 3.474 -99.999 -99.999 -99.999
146 R -99.999 8.644 -99.999 -99.999 -99.999 -99.999 -99.999 -99.999 -99.999 -99.999 -99.999 -99.999 -99.999 -99.999 -99.999 -99.999 -99.999 -99.999 -99.999 -99.999
147 F -99.999 -99.999 -99.999 -99.999 -99.999 -99.999 -99.999 -99.999 -99.999 -99.999 -99.999 -99.999 -99.999 8.644 -99.999 -99.999 -99.999 -99.999 -99.999 -99.999
148 Y -99.999 -99.999 -99.999 -99.999 -99.999 -99.999 -99.999 -99.999 -99.999 -99.999 -99.999 -99.999 -99.999 -99.999 -99.999 -99.999 -99.999 -99.999 8.644 -99.999
149 P -99.999 -99.999 -99.999 -99.999 -99.999 -99.999 -99.999 -99.999 -99.999 -99.999 -99.999 -99.999 -99.999 -99.999 8.644 -99.999 -99.999 -99.999 -99.999 -99.999
150 L -99.999 -99.999 -99.999 -99.999 -99.999 -99.999 -99.999 -99.999 -99.999 -99.999 8.644 -99.999 -99.999 -99.999 -99.999 -99.999 -99.999 -99.999 -99.999 -99.999
151 I -99.999 -99.999 -99.999 -99.999 -99.999 -99.999 -99.999 -99.999 -99.999 7.474 -99.999 -99.999 -99.999 -99.999 -99.999 -99.999 -99.999 -99.999 -99.999 5.474
152 F -99.999 -99.999 -99.999 -99.999 -99.999 -99.999 -99.999 -99.999 -99.999 -99.999 3.474 -99.999 -99.999 8.118 -99.999 -99.999 -99.999 -99.999 -99.999 -99.999
153 A 7.474 -99.999 -99.999 -99.999 -99.999 -99.999 -99.999 -99.999 -99.999 -99.999 -99.999 -99.999 -99.999 -99.999 -99.999 3.474 -99.999 -99.999 -99.999 3.474
154 L -99.999 -99.999 -99.999 -99.999 -99.999 -99.999 -99.999 -99.999 -99.999 -99.999 8.644 -99.999 -99.999 -99.999 -99.999 -99.999 -99.999 -99.999 -99.999 -99.999
155 F -99.999 -99.999 -99.999 -99.999 -99.999 -99.999 -99.999 -99.999 -99.999 -99.999 -99.999 -99.999 -99.999 8.644 -99.999 -99.999 -99.999 -99.999 -99.999 -99.999
156 L -99.999 -99.999 -99.999 -99.999 -99.999 -99.999 -99.999 -99.999 -99.999 3.474 6.644 -99.999 -99.999 -99.999 -99.999 -99.999 3.474 -99.999 -99.999 3.474
157 F -99.999 -99.999 -99.999 -99.999 -99.999 -99.999 -99.999 -99.999 -99.999 3.474 -99.999 -99.999 -99.999 8.118 -99.999 -99.999 -99.999 -99.999 -99.999 -99.999
158 E -99.999 -99.999 -99.999 -99.999 -99.999 -99.999 8.644 -99.999 -99.999 -99.999 -99.999 -99.999 -99.999 -99.999 -99.999 -99.999 -99.999 -99.999 -99.999 -99.999
159 H -99.999 -99.999 3.474 -99.999 -99.999 -99.999 -99.999 -99.999 6.644 3.474 -99.999 -99.999 -99.999 -99.999 -99.999 -99.999 -99.999 3.474 -99.999 -99.999
160 I -99.999 -99.999 -99.999 -99.999 -99.999 -99.999 -99.999 -99.999 -99.999 6.644 3.474 -99.999 3.474 -99.999 -99.999 -99.999 -99.999 -99.999 -99.999 3.474
161 Y -99.999 -99.999 3.474 -99.999 -99.999 -99.999 -99.999 -99.999 3.474 -99.999 3.474 -99.999 -99.999 3.474 -99.999 -99.999 -99.999 -99.999 5.474 -99.999
162 A 5.474 -99.999 3.474 -99.999 -99.999 -99.999 5.474 -99.999 -99.999 -99.999 3.474 -99.999 -99.999 -99.999 -99.999 -99.999 -99.999 -99.999 -99.999 -99.999
163 R -99.999 5.474 -99.999 -99.999 3.474 -99.999 -99.999 -99.999 -99.999 -99.999 -99.999 3.474 -99.999 -99.999 -99.999 5.474 -99.999 -99.999 -99.999 -99.999
164 K -99.999 -99.999 -99.999 3.474 -99.999 -99.999 3.474 3.474 -99.999 -99.999 -99.999 5.474 -99.999 -99.999 -99.999 3.474 -99.999 -99.999 -99.999 -99.999
165 A 5.474 -99.999 4.644 -99.999 -99.999 -99.999 3.474 3.474 -99.999 -99.999 -99.999 1.474 -99.999 -99.999 -99.999 -99.999 -99.999 -99.999 -99.999 -99.999
166 N -99.999 3.474 8.118 -99.999 -99.999 -99.999 -99.999 -99.999 -99.999 -99.999 -99.999 -99.999 -99.999 -99.999 -99.999 -99.999 -99.999 -99.999 -99.999 -99.999
167 R -99.999 6.644 -99.999 -99.999 -99.999 4.644 -99.999 -99.999 -99.999 -99.999 1.474 3.474 -99.999 -99.999 -99.999 -99.999 -99.999 -99.999 -99.999 -99.999
168 R 1.474 7.474 1.474 -99.999 -99.999 -99.999 -99.999 -99.999 -99.999 3.474 -99.999 -99.999 -99.999 -99.999 -99.999 -99.999 -99.999 -99.999 -99.999 -99.999
169 L -99.999 3.474 -99.999 -99.999 -99.999 -99.999 -99.999 -99.999 -99.999 -99.999 5.474 5.474 -99.999 -99.999 -99.999 -99.999 -99.999 -99.999 -99.999 3.474
170 R -99.999 8.118 -99.999 -99.999 -99.999 -99.999 -99.999 -99.999 -99.999 -99.999 -99.999 -99.999 3.474 -99.999 -99.999 -99.999 -99.999 -99.999 -99.999 -99.999
171 I -99.999 -99.999 -99.999 -99.999 -99.999 -99.999 -99.999 -99.999 -99.999 5.474 5.474 -99.999 -99.999 3.474 -99.999 -99.999 -99.999 -99.999 -99.999 3.474
172 L 3.474 -99.999 -99.999 -99.999 -99.999 -99.999 -99.999 -99.999 -99.999 -99.999 6.644 -99.999 -99.999 -99.999 -99.999 3.474 -99.999 -99.999 3.474 -99.999
173 L -99.999 -99.999 -99.999 -99.999 -99.999 -99.999 -99.999 -99.999 -99.999 -99.999 8.644 -99.999 -99.999 -99.999 -99.999 -99.999 -99.999 -99.999 -99.999 -99.999
174 W -99.999 -99.999 -99.999 -99.999 -99.999 -99.999 -99.999 -99.999 -99.999 -99.999 3.474 -99.999 -99.999 -99.999 -99.999 -99.999 -99.999 8.118 -99.999 -99.999
175 C -99.999 -99.999 -99.999 -99.999 5.474 -99.999 -99.999 3.474 -99.999 -99.999 4.644 -99.999 -99.999 -99.999 -99.999 3.474 -99.999 -99.999 -99.999 1.474
176 W -99.999 -99.999 -99.999 -99.999 -99.999 -99.999 -99.999 -99.999 -99.999 -99.999 5.474 -99.999 -99.999 -99.999 -99.999 -99.999 -99.999 7.474 -99.999 -99.999
177 M -99.999 -99.999 -99.999 -99.999 -99.999 -99.999 -99.999 -99.999 -99.999 -99.999 -99.999 -99.999 8.644 -99.999 -99.999 -99.999 -99.999 -99.999 -99.999 -99.999
178 A 5.474 -99.999 -99.999 -99.999 -99.999 -99.999 -99.999 -99.999 -99.999 3.474 5.474 -99.999 -99.999 -99.999 -99.999 3.474 -99.999 -99.999 -99.999 -99.999
179 L -99.999 -99.999 -99.999 -99.999 -99.999 -99.999 -99.999 -99.999 -99.999 -99.999 8.118 -99.999 -99.999 3.474 -99.999 -99.999 -99.999 -99.999 -99.999 -99.999
180 F -99.999 -99.999 -99.999 -99.999 -99.999 -99.999 -99.999 -99.999 -99.999 -99.999 -99.999 -99.999 -99.999 6.644 -99.999 -99.999 -99.999 -99.999 6.644 -99.999
181 A 8.644 -99.999 -99.999 -99.999 -99.999 -99.999 -99.999 -99.999 -99.999 -99.999 -99.999 -99.999 -99.999 -99.999 -99.999 -99.999 -99.999 -99.999 -99.999 -99.999
182 I -99.999 -99.999 -99.999 -99.999 -99.999 -99.999 -99.999 -99.999 -99.999 6.644 5.474 -99.999 -99.999 -99.999 -99.999 -99.999 -99.999 -99.999 -99.999 3.474
183 A 8.118 -99.999 -99.999 -99.999 -99.999 -99.999 -99.999 3.474 -99.999 -99.999 -99.999 -99.999 -99.999 -99.999 -99.999 -99.999 -99.999 -99.999 -99.999 -99.999
184 T -99.999 -99.999 -99.999 -99.999 -99.999 -99.999 -99.999 -99.999 -99.999 -99.999 -99.999 -99.999 -99.999 -99.999 -99.999 -99.999 7.474 -99.999 -99.999 5.474
185 M -99.999 -99.999 -99.999 -99.999 -99.999 -99.999 -99.999 -99.999 -99.999 -99.999 -99.999 -99.999 8.644 -99.999 -99.999 -99.999 -99.999 -99.999 -99.999 -99.999
186 G -99.999 -99.999 -99.999 -99.999 -99.999 -99.999 -99.999 8.118 -99.999 -99.999 -99.999 -99.999 -99.999 -99.999 -99.999 3.474 -99.999 -99.999 -99.999 -99.999
187 K -99.999 -99.999 -99.999 -99.999 -99.999 -99.999 -99.999 -99.999 -99.999 -99.999 -99.999 8.644 -99.999 -99.999 -99.999 -99.999 -99.999 -99.999 -99.999 -99.999
188 L -99.999 -99.999 -99.999 -99.999 -99.999 -99.999 -99.999 -99.999 -99.999 -99.999 6.644 -99.999 -99.999 5.474 -99.999 -99.999 -99.999 -99.999 3.474 -99.999
189 A 5.474 -99.999 -99.999 -99.999 -99.999 -99.999 -99.999 -99.999 -99.999 -99.999 -99.999 -99.999 -99.999 -99.999 -99.999 5.474 5.474 -99.999 -99.999 -99.999
190 A 5.474 -99.999 -99.999 -99.999 -99.999 -99.999 -99.999 -99.999 -99.999 3.474 3.474 -99.999 -99.999 3.474 -99.999 -99.999 -99.999 -99.999 -99.999 3.474
191 L -99.999 -99.999 -99.999 -99.999 -99.999 -99.999 -99.999 -99.999 -99.999 -99.999 8.644 -99.999 -99.999 -99.999 -99.999 -99.999 -99.999 -99.999 -99.999 -99.999
192 T -99.999 -99.999 -99.999 -99.999 -99.999 -99.999 -99.999 -99.999 -99.999 3.474 -99.999 -99.999 -99.999 -99.999 -99.999 -99.999 8.118 -99.999 -99.999 -99.999
193 P -99.999 -99.999 -99.999 -99.999 -99.999 -99.999 -99.999 -99.999 -99.999 -99.999 -99.999 -99.999 -99.999 -99.999 8.644 -99.999 -99.999 -99.999 -99.999 -99.999
194 I 3.474 -99.999 -99.999 -99.999 -99.999 -99.999 -99.999 -99.999 -99.999 6.644 3.474 -99.999 -99.999 -99.999 -99.999 -99.999 -99.999 -99.999 -99.999 3.474
195 L -99.999 -99.999 -99.999 -99.999 -99.999 -99.999 -99.999 -99.999 -99.999 -99.999 7.474 -99.999 -99.999 -99.999 -99.999 -99.999 -99.999 -99.999 -99.999 5.474
196 G -99.999 -99.999 -99.999 -99.999 -99.999 -99.999 -99.999 5.474 -99.999 3.474 -99.999 -99.999 -99.999 -99.999 -99.999 3.474 3.474 -99.999 -99.999 3.474
197 W -99.999 -99.999 -99.999 -99.999 -99.999 -99.999 -99.999 -99.999 -99.999 -99.999 -99.999 -99.999 -99.999 -99.999 -99.999 -99.999 -99.999 8.118 -99.999 3.474
198 A 7.474 -99.999 -99.999 -99.999 -99.999 -99.999 -99.999 -99.999 -99.999 5.474 -99.999 -99.999 -99.999 -99.999 -99.999 -99.999 -99.999 -99.999 -99.999 -99.999
199 V -99.999 -99.999 -99.999 -99.999 -99.999 -99.999 -99.999 3.474 -99.999 -99.999 -99.999 -99.999 -99.999 3.474 -99.999 -99.999 3.474 -99.999 -99.999 6.644
200 I -99.999 -99.999 -99.999 -99.999 3.474 -99.999 -99.999 -99.999 -99.999 6.644 -99.999 -99.999 -99.999 -99.999 -99.999 3.474 -99.999 -99.999 -99.999 3.474
201 K -99.999 3.474 -99.999 -99.999 -99.999 -99.999 -99.999 -99.999 -99.999 -99.999 3.474 7.474 -99.999 -99.999 -99.999 -99.999 -99.999 -99.999 -99.999 -99.999
202 G 3.474 -99.999 -99.999 3.474 -99.999 -99.999 -99.999 6.644 -99.999 3.474 -99.999 -99.999 -99.999 -99.999 -99.999 -99.999 -99.999 -99.999 -99.999 -99.999
203 L -99.999 -99.999 -99.999 -99.999 -99.999 -99.999 -99.999 -99.999 -99.999 -99.999 7.089 -99.999 -99.999 -99.999 -99.999 1.474 -99.999 -99.999 -99.999 5.474
204 R -99.999 5.474 -99.999 -99.999 -99.999 -99.999 -99.999 -99.999 3.474 -99.999 -99.999 5.474 -99.999 -99.999 -99.999 3.474 -99.999 -99.999 -99.999 -99.999
205 G 3.474 -99.999 3.474 -99.999 -99.999 3.474 -99.999 5.474 -99.999 -99.999 -99.999 3.474 -99.999 -99.999 -99.999 -99.999 -99.999 -99.999 -99.999 -99.999
206 R -99.999 6.644 -99.999 -99.999 -99.999 -99.999 5.474 -99.999 -99.999 -99.999 -99.999 3.474 -99.999 -99.999 -99.999 -99.999 -99.999 -99.999 -99.999 -99.999
207 L -99.999 -99.999 -99.999 -99.999 -99.999 -99.999 -99.999 -99.999 -99.999 5.474 6.644 -99.999 -99.999 -99.999 -99.999 -99.999 -99.999 -99.999 -99.999 3.474
208 P -99.999 -99.999 -99.999 3.474 -99.999 -99.999 -99.999 -99.999 -99.999 -99.999 -99.999 3.474 -99.999 -99.999 5.474 3.474 3.474 -99.999 -99.999 -99.999
209 F -99.999 -99.999 -99.999 -99.999 -99.999 -99.999 -99.999 -99.999 -99.999 3.474 3.474 -99.999 -99.999 5.474 -99.999 -99.999 -99.999 -99.999 -99.999 5.474
210 R -99.999 6.644 -99.999 -99.999 -99.999 -99.999 -99.999 -99.999 -99.999 -99.999 -99.999 6.644 -99.999 -99.999 -99.999 -99.999 -99.999 -99.999 -99.999 -99.999
211 K -99.999 3.474 1.474 -99.999 -99.999 3.474 -99.999 -99.999 -99.999 -99.999 -99.999 6.644 -99.999 -99.999 -99.999 -99.999 1.474 -99.999 -99.999 -99.999
212 L -99.999 -99.999 -99.999 -99.999 -99.999 -99.999 -99.999 -99.999 -99.999 1.474 7.474 -99.999 -99.999 3.474 -99.999 -99.999 -99.999 -99.999 -99.999 1.474
213 L -99.999 -99.999 -99.999 -99.999 -99.999 -99.999 -99.999 -99.999 -99.999 5.474 6.644 -99.999 -99.999 3.474 -99.999 -99.999 -99.999 -99.999 -99.999 -99.999
214 I -99.999 -99.999 -99.999 -99.999 -99.999 -99.999 -99.999 -99.999 -99.999 4.644 3.474 3.474 -99.999 1.474 3.474 -99.999 -99.999 -99.999 -99.999 3.474
215 L -99.999 -99.999 -99.999 -99.999 -99.999 -99.999 -99.999 -99.999 -99.999 3.474 7.474 -99.999 -99.999 -99.999 -99.999 -99.999 -99.999 -99.999 -99.999 3.474
216 V -99.999 -99.999 -99.999 -99.999 -99.999 -99.999 -99.999 3.474 -99.999 -99.999 -99.999 -99.999 -99.999 -99.999 -99.999 -99.999 1.474 -99.999 -99.999 7.814
217 P -99.999 -99.999 -99.999 -99.999 -99.999 -99.999 -99.999 -99.999 -99.999 5.474 -99.999 -99.999 -99.999 -99.999 6.644 -99.999 -99.999 -99.999 -99.999 3.474
218 A 5.474 -99.999 -99.999 -99.999 -99.999 -99.999 -99.999 -99.999 -99.999 3.474 -99.999 -99.999 -99.999 3.474 -99.999 -99.999 -99.999 -99.999 -99.999 5.474
219 V -99.999 -99.999 -99.999 -99.999 -99.999 -99.999 -99.999 -99.999 -99.999 -99.999 -99.999 -99.999 -99.999 -99.999 -99.999 3.474 5.474 -99.999 -99.999 6.644
220 F -99.999 -99.999 -99.999 -99.999 -99.999 -99.999 -99.999 -99.999 -99.999 -99.999 -99.999 -99.999 3.474 6.644 -99.999 -99.999 -99.999 -99.999 -99.999 5.474
221 L 3.474 -99.999 -99.999 -99.999 -99.999 -99.999 -99.999 3.474 -99.999 3.474 5.474 -99.999 -99.999 -99.999 -99.999 -99.999 -99.999 -99.999 -99.999 3.474
222 L -99.999 -99.999 -99.999 -99.999 -99.999 -99.999 -99.999 -99.999 -99.999 3.474 7.474 -99.999 -99.999 1.474 -99.999 -99.999 -99.999 -99.999 -99.999 1.474
223 M -99.999 -99.999 -99.999 -99.999 -99.999 -99.999 -99.999 -99.999 -99.999 -99.999 3.474 -99.999 8.118 -99.999 -99.999 -99.999 -99.999 -99.999 -99.999 -99.999
224 F -99.999 -99.999 -99.999 -99.999 -99.999 -99.999 -99.999 -99.999 -99.999 4.644 3.474 -99.999 3.474 5.474 -99.999 -99.999 -99.999 -99.999 -99.999 1.474
225 A 6.644 -99.999 -99.999 -99.999 -99.999 -99.999 -99.999 -99.999 -99.999 3.474 -99.999 -99.999 -99.999 3.474 -99.999 -99.999 -99.999 -99.999 -99.999 3.474
226 L -99.999 -99.999 -99.999 -99.999 -99.999 -99.999 -99.999 -99.999 -99.999 3.474 6.644 -99.999 5.474 -99.999 -99.999 -99.999 -99.999 -99.999 -99.999 -99.999
227 Q -99.999 -99.999 -99.999 -99.999 -99.999 6.644 -99.999 -99.999 6.644 -99.999 -99.999 -99.999 -99.999 -99.999 -99.999 -99.999 -99.999 -99.999 -99.999 -99.999
228 L -99.999 -99.999 -99.999 -99.999 -99.999 -99.999 -99.999 -99.999 -99.999 3.474 5.474 -99.999 -99.999 5.474 -99.999 -99.999 -99.999 -99.999 -99.999 3.474
229 I 3.474 -99.999 -99.999 -99.999 -99.999 -99.999 -99.999 -99.999 -99.999 5.474 3.474 -99.999 3.474 -99.999 -99.999 -99.999 -99.999 -99.999 -99.999 3.474
230 R -99.999 8.644 -99.999 -99.999 -99.999 -99.999 -99.999 -99.999 -99.999 -99.999 -99.999 -99.999 -99.999 -99.999 -99.999 -99.999 -99.999 -99.999 -99.999 -99.999
231 A 6.644 -99.999 -99.999 -99.999 -99.999 -99.999 -99.999 -99.999 -99.999 -99.999 -99.999 -99.999 -99.999 -99.999 -99.999 6.644 -99.999 -99.999 -99.999 -99.999
232 G 3.474 -99.999 -99.999 3.474 -99.999 -99.999 -99.999 5.474 -99.999 -99.999 5.474 -99.999 -99.999 -99.999 -99.999 -99.999 -99.999 -99.999 -99.999 -99.999
233 A 5.474 -99.999 -99.999 3.474 -99.999 -99.999 -99.999 1.474 -99.999 -99.999 -99.999 -99.999 -99.999 -99.999 -99.999 4.644 -99.999 -99.999 -99.999 3.474
234 G -99.999 -99.999 -99.999 -99.999 -99.999 -99.999 -99.999 6.644 -99.999 -99.999 -99.999 3.474 -99.999 3.474 -99.999 3.474 -99.999 -99.999 -99.999 -99.999
235 E 3.474 -99.999 -99.999 -99.999 -99.999 -99.999 5.474 -99.999 -99.999 -99.999 -99.999 -99.999 -99.999 -99.999 -99.999 3.474 5.474 -99.999 -99.999 -99.999
236 A 8.644 -99.999 -99.999 -99.999 -99.999 -99.999 -99.999 -99.999 -99.999 -99.999 -99.999 -99.999 -99.999 -99.999 -99.999 -99.999 -99.999 -99.999 -99.999 -99.999
237 G -99.999 -99.999 -99.999 -99.999 -99.999 -99.999 -99.999 8.644 -99.999 -99.999 -99.999 -99.999 -99.999 -99.999 -99.999 -99.999 -99.999 -99.999 -99.999 -99.999
238 Q -99.999 -99.999 3.474 -99.999 -99.999 5.474 -99.999 -99.999 -99.999 -99.999 3.474 -99.999 -99.999 -99.999 -99.999 5.474 -99.999 -99.999 -99.999 -99.999
239 V -99.999 -99.999 -99.999 4.0 -99.999 -99.999 -99.999 -99.999 -99.999 4.0 4.0 -99.999 -99.999 -99.999 -99.999 -99.999 2.0 -99.999 -99.999 5.17
240 D 3.474 -99.999 3.474 5.474 -99.999 -99.999 -99.999 -99.999 -99.999 -99.999 -99.999 -99.999 -99.999 -99.999 -99.999 3.474 -99.999 -99.999 -99.999 3.474
241 L -99.999 -99.999 -99.999 -99.999 -99.999 -99.999 -99.999 -99.999 -99.999 5.474 6.644 -99.999 -99.999 -99.999 -99.999 -99.999 -99.999 -99.999 3.474 -99.999
242 A 3.474 3.474 -99.999 -99.999 -99.999 -99.999 -99.999 3.474 -99.999 -99.999 3.474 -99.999 -99.999 3.474 -99.999 3.474 -99.999 -99.999 -99.999 -99.999
243 K -99.999 3.474 -99.999 3.474 -99.999 3.474 -99.999 -99.999 -99.999 -99.999 -99.999 6.644 -99.999 -99.999 -99.999 -99.999 -99.999 -99.999 -99.999 -99.999
244 F -99.999 -99.999 -99.999 -99.999 -99.999 -99.999 -99.999 -99.999 -99.999 3.474 3.474 -99.999 -99.999 6.644 -99.999 -99.999 -99.999 -99.999 -99.999 3.474
245 L -99.999 -99.999 -99.999 -99.999 -99.999 -99.999 -99.999 -99.999 -99.999 -99.999 8.118 -99.999 -99.999 3.474 -99.999 -99.999 -99.999 -99.999 -99.999 -99.999
246 S 3.474 -99.999 -99.999 -99.999 -99.999 -99.999 -99.999 5.474 -99.999 -99.999 -99.999 -99.999 -99.999 -99.999 -99.999 6.644 -99.999 -99.999 -99.999 -99.999
247 V -99.999 -99.999 -99.999 -99.999 -99.999 -99.999 -99.999 -99.999 -99.999 4.644 3.474 -99.999 -99.999 -99.999 -99.999 -99.999 -99.999 -99.999 -99.999 7.089
248 Y -99.999 -99.999 -99.999 -99.999 -99.999 -99.999 -99.999 -99.999 -99.999 -99.999 -99.999 -99.999 -99.999 -99.999 -99.999 -99.999 -99.999 -99.999 8.644 -99.999
249 T -99.999 -99.999 -99.999 -99.999 -99.999 -99.999 -99.999 -99.999 -99.999 -99.999 -99.999 -99.999 -99.999 -99.999 -99.999 -99.999 7.474 -99.999 -99.999 5.474
250 Y -99.999 -99.999 -99.999 -99.999 -99.999 -99.999 -99.999 -99.999 -99.999 -99.999 -99.999 -99.999 -99.999 -99.999 -99.999 -99.999 -99.999 -99.999 8.644 -99.999
251 S -99.999 -99.999 -99.999 -99.999 -99.999 -99.999 -99.999 -99.999 -99.999 -99.999 -99.999 -99.999 -99.999 -99.999 -99.999 8.644 -99.999 -99.999 -99.999 -99.999
252 P -99.999 -99.999 -99.999 -99.999 -99.999 -99.999 -99.999 -99.999 -99.999 -99.999 -99.999 -99.999 -99.999 -99.999 8.644 -99.999 -99.999 -99.999 -99.999 -99.999
253 L -99.999 -99.999 -99.999 -99.999 -99.999 -99.999 -99.999 -99.999 -99.999 5.474 6.644 -99.999 -99.999 3.474 -99.999 -99.999 -99.999 -99.999 -99.999 -99.999
254 V -99.999 -99.999 -99.999 -99.999 -99.999 -99.999 -99.999 -99.999 -99.999 -99.999 -99.999 -99.999 -99.999 -99.999 -99.999 -99.999 -99.999 -99.999 -99.999 8.644
255 A 7.474 -99.999 -99.999 -99.999 -99.999 -99.999 -99.999 5.474 -99.999 -99.999 -99.999 -99.999 -99.999 -99.999 -99.999 -99.999 -99.999 -99.999 -99.999 -99.999
256 L -99.999 -99.999 -99.999 -99.999 -99.999 -99.999 -99.999 -99.999 -99.999 -99.999 8.644 -99.999 -99.999 -99.999 -99.999 -99.999 -99.999 -99.999 -99.999 -99.999
257 G -99.999 -99.999 -99.999 -99.999 -99.999 -99.999 -99.999 8.644 -99.999 -99.999 -99.999 -99.999 -99.999 -99.999 -99.999 -99.999 -99.999 -99.999 -99.999 -99.999
258 Y -99.999 -99.999 -99.999 -99.999 -99.999 -99.999 -99.999 -99.999 -99.999 -99.999 -99.999 -99.999 -99.999 -99.999 -99.999 -99.999 -99.999 -99.999 8.644 -99.999
259 L -99.999 -99.999 -99.999 -99.999 -99.999 -99.999 -99.999 -99.999 -99.999 3.474 5.474 -99.999 5.474 -99.999 -99.999 -99.999 -99.999 -99.999 -99.999 3.474
260 N 3.474 -99.999 7.474 3.474 -99.999 -99.999 -99.999 -99.999 -99.999 -99.999 -99.999 -99.999 -99.999 -99.999 -99.999 -99.999 -99.999 -99.999 -99.999 -99.999
261 F -99.999 -99.999 -99.999 -99.999 -99.999 -99.999 -99.999 -99.999 -99.999 -99.999 -99.999 -99.999 -99.999 5.474 3.474 3.474 3.474 -99.999 -99.999 3.474
262 D -99.999 -99.999 3.474 5.474 -99.999 -99.999 -99.999 -99.999 -99.999 -99.999 -99.999 -99.999 -99.999 -99.999 5.474 3.474 -99.999 -99.999 -99.999 -99.999
263 H -99.999 -99.999 3.474 -99.999 -99.999 -99.999 -99.999 -99.999 4.644 -99.999 3.474 -99.999 -99.999 -99.999 1.474 -99.999 3.474 -99.999 -99.999 3.474
264 S -99.999 -99.999 -99.999 5.474 -99.999 -99.999 -99.999 -99.999 3.474 -99.999 -99.999 -99.999 -99.999 -99.999 -99.999 6.644 -99.999 -99.999 -99.999 -99.999
265 L 3.474 -99.999 -99.999 -99.999 -99.999 -99.999 -99.999 -99.999 -99.999 -99.999 5.474 -99.999 -99.999 3.474 3.474 3.474 -99.999 -99.999 -99.999 -99.999
266 P -99.999 -99.999 -99.999 -99.999 -99.999 -99.999 -99.999 3.474 -99.999 3.474 3.474 -99.999 -99.999 -99.999 6.644 -99.999 -99.999 -99.999 -99.999 -99.999
267 F -99.999 -99.999 -99.999 -99.999 -99.999 -99.999 -99.999 -99.999 -99.999 -99.999 -99.999 -99.999 -99.999 8.118 -99.999 -99.999 -99.999 -99.999 -99.999 3.474
268 G -99.999 -99.999 -99.999 -99.999 -99.999 -99.999 -99.999 8.644 -99.999 -99.999 -99.999 -99.999 -99.999 -99.999 -99.999 -99.999 -99.999 -99.999 -99.999 -99.999
269 A 7.474 -99.999 -99.999 -99.999 -99.999 -99.999 3.474 -99.999 -99.999 -99.999 -99.999 -99.999 -99.999 -99.999 -99.999 -99.999 3.474 -99.999 -99.999 -99.999
270 H -99.999 -99.999 5.474 -99.999 -99.999 -99.999 -99.999 -99.999 6.644 -99.999 -99.999 -99.999 -99.999 -99.999 -99.999 -99.999 -99.999 -99.999 3.474 -99.999
271 V -99.999 -99.999 -99.999 -99.999 -99.999 -99.999 -99.999 -99.999 -99.999 -99.999 -99.999 -99.999 -99.999 -99.999 -99.999 3.474 3.474 -99.999 -99.999 7.474
272 F -99.999 -99.999 -99.999 -99.999 -99.999 -99.999 -99.999 -99.999 -99.999 -99.999 3.474 -99.999 -99.999 8.118 -99.999 -99.999 -99.999 -99.999 -99.999 -99.999
273 R -99.999 8.644 -99.999 -99.999 -99.999 -99.999 -99.999 -99.999 -99.999 -99.999 -99.999 -99.999 -99.999 -99.999 -99.999 -99.999 -99.999 -99.999 -99.999 -99.999
274 F -99.999 -99.999 -99.999 -99.999 -99.999 -99.999 -99.999 -99.999 -99.999 -99.999 4.644 -99.999 -99.999 7.814 -99.999 -99.999 -99.999 -99.999 -99.999 -99.999
275 L 5.474 -99.999 -99.999 -99.999 -99.999 -99.999 -99.999 -99.999 -99.999 -99.999 6.118 -99.999 -99.999 1.474 -99.999 -99.999 -99.999 -99.999 3.474 -99.999
276 Y -99.999 -99.999 -99.999 -99.999 -99.999 -99.999 -99.999 -99.999 -99.999 -99.999 -99.999 -99.999 -99.999 -99.999 -99.999 -99.999 -99.999 -99.999 8.644 -99.999
277 A 8.118 -99.999 -99.999 -99.999 -99.999 -99.999 -99.999 -99.999 -99.999 -99.999 -99.999 -99.999 -99.999 -99.999 -99.999 -99.999 -99.999 -99.999 -99.999 3.474
278 V -99.999 -99.999 -99.999 -99.999 -99.999 -99.999 -99.999 -99.999 -99.999 3.474 3.474 -99.999 3.474 -99.999 -99.999 -99.999 -99.999 -99.999 -99.999 6.644
279 G 3.474 -99.999 -99.999 -99.999 -99.999 -99.999 -99.999 6.118 -99.999 -99.999 -99.999 -99.999 -99.999 -99.999 -99.999 1.474 -99.999 3.474 -99.999 3.474
280 Y -99.999 -99.999 -99.999 3.474 -99.999 -99.999 3.474 -99.999 3.474 -99.999 -99.999 -99.999 -99.999 -99.999 -99.999 -99.999 -99.999 -99.999 6.644 -99.999
281 A 7.474 3.474 -99.999 -99.999 -99.999 -99.999 -99.999 -99.999 -99.999 -99.999 -99.999 -99.999 -99.999 -99.999 -99.999 -99.999 -99.999 -99.999 3.474 -99.999
282 L 3.474 -99.999 -99.999 -99.999 -99.999 -99.999 -99.999 -99.999 -99.999 -99.999 7.474 -99.999 -99.999 -99.999 -99.999 -99.999 -99.999 -99.999 -99.999 3.474
283 G -99.999 -99.999 -99.999 -99.999 -99.999 -99.999 -99.999 7.474 -99.999 3.474 -99.999 -99.999 -99.999 3.474 -99.999 -99.999 -99.999 -99.999 -99.999 -99.999
284 G -99.999 -99.999 -99.999 -99.999 -99.999 -99.999 -99.999 5.474 -99.999 3.474 4.644 -99.999 -99.999 1.474 -99.999 -99.999 -99.999 -99.999 -99.999 3.474
285 G -99.999 -99.999 3.474 -99.999 -99.999 -99.999 -99.999 5.474 -99.999 -99.999 -99.999 -99.999 -99.999 -99.999 -99.999 3.474 5.474 -99.999 -99.999 -99.999
286 Q -99.999 -99.999 -99.999 -99.999 -99.999 8.644 -99.999 -99.999 -99.999 -99.999 -99.999 -99.999 -99.999 -99.999 -99.999 -99.999 -99.999 -99.999 -99.999 -99.999
287 V -99.999 3.474 1.474 -99.999 -99.999 -99.999 -99.999 1.474 -99.999 -99.999 -99.999 -99.999 -99.999 -99.999 3.474 -99.999 3.474 -99.999 -99.999 5.474
288 A 5.474 -99.999 -99.999 -99.999 -99.999 -99.999 -99.999 -99.999 3.474 -99.999 -99.999 -99.999 -99.999 -99.999 4.644 3.474 1.474 -99.999 -99.999 -99.999
289 P -99.999 -99.999 -99.999 -99.999 -99.999 -99.999 -99.999 -99.999 -99.999 -99.999 -99.999 -99.999 -99.999 -99.999 8.644 -99.999 -99.999 -99.999 -99.999 -99.999
290 V 3.474 -99.999 -99.999 -99.999 -99.999 -99.999 -99.999 -99.999 -99.999 3.474 -99.999 -99.999 -99.999 -99.999 -99.999 -99.999 3.474 -99.999 -99.999 6.644
291 N -99.999 -99.999 6.644 -99.999 -99.999 3.474 3.474 -99.999 -99.999 -99.999 -99.999 -99.999 -99.999 -99.999 3.474 -99.999 -99.999 -99.999 -99.999 -99.999
292 V -99.999 -99.999 -99.999 -99.999 -99.999 -99.999 -99.999 -99.999 -99.999 3.474 5.474 -99.999 -99.999 -99.999 -99.999 -99.999 -99.999 -99.999 -99.999 6.644
293 I -99.999 -99.999 -99.999 -99.999 -99.999 -99.999 -99.999 -99.999 -99.999 6.644 -99.999 -99.999 -99.999 -99.999 -99.999 -99.999 -99.999 -99.999 -99.999 6.644
294 Q -99.999 -99.999 -99.999 -99.999 -99.999 5.474 -99.999 -99.999 -99.999 -99.999 3.474 -99.999 -99.999 3.474 -99.999 3.474 3.474 -99.999 -99.999 -99.999
295 P -99.999 -99.999 -99.999 -99.999 -99.999 -99.999 -99.999 3.474 -99.999 -99.999 -99.999 -99.999 -99.999 -99.999 6.118 6.118 -99.999 -99.999 -99.999 -99.999
296 F -99.999 -99.999 -99.999 -99.999 -99.999 -99.999 -99.999 -99.999 -99.999 -99.999 -99.999 -99.999 -99.999 8.644 -99.999 -99.999 -99.999 -99.999 -99.999 -99.999
297 Y -99.999 -99.999 -99.999 -99.999 -99.999 -99.999 -99.999 -99.999 -99.999 -99.999 -99.999 -99.999 -99.999 3.474 -99.999 -99.999 -99.999 -99.999 8.118 -99.999
298 V -99.999 -99.999 -99.999 -99.999 -99.999 -99.999 -99.999 -99.999 -99.999 3.474 -99.999 -99.999 -99.999 -99.999 -99.999 -99.999 -99.999 -99.999 -99.999 8.118
299 E 5.474 -99.999 -99.999 -99.999 -99.999 -99.999 7.474 -99.999 -99.999 -99.999 -99.999 -99.999 -99.999 -99.999 -99.999 -99.999 -99.999 -99.999 -99.999 -99.999
300 V -99.999 -99.999 -99.999 -99.999 -99.999 -99.999 -99.999 -99.999 -99.999 5.474 -99.999 -99.999 -99.999 -99.999 -99.999 -99.999 -99.999 -99.999 -99.999 7.474
301 P -99.999 -99.999 -99.999 -99.999 -99.999 -99.999 -99.999 -99.999 -99.999 -99.999 -99.999 -99.999 -99.999 -99.999 8.644 -99.999 -99.999 -99.999 -99.999 -99.999
302 N -99.999 -99.999 4.644 -99.999 -99.999 -99.999 -99.999 -99.999 -99.999 3.474 3.474 3.474 -99.999 3.474 -99.999 -99.999 -99.999 -99.999 -99.999 1.474
303 L -99.999 -99.999 -99.999 -99.999 -99.999 -99.999 -99.999 -99.999 -99.999 -99.999 7.474 -99.999 -99.999 -99.999 5.474 -99.999 -99.999 -99.999 -99.999 -99.999
304 T -99.999 -99.999 -99.999 -99.999 -99.999 -99.999 -99.999 -99.999 -99.999 -99.999 -99.999 -99.999 -99.999 -99.999 -99.999 -99.999 8.644 -99.999 -99.999 -99.999
305 N -99.999 -99.999 8.644 -99.999 -99.999 -99.999 -99.999 -99.999 -99.999 -99.999 -99.999 -99.999 -99.999 -99.999 -99.999 -99.999 -99.999 -99.999 -99.999 -99.999
306 V -99.999 -99.999 -99.999 -99.999 -99.999 -99.999 -99.999 -99.999 -99.999 -99.999 -99.999 -99.999 -99.999 -99.999 -99.999 -99.999 3.474 -99.999 -99.999 8.118
307 Y -99.999 -99.999 -99.999 -99.999 -99.999 -99.999 -99.999 -99.999 -99.999 -99.999 -99.999 -99.999 -99.999 3.474 -99.999 -99.999 -99.999 -99.999 8.118 -99.999
308 T -99.999 -99.999 -99.999 -99.999 -99.999 -99.999 -99.999 -99.999 -99.999 -99.999 -99.999 -99.999 -99.999 -99.999 -99.999 -99.999 8.644 -99.999 -99.999 -99.999
309 V -99.999 -99.999 -99.999 -99.999 -99.999 -99.999 -99.999 3.474 -99.999 -99.999 -99.999 -99.999 -99.999 -99.999 -99.999 -99.999 -99.999 -99.999 -99.999 8.118
310 I -99.999 -99.999 -99.999 -99.999 -99.999 -99.999 -99.999 -99.999 -99.999 6.644 6.644 -99.999 -99.999 -99.999 -99.999 -99.999 -99.999 -99.999 -99.999 -99.999
311 Y -99.999 -99.999 -99.999 -99.999 -99.999 5.474 -99.999 -99.999 -99.999 -99.999 -99.999 -99.999 -99.999 3.474 -99.999 -99.999 -99.999 -99.999 6.644 -99.999
312 P -99.999 -99.999 -99.999 -99.999 -99.999 -99.999 -99.999 -99.999 -99.999 -99.999 -99.999 -99.999 -99.999 -99.999 8.644 -99.999 -99.999 -99.999 -99.999 -99.999
313 F -99.999 -99.999 -99.999 -99.999 -99.999 -99.999 -99.999 -99.999 -99.999 -99.999 -99.999 -99.999 -99.999 8.118 -99.999 -99.999 -99.999 -99.999 3.474 -99.999
314 Y 5.474 -99.999 -99.999 -99.999 -99.999 -99.999 -99.999 -99.999 -99.999 -99.999 -99.999 -99.999 -99.999 -99.999 -99.999 -99.999 -99.999 -99.999 6.644 3.474
315 A 3.474 -99.999 -99.999 -99.999 -99.999 -99.999 -99.999 -99.999 3.474 1.474 3.474 -99.999 1.474 3.474 -99.999 3.474 -99.999 -99.999 -99.999 -99.999
316 D -99.999 -99.999 -99.999 8.644 -99.999 -99.999 -99.999 -99.999 -99.999 -99.999 -99.999 -99.999 -99.999 -99.999 -99.999 -99.999 -99.999 -99.999 -99.999 -99.999
317 F -99.999 -99.999 -99.999 -99.999 -99.999 -99.999 -99.999 -99.999 -99.999 -99.999 -99.999 -99.999 -99.999 8.644 -99.999 -99.999 -99.999 -99.999 -99.999 -99.999
318 G -99.999 -99.999 -99.999 -99.999 -99.999 -99.999 -99.999 7.474 -99.999 -99.999 -99.999 3.474 -99.999 -99.999 -99.999 3.474 -99.999 -99.999 -99.999 -99.999
319 L 3.474 -99.999 -99.999 -99.999 -99.999 -99.999 -99.999 -99.999 3.474 3.474 5.474 -99.999 -99.999 -99.999 -99.999 3.474 -99.999 -99.999 -99.999 -99.999
320 L -99.999 -99.999 -99.999 -99.999 -99.999 -99.999 -99.999 3.474 -99.999 -99.999 5.474 -99.999 -99.999 -99.999 -99.999 -99.999 3.474 -99.999 -99.999 5.474
321 G -99.999 -99.999 -99.999 -99.999 -99.999 -99.999 -99.999 8.644 -99.999 -99.999 -99.999 -99.999 -99.999 -99.999 -99.999 -99.999 -99.999 -99.999 -99.999 -99.999
322 V -99.999 -99.999 -99.999 -99.999 -99.999 -99.999 -99.999 -99.999 -99.999 -99.999 -99.999 -99.999 -99.999 -99.999 -99.999 -99.999 -99.999 -99.999 -99.999 8.644
323 F -99.999 -99.999 -99.999 -99.999 -99.999 -99.999 -99.999 -99.999 -99.999 -99.999 4.644 -99.999 -99.999 6.118 -99.999 3.474 -99.999 -99.999 -99.999 3.474
324 F -99.999 -99.999 -99.999 -99.999 -99.999 -99.999 -99.999 -99.999 -99.999 1.474 3.474 -99.999 -99.999 6.644 -99.999 3.474 -99.999 -99.999 -99.999 1.474
325 G 3.474 -99.999 -99.999 -99.999 -99.999 -99.999 -99.999 6.644 -99.999 -99.999 -99.999 -99.999 -99.999 5.474 -99.999 -99.999 -99.999 -99.999 -99.999 -99.999
326 A 8.118 -99.999 -99.999 -99.999 -99.999 -99.999 -99.999 -99.999 -99.999 -99.999 -99.999 -99.999 -99.999 -99.999 -99.999 3.474 -99.999 -99.999 -99.999 -99.999
327 V -99.999 -99.999 -99.999 -99.999 -99.999 -99.999 -99.999 -99.999 -99.999 -99.999 5.474 -99.999 -99.999 -99.999 -99.999 -99.999 -99.999 -99.999 -99.999 7.474
328 F -99.999 -99.999 -99.999 -99.999 -99.999 -99.999 -99.999 -99.999 -99.999 3.474 -99.999 -99.999 -99.999 7.474 -99.999 -99.999 -99.999 -99.999 -99.999 3.474
329 Y -99.999 -99.999 -99.999 -99.999 -99.999 -99.999 -99.999 -99.999 -99.999 -99.999 -99.999 -99.999 -99.999 -99.999 -99.999 -99.999 -99.999 3.474 8.118 -99.999
330 G -99.999 -99.999 -99.999 -99.999 -99.999 -99.999 -99.999 8.644 -99.999 -99.999 -99.999 -99.999 -99.999 -99.999 -99.999 -99.999 -99.999 -99.999 -99.999 -99.999
331 L -99.999 -99.999 -99.999 -99.999 3.474 -99.999 -99.999 -99.999 -99.999 5.474 6.644 -99.999 -99.999 -99.999 -99.999 -99.999 -99.999 -99.999 -99.999 -99.999
332 F -99.999 -99.999 -99.999 -99.999 -99.999 -99.999 -99.999 -99.999 -99.999 3.474 -99.999 -99.999 -99.999 7.474 -99.999 -99.999 -99.999 -99.999 -99.999 3.474
333 F -99.999 -99.999 -99.999 -99.999 -99.999 -99.999 -99.999 -99.999 -99.999 -99.999 -99.999 -99.999 -99.999 8.644 -99.999 -99.999 -99.999 -99.999 -99.999 -99.999
334 G -99.999 -99.999 -99.999 -99.999 -99.999 -99.999 -99.999 7.474 -99.999 -99.999 -99.999 -99.999 -99.999 -99.999 -99.999 5.474 -99.999 -99.999 -99.999 -99.999
335 L 3.474 -99.999 -99.999 -99.999 -99.999 -99.999 -99.999 3.474 -99.999 -99.999 6.644 -99.999 -99.999 3.474 -99.999 -99.999 -99.999 -99.999 -99.999 -99.999
336 L -99.999 -99.999 -99.999 -99.999 -99.999 -99.999 -99.999 -99.999 -99.999 3.474 7.474 -99.999 -99.999 -99.999 -99.999 -99.999 -99.999 -99.999 -99.999 3.474
337 Y -99.999 -99.999 -99.999 -99.999 -99.999 -99.999 -99.999 -99.999 3.474 -99.999 -99.999 -99.999 -99.999 3.474 -99.999 -99.999 -99.999 -99.999 7.474 -99.999
338 R -99.999 5.474 -99.999 -99.999 -99.999 -99.999 -99.999 -99.999 3.474 -99.999 3.474 3.474 -99.999 -99.999 -99.999 -99.999 -99.999 -99.999 3.474 -99.999
339 L 3.474 -99.999 -99.999 -99.999 -99.999 -99.999 -99.999 3.474 -99.999 -99.999 5.474 -99.999 -99.999 5.474 -99.999 -99.999 -99.999 -99.999 -99.999 -99.999
340 A 6.644 -99.999 -99.999 -99.999 -99.999 -99.999 -99.999 3.474 -99.999 -99.999 -99.999 -99.999 -99.999 -99.999 -99.999 3.474 -99.999 -99.999 -99.999 3.474
341 L 3.474 3.474 3.474 -99.999 -99.999 -99.999 -99.999 -99.999 -99.999 3.474 5.474 -99.999 -99.999 -99.999 -99.999 -99.999 -99.999 -99.999 -99.999 -99.999
342 K 3.474 -99.999 -99.999 -99.999 -99.999 -99.999 -99.999 -99.999 -99.999 -99.999 -99.999 5.474 -99.999 3.474 -99.999 3.474 -99.999 -99.999 3.474 -99.999
343 G -99.999 5.474 -99.999 -99.999 -99.999 -99.999 -99.999 6.644 -99.999 -99.999 -99.999 3.474 -99.999 -99.999 -99.999 -99.999 -99.999 -99.999 -99.999 -99.999
344 R -99.999 6.644 3.474 -99.999 -99.999 -99.999 -99.999 -99.999 -99.999 -99.999 -99.999 -99.999 -99.999 -99.999 -99.999 3.474 -99.999 -99.999 3.474 -99.999
345 Q -99.999 3.474 -99.999 -99.999 -99.999 5.474 -99.999 -99.999 -99.999 -99.999 -99.999 -99.999 -99.999 -99.999 3.474 -99.999 3.474 -99.999 -99.999 3.474
346 L -99.999 -99.999 -99.999 -99.999 -99.999 -99.999 -99.999 -99.999 -99.999 3.474 5.474 -99.999 3.474 5.474 -99.999 -99.999 -99.999 -99.999 -99.999 -99.999
347 A 6.644 -99.999 -99.999 -99.999 -99.999 -99.999 -99.999 -99.999 -99.999 -99.999 -99.999 -99.999 -99.999 3.474 3.474 -99.999 -99.999 -99.999 3.474 -99.999
348 L -99.999 -99.999 -99.999 -99.999 -99.999 -99.999 -99.999 -99.999 -99.999 4.644 7.474 -99.999 1.474 -99.999 -99.999 -99.999 -99.999 -99.999 -99.999 -99.999
349 M 3.474 -99.999 -99.999 -99.999 -99.999 -99.999 -99.999 -99.999 -99.999 3.474 -99.999 -99.999 5.474 3.474 -99.999 -99.999 3.474 -99.999 -99.999 -99.999
350 L -99.999 -99.999 -99.999 -99.999 -99.999 -99.999 -99.999 -99.999 -99.999 3.474 7.474 -99.999 -99.999 -99.999 -99.999 -99.999 -99.999 -99.999 -99.999 3.474
351 Y -99.999 -99.999 -99.999 -99.999 -99.999 -99.999 -99.999 -99.999 -99.999 -99.999 -99.999 -99.999 -99.999 -99.999 -99.999 -99.999 -99.999 -99.999 8.644 -99.999
352 A 5.474 -99.999 -99.999 -99.999 -99.999 -99.999 -99.999 3.474 -99.999 -99.999 -99.999 -99.999 -99.999 3.474 -99.999 3.474 -99.999 -99.999 -99.999 3.474
353 G -99.999 -99.999 -99.999 -99.999 -99.999 -99.999 -99.999 6.644 -99.999 3.474 -99.999 -99.999 -99.999 -99.999 -99.999 -99.999 -99.999 -99.999 -99.999 5.474
354 L -99.999 -99.999 -99.999 -99.999 -99.999 -99.999 -99.999 -99.999 -99.999 -99.999 6.644 -99.999 -99.999 5.474 -99.999 -99.999 -99.999 -99.999 3.474 -99.999
355 S 3.474 -99.999 -99.999 -99.999 -99.999 -99.999 -99.999 -99.999 -99.999 4.644 4.644 -99.999 -99.999 -99.999 -99.999 5.474 -99.999 -99.999 -99.999 -99.999
356 M -99.999 -99.999 -99.999 -99.999 -99.999 -99.999 -99.999 -99.999 -99.999 3.474 -99.999 -99.999 5.474 -99.999 3.474 3.474 -99.999 -99.999 -99.999 3.474
357 V 5.474 -99.999 -99.999 -99.999 -99.999 -99.999 -99.999 -99.999 -99.999 -99.999 -99.999 -99.999 -99.999 -99.999 -99.999 -99.999 -99.999 -99.999 3.474 6.644
358 L -99.999 -99.999 -99.999 -99.999 -99.999 -99.999 -99.999 -99.999 -99.999 -99.999 8.118 -99.999 -99.999 -99.999 -99.999 -99.999 -99.999 -99.999 -99.999 3.474
359 F -99.999 -99.999 -99.999 -99.999 -99.999 -99.999 -99.999 -99.999 -99.999 3.474 -99.999 -99.999 -99.999 7.474 -99.999 -99.999 -99.999 -99.999 -99.999 3.474
360 G 3.474 -99.999 -99.999 -99.999 -99.999 -99.999 -99.999 5.474 -99.999 -99.999 3.474 -99.999 -99.999 -99.999 -99.999 -99.999 5.474 -99.999 -99.999 -99.999
361 Q -99.999 -99.999 -99.999 -99.999 -99.999 8.118 -99.999 -99.999 -99.999 -99.999 -99.999 -99.999 -99.999 -99.999 -99.999 3.474 -99.999 -99.999 -99.999 -99.999
362 F -99.999 -99.999 -99.999 -99.999 -99.999 -99.999 -99.999 -99.999 -99.999 -99.999 -99.999 -99.999 -99.999 8.644 -99.999 -99.999 -99.999 -99.999 -99.999 -99.999
363 F -99.999 -99.999 -99.999 -99.999 -99.999 -99.999 -99.999 -99.999 -99.999 5.474 -99.999 -99.999 -99.999 7.474 -99.999 -99.999 -99.999 -99.999 -99.999 -99.999
364 G -99.999 -99.999 3.474 -99.999 -99.999 -99.999 -99.999 7.474 -99.999 -99.999 -99.999 -99.999 -99.999 -99.999 -99.999 -99.999 -99.999 -99.999 -99.999 3.474
365 E -99.999 -99.999 -99.999 3.474 -99.999 -99.999 8.118 -99.999 -99.999 -99.999 -99.999 -99.999 -99.999 -99.999 -99.999 -99.999 -99.999 -99.999 -99.999 -99.999
366 F -99.999 -99.999 -99.999 -99.999 -99.999 -99.999 -99.999 3.474 -99.999 3.474 3.474 -99.999 -99.999 5.474 -99.999 3.474 -99.999 -99.999 -99.999 -99.999
367 L -99.999 -99.999 -99.999 -99.999 -99.999 -99.999 -99.999 -99.999 -99.999 3.474 6.644 -99.999 -99.999 5.474 -99.999 -99.999 -99.999 -99.999 -99.999 -99.999
368 F -99.999 -99.999 -99.999 -99.999 -99.999 -99.999 -99.999 -99.999 -99.999 3.474 -99.999 -99.999 -99.999 8.118 -99.999 -99.999 -99.999 -99.999 -99.999 -99.999
369 M -99.999 -99.999 -99.999 -99.999 -99.999 -99.999 -99.999 -99.999 -99.999 -99.999 -99.999 -99.999 5.474 -99.999 -99.999 5.474 5.474 -99.999 -99.999 -99.999
370 M -99.999 -99.999 -99.999 -99.999 -99.999 -99.999 -99.999 -99.999 -99.999 -99.999 3.474 -99.999 5.474 -99.999 -99.999 -99.999 -99.999 -99.999 3.474 5.474
371 L -99.999 -99.999 -99.999 -99.999 -99.999 -99.999 -99.999 -99.999 -99.999 -99.999 7.474 -99.999 -99.999 5.474 -99.999 -99.999 -99.999 -99.999 -99.999 -99.999
372 S -99.999 -99.999 -99.999 -99.999 -99.999 -99.999 -99.999 -99.999 -99.999 -99.999 -99.999 -99.999 -99.999 -99.999 -99.999 8.644 -99.999 -99.999 -99.999 -99.999
373 G 3.474 -99.999 -99.999 -99.999 -99.999 -99.999 -99.999 6.644 -99.999 -99.999 4.644 -99.999 -99.999 1.474 -99.999 -99.999 -99.999 -99.999 -99.999 -99.999
374 N -99.999 -99.999 6.644 -99.999 -99.999 3.474 -99.999 -99.999 5.474 -99.999 -99.999 -99.999 -99.999 -99.999 -99.999 -99.999 -99.999 -99.999 -99.999 -99.999
375 L -99.999 -99.999 -99.999 -99.999 -99.999 -99.999 -99.999 -99.999 -99.999 5.474 7.474 -99.999 -99.999 -99.999 -99.999 -99.999 -99.999 -99.999 -99.999 -99.999
376 Q -99.999 -99.999 -99.999 -99.999 -99.999 8.644 -99.999 -99.999 -99.999 -99.999 -99.999 -99.999 -99.999 -99.999 -99.999 -99.999 -99.999 -99.999 -99.999 -99.999
377 F 3.474 -99.999 -99.999 -99.999 -99.999 -99.999 -99.999 -99.999 -99.999 3.474 -99.999 -99.999 3.474 5.474 -99.999 -99.999 -99.999 -99.999 -99.999 3.474
378 T -99.999 -99.999 -99.999 -99.999 -99.999 -99.999 -99.999 -99.999 -99.999 -99.999 3.474 -99.999 -99.999 3.474 -99.999 -99.999 5.474 -99.999 -99.999 5.474
379 L -99.999 -99.999 -99.999 -99.999 -99.999 -99.999 -99.999 -99.999 -99.999 5.474 6.644 -99.999 -99.999 3.474 -99.999 -99.999 -99.999 -99.999 -99.999 -99.999
380 A 6.644 -99.999 -99.999 -99.999 5.474 -99.999 -99.999 -99.999 -99.999 -99.999 -99.999 -99.999 -99.999 -99.999 -99.999 -99.999 -99.999 3.474 -99.999 -99.999
381 A 5.474 -99.999 -99.999 -99.999 -99.999 -99.999 -99.999 -99.999 -99.999 3.474 5.474 -99.999 -99.999 -99.999 -99.999 -99.999 -99.999 -99.999 -99.999 3.474
382 V -99.999 -99.999 -99.999 -99.999 -99.999 -99.999 -99.999 -99.999 -99.999 -99.999 5.474 -99.999 -99.999 -99.999 -99.999 -99.999 -99.999 -99.999 -99.999 7.474
383 L 3.474 -99.999 -99.999 -99.999 -99.999 -99.999 -99.999 -99.999 -99.999 1.474 5.474 -99.999 -99.999 3.474 -99.999 -99.999 -99.999 -99.999 -99.999 4.644
384 I -99.999 -99.999 -99.999 -99.999 -99.999 -99.999 -99.999 -99.999 -99.999 7.474 3.474 -99.999 -99.999 -99.999 -99.999 -99.999 -99.999 -99.999 -99.999 3.474
385 F -99.999 -99.999 -99.999 -99.999 -99.999 -99.999 -99.999 -99.999 3.474 -99.999 -99.999 -99.999 -99.999 5.474 -99.999 3.474 3.474 -99.999 3.474 -99.999
386 F 3.474 -99.999 -99.999 -99.999 -99.999 -99.999 -99.999 3.474 -99.999 3.474 3.474 -99.999 -99.999 5.474 -99.999 -99.999 -99.999 -99.999 -99.999 -99.999
387 I -99.999 -99.999 -99.999 -99.999 -99.999 -99.999 -99.999 -99.999 -99.999 6.644 6.644 -99.999 -99.999 -99.999 -99.999 -99.999 -99.999 -99.999 -99.999 -99.999
388 S 3.474 -99.999 -99.999 -99.999 -99.999 -99.999 -99.999 -99.999 -99.999 -99.999 -99.999 -99.999 3.474 -99.999 -99.999 7.474 -99.999 -99.999 -99.999 -99.999
389 R -99.999 7.474 -99.999 -99.999 -99.999 -99.999 -99.999 -99.999 -99.999 -99.999 3.474 -99.999 -99.999 -99.999 -99.999 -99.999 3.474 -99.999 -99.999 -99.999
390 R -99.999 7.474 -99.999 -99.999 -99.999 -99.999 3.474 -99.999 -99.999 -99.999 -99.999 3.474 -99.999 -99.999 -99.999 -99.999 -99.999 -99.999 -99.999 -99.999
391 V 3.474 -99.999 -99.999 -99.999 -99.999 -99.999 -99.999 -99.999 -99.999 -99.999 -99.999 3.474 -99.999 -99.999 -99.999 3.474 3.474 -99.999 -99.999 5.474
392 K -99.999 -99.999 -99.999 3.474 -99.999 -99.999 -99.999 -99.999 -99.999 -99.999 -99.999 5.474 -99.999 -99.999 3.474 -99.999 3.474 -99.999 3.474 -99.999
393 A 6.0 -99.999 -99.999 -99.999 -99.999 -99.999 -99.999 -99.999 -99.999 -99.999 4.0 -99.999 -99.999 -99.999 4.0 -99.999 -99.999 -99.999 4.0 -99.999
394 A 6.644 -99.999 -99.999 -99.999 -99.999 -99.999 6.644 -99.999 -99.999 -99.999 -99.999 -99.999 -99.999 -99.999 -99.999 -99.999 -99.999 -99.999 -99.999 -99.999
395 K -99.999 -99.999 -99.999 -99.999 -99.999 -99.999 -99.999 -99.999 -99.999 -99.999 -99.999 6.644 -99.999 -99.999 -99.999 -99.999 -99.999 -99.999 -99.999 6.644
396 G -99.999 -99.999 -99.999 -99.999 -99.999 -99.999 -99.999 6.644 -99.999 -99.999 -99.999 -99.999 -99.999 -99.999 -99.999 -99.999 -99.999 -99.999 -99.999 6.644
397 P -99.999 -99.999 -99.999 -99.999 -99.999 -99.999 -99.999 -99.999 4.644 -99.999 -99.999 -99.999 -99.999 -99.999 7.814 -99.999 -99.999 -99.999 -99.999 -99.999
398 Q -99.999 -99.999 -99.999 -99.999 -99.999 6.644 -99.999 -99.999 -99.999 -99.999 -99.999 -99.999 -99.999 -99.999 6.644 -99.999 -99.999 -99.999 -99.999 -99.999
399 R -99.999 6.644 -99.999 -99.999 -99.999 -99.999 -99.999 -99.999 -99.999 -99.999 6.644 -99.999 -99.999 -99.999 -99.999 -99.999 -99.999 -99.999 -99.999 -99.999
400 R -99.999 6.644 -99.999 -99.999 -99.999 -99.999 -99.999 6.644 -99.999 -99.999 -99.999 -99.999 -99.999 -99.999 -99.999 -99.999 -99.999 -99.999 -99.999 -99.999
401 E -99.999 -99.999 -99.999 -99.999 -99.999 -99.999 6.644 -99.999 -99.999 -99.999 -99.999 -99.999 -99.999 -99.999 -99.999 6.644 -99.999 -99.999 -99.999 -99.999
402 N -99.999 -99.999 5.474 -99.999 -99.999 -99.999 -99.999 -99.999 3.474 -99.999 -99.999 -99.999 -99.999 -99.999 -99.999 3.474 -99.999 -99.999 -99.999 5.474
403 D -99.999 -99.999 -99.999 5.474 5.474 -99.999 -99.999 -99.999 -99.999 -99.999 -99.999 -99.999 -99.999 -99.999 -99.999 5.474 -99.999 -99.999 -99.999 -99.999