#Seq2Logo.py -f /work3/idamei/ssn-clusterings/clustering/2205110921/clusters/0004_728/sequences.afa -o /work3/idamei/ssn-clusterings/clustering/2205110921/clusters/0004_728/sequences.logo
Last position-specific scoring matrix computed, values are in halfbits
A R N D C Q E G H I L K M F P S T W Y V
0 L -1.109 -1.412 -2.388 -2.842 -0.197 -1.08 -2.382 -2.612 -0.997 1.575 2.107 -1.481 5.752 0.439 -3.271 -2.045 -1.074 -1.335 -0.861 0.961
1 T -0.639 0.181 2.646 -0.219 -0.748 -0.397 -0.733 -1.019 -0.378 -1.141 -1.777 1.72 -1.068 -2.067 -1.916 0.147 2.783 -2.482 -1.842 -0.785
2 F -1.381 -1.434 2.34 -0.926 -1.124 -1.605 -1.836 -1.613 0.519 -0.696 -0.883 -1.381 -0.703 3.589 -2.87 -0.843 1.285 0.244 3.617 -0.815
3 H -1.42 -0.31 3.232 0.793 -2.2 0.323 2.192 -1.167 5.274 -2.727 -2.821 -0.079 -1.716 -1.849 -2.395 -0.783 -1.251 -2.215 -0.227 -2.568
4 A 1.115 -0.11 -0.889 -1.521 -0.705 -0.647 -0.985 -1.248 4.374 1.413 -0.595 1.509 -0.338 -1.133 -2.27 -1.027 -1.16 -2.153 -0.41 0.37
5 F -0.932 -2.065 -1.699 -2.274 -0.657 -2.421 -2.428 -2.011 -1.056 0.449 1.601 -2.078 0.558 4.818 -3.24 0.16 -0.979 -0.281 1.486 -0.189
6 S 1.082 -0.727 0.511 -0.234 0.087 -0.555 -0.541 -0.092 -0.446 -1.897 -2.314 -0.271 -1.172 -1.929 -1.461 3.212 1.025 -2.535 -1.741 -1.278
7 K -0.81 3.083 -0.311 -1.014 -1.376 0.327 -0.275 -1.545 -0.425 -1.64 -1.876 3.28 -1.063 -2.399 -1.938 -0.528 1.375 -2.403 -1.792 -1.321
8 A 1.571 -1.276 -0.689 -1.351 -0.117 -1.19 -1.357 -0.769 0.11 -0.909 -1.383 -0.923 -0.837 0.501 -1.927 1.195 1.705 -0.383 3.139 -0.428
9 E -0.894 0.189 2.452 0.223 -1.283 0.083 1.653 -1.45 -0.155 0.05 -1.299 1.79 -0.853 -1.897 -2.302 -0.946 -0.825 -2.592 -1.776 1.003
10 W -1.196 -1.806 -2.164 -1.224 -0.904 -1.155 1.096 -2.658 -1.299 2.224 0.065 -1.412 0.024 -0.152 -3.262 -2.222 -1.3 6.734 -0.088 1.958
11 S 0.668 -1.039 0.025 -0.554 -0.269 -0.884 -0.816 -0.482 -0.736 -2.036 -2.457 -0.489 -1.475 -2.262 3.157 2.703 0.548 -2.963 -1.98 -1.515
12 L -1.165 -0.287 -1.373 -1.954 -0.915 -1.077 -1.49 -2.015 -1.211 -0.077 1.081 1.36 0.127 -0.2 -2.755 -1.205 1.229 6.741 -0.097 -0.404
13 P -0.095 -0.013 -0.362 -0.877 -0.694 -0.551 -0.736 -1.111 -0.9 -1.541 -2.05 1.694 -1.29 -2.363 3.137 1.07 1.692 -2.854 -1.976 -1.168
14 G -0.448 -1.858 -0.96 -1.731 -1.033 -1.903 -2.075 2.415 0.164 -1.161 -1.17 -1.612 -0.935 3.566 -2.839 0.45 -0.998 0.254 3.584 -1.316
15 L 1.045 -0.415 -1.811 -2.119 -0.549 -1.252 -1.539 -1.449 -1.083 0.202 1.358 1.325 0.349 3.152 -2.57 -1.28 -1.306 -1.109 0.335 -0.135
16 L -1.527 -2.418 -3.366 -3.532 -0.179 -2.801 -3.425 -3.435 -2.436 2.884 3.64 -2.555 1.911 0.662 -3.608 -3.166 -1.474 -1.804 -1.14 1.625
17 L 0.249 -1.457 -0.811 -1.438 0.06 -1.443 -1.582 -1.275 -1.364 1.089 1.345 -1.192 0.469 -0.65 -2.302 1.691 0.162 -2.288 -1.476 1.617
18 A 2.621 -1.374 -1.067 -1.523 0.044 -1.243 -1.338 -0.331 0.14 -1.086 -1.454 -0.938 -0.927 0.471 -1.868 1.144 -0.307 -0.416 3.137 -0.456
19 L -1.486 -2.636 -3.341 -3.421 -0.179 -2.939 -3.518 -3.459 -2.534 3.573 3.116 -2.605 1.705 0.513 -3.583 -3.146 -1.345 -1.934 -1.197 2.086
20 L -1.11 -2.72 -3.228 -3.309 -0.048 -2.925 -3.403 -3.344 -2.683 3.745 2.35 -2.582 1.388 0.222 -3.47 -2.904 -1.046 -2.117 -1.255 2.939
21 L 1.231 -1.898 -1.82 -2.21 0.117 -1.965 -2.246 -1.529 -1.875 2.195 1.696 -1.595 0.738 -0.399 -2.429 -0.74 1.442 -2.129 -1.464 1.279
22 I -1.405 -3.129 -3.291 -3.209 -0.179 -3.238 -3.715 -3.508 -2.74 4.595 1.648 -2.707 1.243 0.189 -3.533 -3.105 -1.103 -2.213 -1.314 2.832
23 K -0.855 2.065 -0.297 -0.751 -2.006 0.778 0.285 -1.371 -0.272 -2.151 -2.269 4.562 -1.252 -2.834 -1.715 -0.91 -1.111 -2.578 -1.817 -2.027
24 I -1.445 -2.872 -3.316 -3.313 -0.179 -3.085 -3.615 -3.483 -2.635 4.129 2.474 -2.656 1.483 0.356 -3.558 -3.125 -1.222 -2.07 -1.255 2.483
25 L -1.415 -2.639 -3.157 -3.519 5.948 -3.131 -3.522 -2.935 -2.018 1.085 2.68 -2.848 1.116 3.366 -3.71 -2.709 -1.715 -1.06 0.329 0.4
26 G 0.061 -2.386 -0.468 -1.351 -1.349 -2.224 -2.651 5.836 -1.505 -3.244 -3.489 -1.679 -2.695 -2.707 -2.808 -1.031 -1.948 -2.469 -3.177 -2.893
27 A 2.492 -2.087 -2.318 -2.364 0.378 -2.025 -2.145 -0.922 -1.93 2.413 0.273 -1.597 0.224 -0.855 -2.286 -0.728 -0.608 -2.39 -1.539 2.35
28 F 0.889 -2.333 -2.643 -2.904 -0.449 -2.75 -2.757 -1.771 -1.264 0.589 1.677 -2.324 0.602 4.82 -3.24 -1.747 -1.598 -0.269 1.486 0.108
29 F -2.363 -2.925 -2.889 -3.343 -1.403 -3.893 -3.511 -2.903 -0.857 0.248 0.536 -3.333 0.173 6.559 -4.477 -3.059 -2.399 0.823 2.902 -0.536
30 A 3.986 -1.512 -1.691 -1.716 0.651 -1.349 -1.327 0.345 -1.24 -0.859 -1.35 -0.877 -0.902 -1.877 -1.504 0.426 -0.451 -2.469 -1.784 0.11
31 L -0.47 -1.675 -1.294 -1.991 0.085 -1.789 -2.138 -2.13 -1.974 1.465 1.558 -1.525 0.668 -0.53 -2.44 -0.548 2.753 -2.117 -1.453 1.958
32 L -1.439 -1.079 -1.178 -0.879 -1.081 -0.549 1.319 -2.526 4.386 0.49 2.348 -0.978 0.826 -0.163 -2.897 -2.017 -1.681 -1.793 -0.265 -0.207
33 V -0.777 -2.806 -3.12 -3.201 0.077 -2.91 -3.292 -3.234 -2.84 3.907 1.306 -2.558 1.031 -0.102 -3.362 -2.682 -0.775 -2.313 -1.314 3.596
34 F -2.363 -2.925 -2.889 -3.343 -1.403 -3.893 -3.511 -2.903 -0.857 0.248 0.536 -3.333 0.173 6.559 -4.477 -3.059 -2.399 0.823 2.902 -0.536
35 A 3.483 -1.308 -0.982 -1.284 0.511 -1.142 -1.122 0.232 -1.033 -1.093 -1.571 -0.726 -0.977 -1.9 -1.504 1.48 -0.02 -2.496 -1.784 -0.187
36 R -1.369 5.006 -0.441 -1.358 -2.215 0.564 -0.345 -1.939 -0.012 -2.51 -2.108 2.876 -1.252 -2.581 -2.443 -1.294 -1.385 -2.338 -1.805 -2.149
37 F -2.09 -2.311 -2.498 -3.193 -1.585 -2.669 -2.897 -2.932 0.967 -0.242 -0.108 -2.529 -0.235 5.372 -3.866 -2.747 -2.255 1.643 5.397 -0.762
38 T 0.509 -0.94 0.168 -0.635 0.069 -0.853 -0.966 -0.682 -0.926 -0.975 -1.652 -0.555 -0.869 -1.785 -1.608 2.319 3.116 -2.39 -1.759 -0.461
39 P -0.865 -2.042 -1.962 -1.592 -1.486 -1.962 -1.651 -1.881 -1.636 -2.346 -2.779 -1.093 -2.432 -3.364 6.692 -1.48 -1.377 -4.578 -2.664 -2.19
40 L -1.569 -2.215 -3.391 -3.649 -0.179 -2.669 -3.334 -3.411 -2.342 1.976 4.084 -2.507 2.104 0.804 -3.633 -3.187 -1.609 -1.679 -1.085 1.077
41 V -0.475 -2.221 -2.028 -2.491 0.141 -2.29 -2.614 -2.586 -2.444 3.045 0.76 -1.986 0.646 -0.499 -2.82 -1.353 1.556 -2.313 -1.413 3.244
42 D -1.806 -1.617 1.17 5.875 -2.401 -0.901 1.022 -1.152 -0.565 -2.754 -3.52 -0.858 -2.726 -2.948 -2.318 -0.981 -1.441 -3.56 -3.072 -2.893
43 S 2.1 -0.938 0.061 -0.575 0.208 -0.768 -0.752 -0.007 -0.659 -1.629 -2.07 -0.444 -1.134 -1.948 -1.504 2.858 0.685 -2.55 -1.784 -0.891
44 N 1.091 0.244 3.98 0.282 -1.033 -0.315 -0.577 -0.283 0.229 -2.014 -2.392 1.769 -1.577 -2.359 -2.068 -0.156 -0.617 -2.749 -1.945 -1.535
45 L -1.635 -2.107 -3.029 -3.487 -0.504 -2.43 -3.068 -3.292 -0.481 1.489 3.418 -2.343 1.615 1.665 -3.563 -2.989 -1.728 -0.088 3.243 0.68
46 Y -1.841 -1.806 -2.154 -3.051 -1.78 -1.812 -2.392 -2.961 2.076 -0.832 -0.939 -1.902 -0.711 3.32 -3.362 -2.466 -2.118 2.28 6.714 -1.008
47 L -1.569 -2.215 -3.391 -3.649 -0.179 -2.669 -3.334 -3.411 -2.342 1.976 4.084 -2.507 2.104 0.804 -3.633 -3.187 -1.609 -1.679 -1.085 1.077
48 S 0.226 0.235 0.189 -0.331 -0.781 3.372 0.551 -0.74 0.191 -2.1 -2.183 0.537 -0.797 -2.435 -1.822 1.975 0.157 -2.39 -1.539 -1.558
49 G -0.287 -1.765 2.576 -0.45 -1.472 -1.708 -2.048 5.123 -0.675 -3.11 -3.409 -1.276 -2.56 -2.628 -2.759 -0.783 -1.505 -2.592 -2.867 -2.814
50 Y -1.334 -2.194 -1.771 -2.582 -1.571 -2.321 -2.702 2.222 0.889 -0.914 -0.881 -2.135 -0.813 4.075 -3.441 -2.153 -2.141 1.247 5.117 -1.234
51 Y -1.64 -1.702 -2.211 -2.997 -1.296 -1.611 -2.389 -2.869 1.56 -0.019 0.17 -1.791 2.552 2.824 -3.339 -2.355 -1.82 1.712 5.953 -0.376
52 A 1.482 -0.045 -0.727 -1.267 -0.549 -0.57 -0.841 -0.771 0.313 -1.383 -1.665 1.62 -1.011 0.379 -1.927 0.928 -0.451 -0.429 3.136 -0.956
53 L -1.542 -2.45 -1.417 2.209 -0.595 -2.337 -1.607 -2.698 -1.943 3.218 1.983 -2.081 0.939 -0.135 -3.2 -2.427 -1.306 -2.338 -1.597 1.678
54 D -1.566 -1.175 0.856 5.248 -2.411 -0.167 2.381 -1.338 -0.303 -2.763 -3.302 -0.402 -2.46 -2.867 -2.21 -0.94 -1.413 -3.228 -2.743 -2.692
55 P 1.394 -1.978 -1.45 -1.56 -0.759 -1.855 -1.779 2.564 -1.5 -2.066 -2.489 -1.17 -2.021 -2.761 4.826 -0.777 -1.237 -3.335 -2.528 -1.545
56 A 2.482 -1.906 -2.335 -2.441 0.378 -1.923 -2.087 -0.912 -1.851 1.31 1.507 -1.562 0.56 -0.619 -2.302 -0.737 -0.708 -2.238 -1.476 1.933
57 L -1.569 -2.215 -3.391 -3.649 -0.179 -2.669 -3.334 -3.411 -2.342 1.976 4.084 -2.507 2.104 0.804 -3.633 -3.187 -1.609 -1.679 -1.085 1.077
58 R -1.563 5.563 -0.491 -1.592 -2.288 0.489 -0.589 -2.157 0.07 -2.64 -2.056 1.99 -1.252 -2.501 -2.733 -1.435 -1.482 -2.263 -1.801 -2.19
59 T -0.141 -1.121 -0.167 -1.043 0.093 -1.131 -1.406 -1.357 -1.441 -0.253 -1.085 -0.819 -0.56 -1.609 -1.715 0.676 4.329 -2.213 -1.735 0.201
60 R -1.229 4.019 -0.363 -0.223 -2.233 2.517 2.033 -1.937 0.325 -2.579 -2.201 1.51 -1.138 -2.65 -2.367 -1.101 -1.318 -2.288 -1.703 -2.085
61 L -1.527 -2.418 -3.366 -3.532 -0.179 -2.801 -3.425 -3.435 -2.436 2.884 3.64 -2.555 1.911 0.662 -3.608 -3.166 -1.474 -1.804 -1.14 1.625
62 I -1.074 -2.963 -3.204 -3.205 -0.048 -3.069 -3.496 -3.367 -2.789 4.271 1.482 -2.632 1.139 0.047 -3.446 -2.886 -0.934 -2.263 -1.314 3.239
63 G -0.972 -0.325 2.697 -0.183 -1.859 1.944 -0.299 2.538 4.577 -2.715 -2.773 -0.206 -1.52 -2.121 -2.584 -0.844 -1.333 -2.238 -0.631 -2.549
64 D -1.529 0.019 0.027 2.493 -2.126 -0.377 -0.15 -1.724 4.652 -1.996 -2.185 1.565 -1.405 0.423 -2.48 -1.427 -1.692 -0.383 3.376 -2.128
65 L -1.486 -2.636 -3.341 -3.421 -0.179 -2.939 -3.518 -3.459 -2.534 3.573 3.116 -2.605 1.705 0.513 -3.583 -3.146 -1.345 -1.934 -1.197 2.086
66 A 3.368 -1.732 -1.959 -2.02 0.57 -1.617 -1.651 -0.196 -1.581 0.677 -0.596 -1.192 -0.373 -1.441 -1.844 -0.054 -0.458 -2.455 -1.659 1.776
67 G -0.377 -2.142 -1.12 -1.755 -0.647 -2.209 -2.323 2.395 -1.279 1.549 -0.213 -1.775 -0.265 3.09 -2.874 0.397 -0.799 -1.211 0.168 0.339
68 F -1.456 -2.197 -2.018 -2.631 -0.641 -2.66 -2.789 -2.533 -1.314 0.689 1.701 -2.3 0.656 4.827 -3.334 -1.611 1.134 -0.238 1.49 0.131
69 L -1.569 -2.215 -3.391 -3.649 -0.179 -2.669 -3.334 -3.411 -2.342 1.976 4.084 -2.507 2.104 0.804 -3.633 -3.187 -1.609 -1.679 -1.085 1.077
70 N -0.731 -0.522 5.025 0.94 -1.263 -0.566 -0.71 -0.171 0.644 -2.519 -2.951 -0.322 -1.914 -2.289 -2.295 1.196 -0.039 -2.885 -2.016 -2.216
71 D -0.779 -1.103 2.748 2.774 -1.342 -0.925 -0.428 -0.906 0.704 -1.954 -2.318 -0.782 -1.603 0.314 -2.373 0.807 -0.521 -0.592 3.076 -1.842
72 L -1.105 -2.081 -2.177 -2.662 -0.108 -2.313 -2.792 -2.765 -2.176 2.585 2.837 -2.025 1.405 0.197 -3.001 -1.637 1.315 -1.934 -1.293 1.465
73 G 0.061 -2.386 -0.468 -1.351 -1.349 -2.224 -2.651 5.836 -1.505 -3.244 -3.489 -1.679 -2.695 -2.707 -2.808 -1.031 -1.948 -2.469 -3.177 -2.893
74 G 0.061 -2.386 -0.468 -1.351 -1.349 -2.224 -2.651 5.836 -1.505 -3.244 -3.489 -1.679 -2.695 -2.707 -2.808 -1.031 -1.948 -2.469 -3.177 -2.893
75 A 2.364 -1.7 -0.906 2.355 -0.087 -1.496 -0.828 -0.616 -1.279 -0.107 1.004 -1.201 -0.055 -1.107 -2.119 -0.502 -0.938 -2.469 -1.847 -0.075
76 F -2.09 -2.311 -2.498 -3.193 -1.585 -2.669 -2.897 -2.932 0.967 -0.242 -0.108 -2.529 -0.235 5.372 -3.866 -2.747 -2.255 1.643 5.397 -0.762
77 F -2.363 -2.925 -2.889 -3.343 -1.403 -3.893 -3.511 -2.903 -0.857 0.248 0.536 -3.333 0.173 6.559 -4.477 -3.059 -2.399 0.823 2.902 -0.536
78 A 3.483 -1.308 -0.982 -1.284 0.511 -1.142 -1.122 0.232 -1.033 -1.093 -1.571 -0.726 -0.977 -1.9 -1.504 1.48 -0.02 -2.496 -1.784 -0.187
79 H -1.736 -0.386 0.431 -0.99 -2.363 -0.194 -0.529 -1.726 8.048 -2.69 -2.624 -0.794 -1.29 -0.881 -2.778 -1.608 -2.255 -1.483 1.638 -3.064
80 F -1.503 -2.629 -3.024 -3.377 -0.569 -3.2 -3.309 -3.043 -1.608 1.612 1.964 -2.864 0.928 4.866 -3.893 -2.883 -1.609 -0.263 1.527 1.775
81 I -1.006 -2.456 -2.958 -3.109 -0.053 -2.397 -3.127 -3.127 -2.237 3.693 1.611 -2.282 3.106 0.115 -3.38 -2.603 -0.927 -2.013 -1.193 2.924
82 F -2.363 -2.925 -2.889 -3.343 -1.403 -3.893 -3.511 -2.903 -0.857 0.248 0.536 -3.333 0.173 6.559 -4.477 -3.059 -2.399 0.823 2.902 -0.536
83 G 1.797 -1.682 -0.441 -1.121 -0.367 -1.517 -1.665 4.208 -1.153 -2.144 -2.529 -1.079 -1.76 -2.289 -2.083 1.053 -0.573 -2.496 -2.397 -1.467
84 L -1.569 -2.215 -3.391 -3.649 -0.179 -2.669 -3.334 -3.411 -2.342 1.976 4.084 -2.507 2.104 0.804 -3.633 -3.187 -1.609 -1.679 -1.085 1.077
85 F -1.463 -2.865 -3.002 -3.271 -0.569 -3.36 -3.399 -3.064 -1.681 2.622 0.946 -2.92 0.634 4.832 -3.866 -2.864 -1.474 -0.338 1.504 2.214
86 S 1.039 -0.77 0.468 -0.277 0.044 -0.598 -0.584 -0.135 -0.489 -1.94 -2.357 -0.314 -1.215 -1.972 -1.504 3.359 0.982 -2.578 -1.784 -1.321
87 I -0.292 -1.832 -1.072 -1.644 -0.053 -1.806 -2.025 -1.762 -1.693 2.986 0.446 -1.435 0.376 -0.632 -2.413 0.729 1.717 -2.3 -1.528 1.632
88 A 2.731 -1.512 -1.19 -1.544 0.426 -1.391 -1.423 -0.333 -1.349 0.541 -0.765 -1.024 -0.435 -1.461 -1.844 1.156 -0.027 -2.482 -1.659 1.614
89 G 0.061 -2.386 -0.468 -1.351 -1.349 -2.224 -2.651 5.836 -1.505 -3.244 -3.489 -1.679 -2.695 -2.707 -2.808 -1.031 -1.948 -2.469 -3.177 -2.893
90 L -1.527 -2.418 -3.366 -3.532 -0.179 -2.801 -3.425 -3.435 -2.436 2.884 3.64 -2.555 1.911 0.662 -3.608 -3.166 -1.474 -1.804 -1.14 1.625
91 L -1.66 -2.824 -3.209 -3.347 -0.44 -3.227 -3.564 -3.321 -2.057 3.38 2.296 -2.797 1.27 3.438 -3.768 -3.114 -1.507 -1.011 0.459 1.859
92 Y -1.841 -1.806 -2.154 -3.051 -1.78 -1.812 -2.392 -2.961 2.076 -0.832 -0.939 -1.902 -0.711 3.32 -3.362 -2.466 -2.118 2.28 6.714 -1.008
93 Y -1.963 -2.048 -2.321 -3.121 -1.681 -2.209 -2.634 -2.946 1.575 -0.522 -0.494 -2.199 -0.463 4.524 -3.603 -2.603 -2.186 1.979 6.13 -0.883
94 Y -1.54 -2.396 -2.521 -3.217 5.874 -2.598 -2.982 -2.735 0.76 -0.506 -0.525 -2.492 -0.549 4.092 -3.568 -2.381 -1.967 1.199 5.122 -0.735
95 L 1.097 -2.418 -2.667 -2.926 5.977 -2.678 -2.837 -1.638 -1.733 0.393 1.46 -2.29 0.37 3.18 -2.997 -1.484 -1.367 -1.202 0.232 0.128
96 T -0.077 -0.85 2.724 -0.114 -0.302 -0.841 -1.013 -0.696 -0.433 -1.103 -1.795 -0.558 -1.059 -1.88 -1.857 1.481 2.975 -2.482 -1.834 -0.658
97 G 0.061 -2.386 -0.468 -1.351 -1.349 -2.224 -2.651 5.836 -1.505 -3.244 -3.489 -1.679 -2.695 -2.707 -2.808 -1.031 -1.948 -2.469 -3.177 -2.893
98 G 0.061 -2.386 -0.468 -1.351 -1.349 -2.224 -2.651 5.836 -1.505 -3.244 -3.489 -1.679 -2.695 -2.707 -2.808 -1.031 -1.948 -2.469 -3.177 -2.893
99 R -1.563 5.563 -0.491 -1.592 -2.288 0.489 -0.589 -2.157 0.07 -2.64 -2.056 1.99 -1.252 -2.501 -2.733 -1.435 -1.482 -2.263 -1.801 -2.19
100 R -1.099 3.826 -0.226 -1.371 -2.04 -0.173 -0.966 2.358 4.482 -2.793 -2.5 0.814 -1.561 -2.045 -2.763 -1.369 -1.774 -2.093 -0.672 -2.557
101 W -2.678 -2.411 -3.195 -3.649 -2.363 -2.853 -2.997 -2.394 -1.163 -1.882 -1.679 -2.819 -1.309 1.1 -5.437 -3.383 -2.723 10.639 2.141 -2.256
102 L 1.212 -2.284 -2.747 -2.842 0.173 -2.381 -2.67 -1.879 -2.237 2.777 1.96 -2.027 1.004 -0.168 -2.827 -1.622 -0.872 -2.177 -1.363 2.48
103 I -1.262 -2.913 -3.101 -3.238 -0.297 -3.211 -3.447 -3.212 -2.182 3.563 1.227 -2.772 0.897 3.335 -3.648 -2.875 -1.192 -1.143 0.426 2.772
104 L -1.076 -2.059 -3.002 -3.313 -0.053 -2.171 -2.966 -3.085 -2.063 2.183 3.093 -2.193 3.358 0.447 -3.427 -2.637 -1.154 -1.751 -1.081 2.204
105 L -0.978 -1.962 -1.747 -2.325 -0.819 -2.239 -2.333 -1.911 -1.134 0.075 1.321 -1.989 0.292 3.401 -3.376 0.134 -1.026 6.801 1.199 -0.492
106 F 1.177 -2.02 -2.435 -2.699 -0.061 -2.032 -2.42 -1.657 -1.4 1.351 0.801 -1.881 2.772 3.231 -2.913 -1.419 -1.002 -1.011 0.434 1.833
107 L -1.569 -2.215 -3.391 -3.649 -0.179 -2.669 -3.334 -3.411 -2.342 1.976 4.084 -2.507 2.104 0.804 -3.633 -3.187 -1.609 -1.679 -1.085 1.077
108 L -1.527 -2.418 -3.366 -3.532 -0.179 -2.801 -3.425 -3.435 -2.436 2.884 3.64 -2.555 1.911 0.662 -3.608 -3.166 -1.474 -1.804 -1.14 1.625
109 L -1.748 -2.377 -3.257 -3.569 -0.44 -2.93 -3.377 -3.275 -1.893 1.631 3.522 -2.692 1.729 3.547 -3.822 -3.154 -1.787 -0.824 0.523 0.751
110 P -0.865 -2.042 -1.962 -1.592 -1.486 -1.962 -1.651 -1.881 -1.636 -2.346 -2.779 -1.093 -2.432 -3.364 6.692 -1.48 -1.377 -4.578 -2.664 -2.19
111 S 1.039 -0.77 0.468 -0.277 0.044 -0.598 -0.584 -0.135 -0.489 -1.94 -2.357 -0.314 -1.215 -1.972 -1.504 3.359 0.982 -2.578 -1.784 -1.321
112 S 2.1 -0.938 0.061 -0.575 0.208 -0.768 -0.752 -0.007 -0.659 -1.629 -2.07 -0.444 -1.134 -1.948 -1.504 2.858 0.685 -2.55 -1.784 -0.891
113 L -1.748 -2.377 -3.257 -3.569 -0.44 -2.93 -3.377 -3.275 -1.893 1.631 3.522 -2.692 1.729 3.547 -3.822 -3.154 -1.787 -0.824 0.523 0.751
114 V -0.777 -2.806 -3.12 -3.201 0.077 -2.91 -3.292 -3.234 -2.84 3.907 1.306 -2.558 1.031 -0.102 -3.362 -2.682 -0.775 -2.313 -1.314 3.596
115 W -2.678 -2.411 -3.195 -3.649 -2.363 -2.853 -2.997 -2.394 -1.163 -1.882 -1.679 -2.819 -1.309 1.1 -5.437 -3.383 -2.723 10.639 2.141 -2.256
116 T -0.141 -1.121 -0.167 -1.043 0.093 -1.131 -1.406 -1.357 -1.441 -0.253 -1.085 -0.819 -0.56 -1.609 -1.715 0.676 4.329 -2.213 -1.735 0.201
117 S 1.039 -0.77 0.468 -0.277 0.044 -0.598 -0.584 -0.135 -0.489 -1.94 -2.357 -0.314 -1.215 -1.972 -1.504 3.359 0.982 -2.578 -1.784 -1.321
118 I -1.405 -3.129 -3.291 -3.209 -0.179 -3.238 -3.715 -3.508 -2.74 4.595 1.648 -2.707 1.243 0.189 -3.533 -3.105 -1.103 -2.213 -1.314 2.832
119 V -0.508 -2.657 -3.038 -3.197 0.196 -2.759 -3.101 -3.106 -2.891 3.489 1.118 -2.487 0.919 -0.26 -3.28 -2.491 -0.623 -2.364 -1.314 3.914
120 G 0.339 -1.89 -0.204 -1.043 -0.933 -1.724 -1.98 5.125 -1.215 -2.859 -3.162 -1.273 -2.248 -2.505 -2.423 0.813 -0.895 -2.496 -2.761 -2.413
121 K -0.855 2.065 -0.297 -0.751 -2.006 0.778 0.285 -1.371 -0.272 -2.151 -2.269 4.562 -1.252 -2.834 -1.715 -0.91 -1.111 -2.578 -1.817 -2.027
122 E -0.947 -0.15 -0.367 1.489 -2.44 1.318 4.56 -1.978 0.364 -2.793 -2.731 0.648 -1.782 -2.636 -1.91 -0.819 -1.329 -2.416 -1.936 -2.162
123 A 3.986 -1.512 -1.691 -1.716 0.651 -1.349 -1.327 0.345 -1.24 -0.859 -1.35 -0.877 -0.902 -1.877 -1.504 0.426 -0.451 -2.469 -1.784 0.11
124 L -1.486 -2.636 -3.341 -3.421 -0.179 -2.939 -3.518 -3.459 -2.534 3.573 3.116 -2.605 1.705 0.513 -3.583 -3.146 -1.345 -1.934 -1.197 2.086
125 Y -1.963 -2.048 -2.321 -3.121 -1.681 -2.209 -2.634 -2.946 1.575 -0.522 -0.494 -2.199 -0.463 4.524 -3.603 -2.603 -2.186 1.979 6.13 -0.883
126 F -2.363 -2.925 -2.889 -3.343 -1.403 -3.893 -3.511 -2.903 -0.857 0.248 0.536 -3.333 0.173 6.559 -4.477 -3.059 -2.399 0.823 2.902 -0.536
127 G 0.061 -2.386 -0.468 -1.351 -1.349 -2.224 -2.651 5.836 -1.505 -3.244 -3.489 -1.679 -2.695 -2.707 -2.808 -1.031 -1.948 -2.469 -3.177 -2.893
128 A 2.419 -2.212 -2.248 -2.435 6.005 -2.286 -2.283 -0.747 -1.473 -0.517 -0.696 -1.822 -0.638 2.982 -2.426 -0.626 -1.057 -1.353 0.132 -0.173
129 F -0.833 -1.853 -1.537 -2.133 -0.662 -1.972 -2.229 -1.873 -0.793 0.285 0.601 -1.824 2.678 4.797 -3.156 0.267 -0.863 -0.225 1.51 -0.234
130 G -0.103 -1.508 2.525 -0.485 5.918 -1.475 -1.673 2.62 -0.663 -2.014 -2.372 -1.149 -1.727 -2.27 -2.466 0.87 -0.478 -2.809 -2.418 -1.639
131 L -1.569 -2.215 -3.391 -3.649 -0.179 -2.669 -3.334 -3.411 -2.342 1.976 4.084 -2.507 2.104 0.804 -3.633 -3.187 -1.609 -1.679 -1.085 1.077
132 L -0.351 -2.02 -1.773 -2.225 0.007 -2.09 -2.351 -2.128 -1.949 2.712 1.891 -1.804 0.965 -0.181 -2.827 0.225 -0.379 -2.201 -1.363 2.353
133 L -1.527 -2.418 -3.366 -3.532 -0.179 -2.801 -3.425 -3.435 -2.436 2.884 3.64 -2.555 1.911 0.662 -3.608 -3.166 -1.474 -1.804 -1.14 1.625
134 V -0.262 -2.515 -2.958 -3.193 0.311 -2.616 -2.922 -2.984 -2.943 3.001 0.917 -2.417 0.803 -0.427 -3.2 -2.313 -0.48 -2.416 -1.314 4.2
135 I -1.074 -2.963 -3.204 -3.205 -0.048 -3.069 -3.496 -3.367 -2.789 4.271 1.482 -2.632 1.139 0.047 -3.446 -2.886 -0.934 -2.263 -1.314 3.239
136 W -2.678 -2.411 -3.195 -3.649 -2.363 -2.853 -2.997 -2.394 -1.163 -1.882 -1.679 -2.819 -1.309 1.1 -5.437 -3.383 -2.723 10.639 2.141 -2.256
137 T 0.509 -0.94 0.168 -0.635 0.069 -0.853 -0.966 -0.682 -0.926 -0.975 -1.652 -0.555 -0.869 -1.785 -1.608 2.319 3.116 -2.39 -1.759 -0.461
138 K -1.016 3.404 -0.344 -0.939 -2.074 0.709 0.09 -1.548 -0.182 -2.266 -2.214 4.101 -1.252 -2.747 -1.938 -1.032 -1.199 -2.496 -1.813 -2.067
139 Y -1.963 -2.048 -2.321 -3.121 -1.681 -2.209 -2.634 -2.946 1.575 -0.522 -0.494 -2.199 -0.463 4.524 -3.603 -2.603 -2.186 1.979 6.13 -0.883
140 C -0.367 -2.91 -2.975 -3.317 7.818 -3.019 -3.392 -2.561 -2.961 1.694 0.084 -2.757 0.003 -1.128 -3.217 -1.989 -0.88 -2.809 -1.971 2.727
141 V 1.366 -2.358 -2.655 -2.751 0.289 -2.369 -2.584 -1.812 -2.371 3.001 0.726 -2.008 0.592 -0.542 -2.74 -1.477 -0.616 -2.377 -1.424 3.237
142 D 1.057 -1.152 0.3 4.267 -1.296 -0.249 2.119 -0.857 -0.444 -2.159 -2.635 -0.406 -1.931 -2.568 -1.992 -0.524 -1.134 -2.947 -2.402 -1.666
143 K -1.239 3.057 0.105 2.579 -2.17 0.363 0.306 -1.488 -0.251 -2.411 -2.475 3.277 -1.556 -2.774 -2.089 -1.051 -1.281 -2.705 -2.079 -2.263
144 L 1.033 -2.023 -2.863 -3.032 0.052 -2.278 -2.687 -1.933 -2.025 1.486 3.396 -2.005 1.595 0.331 -2.937 -1.787 -1.273 -1.857 -1.244 0.864
145 D -0.03 -0.868 2.937 2.925 -0.842 -0.66 -0.126 -0.37 -0.076 -2.315 -2.809 -0.443 -1.765 -2.297 -1.944 2.025 0.185 -2.9 -2.139 -1.943
146 L -1.372 2.6 -1.518 -2.13 -0.997 -0.566 -1.3 -2.454 -1.006 0.551 2.397 1.887 0.889 -0.437 -2.816 -1.999 -1.445 -2.024 -1.424 -0.096
147 L -1.527 -2.418 -3.366 -3.532 -0.179 -2.801 -3.425 -3.435 -2.436 2.884 3.64 -2.555 1.911 0.662 -3.608 -3.166 -1.474 -1.804 -1.14 1.625
148 D -1.566 -1.175 0.856 5.248 -2.411 -0.167 2.381 -1.338 -0.303 -2.763 -3.302 -0.402 -2.46 -2.867 -2.21 -0.94 -1.413 -3.228 -2.743 -2.692
149 L -1.087 -2.345 -2.069 -2.672 -0.786 -2.438 -2.975 2.182 -0.403 1.991 1.577 -2.168 0.518 1.141 -3.316 -2.308 -1.668 -0.263 3.146 0.753
150 L 1.129 -2.245 -2.659 -2.871 -0.057 -2.492 -2.634 -1.785 -1.727 1.465 1.745 -2.14 0.75 3.268 -2.989 -1.615 -1.123 -1.084 0.4 1.855
151 L 0.962 -2.174 -2.751 -2.967 -0.188 -2.504 -2.722 -1.851 -1.619 1.072 2.663 -2.16 1.141 3.373 -3.084 -1.767 -1.431 -0.955 0.432 0.511
152 L 1.247 -2.062 -1.965 -2.398 -0.179 -2.175 -2.537 2.434 -1.815 0.664 2.391 -1.811 0.796 -0.339 -2.755 -1.331 -1.345 -2.047 -1.667 0.216
153 A 2.462 -2.059 -2.342 -2.488 6.034 -2.075 -2.254 -0.803 -1.857 0.166 1.197 -1.684 0.153 -0.973 -2.308 -0.64 -0.917 -2.416 -1.805 0.268
154 I 1.116 -2.177 -2.585 -2.675 0.048 -2.05 -2.606 -1.826 -1.815 3.241 1.284 -1.833 2.957 -0.131 -2.823 -1.555 -0.919 -2.024 -1.3 1.916
155 A 2.713 -1.646 -1.195 -1.578 6.041 -1.517 -1.555 -0.243 -1.354 -1.066 -1.498 -1.124 -1.028 -1.944 -1.849 1.207 -0.191 -2.676 -2.011 -0.328
156 L -0.842 -2.361 -3.166 -3.412 0.077 -2.642 -3.121 -3.19 -2.627 2.534 2.915 -2.461 1.526 0.254 -3.408 -2.717 -0.99 -2.024 -1.197 3.042
157 L -0.74 -2.33 -2.262 -2.789 -0.288 -2.538 -3.045 2.184 -2.237 1.664 2.617 -2.255 1.102 -0.075 -3.298 -2.286 -1.355 -2.035 -1.547 1.836
158 L -1.11 -2.72 -3.228 -3.309 -0.048 -2.925 -3.403 -3.344 -2.683 3.745 2.35 -2.582 1.388 0.222 -3.47 -2.904 -1.046 -2.117 -1.255 2.939
159 C -0.476 -3.367 -2.993 -3.447 9.709 -3.487 -3.953 -2.192 -2.979 -0.76 -1.09 -3.142 -1.107 -2.056 -3.235 -1.699 -1.345 -3.263 -2.825 -0.438
160 G 1.385 -2.257 -1.216 -1.835 -0.716 -2.286 -2.426 4.108 -1.264 -1.377 -1.441 -1.764 -1.266 2.922 -2.714 -0.923 -1.585 -1.237 -0.045 -1.239
161 L -1.33 -1.785 -2.846 -3.217 -0.188 -1.766 -2.819 -2.984 -1.592 1.782 3.261 -1.948 4.469 0.628 -3.446 -2.56 -1.329 -1.502 -0.971 1.02
162 L -1.569 -2.215 -3.391 -3.649 -0.179 -2.669 -3.334 -3.411 -2.342 1.976 4.084 -2.507 2.104 0.804 -3.633 -3.187 -1.609 -1.679 -1.085 1.077
163 R -1.563 5.563 -0.491 -1.592 -2.288 0.489 -0.589 -2.157 0.07 -2.64 -2.056 1.99 -1.252 -2.501 -2.733 -1.435 -1.482 -2.263 -1.801 -2.19
164 P -0.865 -2.042 -1.962 -1.592 -1.486 -1.962 -1.651 -1.881 -1.636 -2.346 -2.779 -1.093 -2.432 -3.364 6.692 -1.48 -1.377 -4.578 -2.664 -2.19
165 H -1.736 -0.386 0.431 -0.99 -2.363 -0.194 -0.529 -1.726 8.048 -2.69 -2.624 -0.794 -1.29 -0.881 -2.778 -1.608 -2.255 -1.483 1.638 -3.064
166 Y -1.841 -1.806 -2.154 -3.051 -1.78 -1.812 -2.392 -2.961 2.076 -0.832 -0.939 -1.902 -0.711 3.32 -3.362 -2.466 -2.118 2.28 6.714 -1.008
167 G 0.294 -1.573 -0.133 -0.971 -0.554 -1.458 -1.687 4.123 -1.201 -1.892 -2.427 -1.063 -1.64 -2.209 -2.146 1.105 1.576 -2.429 -2.382 -1.428
168 V -0.777 -2.806 -3.12 -3.201 0.077 -2.91 -3.292 -3.234 -2.84 3.907 1.306 -2.558 1.031 -0.102 -3.362 -2.682 -0.775 -2.313 -1.314 3.596
169 A 3.483 -1.308 -0.982 -1.284 0.511 -1.142 -1.122 0.232 -1.033 -1.093 -1.571 -0.726 -0.977 -1.9 -1.504 1.48 -0.02 -2.496 -1.784 -0.187
170 L -1.66 -2.824 -3.209 -3.347 -0.44 -3.227 -3.564 -3.321 -2.057 3.38 2.296 -2.797 1.27 3.438 -3.768 -3.114 -1.507 -1.011 0.459 1.859
171 L -0.98 -2.531 -3.042 -3.339 -0.161 -2.901 -3.161 -3.064 -2.135 2.253 2.025 -2.644 1.061 3.346 -3.583 -2.689 -1.132 -1.076 0.459 2.881
172 W -2.678 -2.411 -3.195 -3.649 -2.363 -2.853 -2.997 -2.394 -1.163 -1.882 -1.679 -2.819 -1.309 1.1 -5.437 -3.383 -2.723 10.639 2.141 -2.256
173 L -1.527 -2.418 -3.366 -3.532 -0.179 -2.801 -3.425 -3.435 -2.436 2.884 3.64 -2.555 1.911 0.662 -3.608 -3.166 -1.474 -1.804 -1.14 1.625
174 F -2.223 -2.602 -2.687 -3.267 -1.493 -3.216 -3.188 -2.917 0.197 0.014 0.232 -2.903 -0.024 6.026 -4.155 -2.899 -2.326 1.262 4.411 -0.647
175 I -1.143 -2.876 -2.214 -2.648 -0.716 -3.085 -3.363 2.181 -1.845 2.983 0.669 -2.544 0.36 3.226 -3.528 -2.422 -1.585 -1.151 0.232 1.416
176 S 2.1 -0.938 0.061 -0.575 0.208 -0.768 -0.752 -0.007 -0.659 -1.629 -2.07 -0.444 -1.134 -1.948 -1.504 2.858 0.685 -2.55 -1.784 -0.891
177 A 2.605 -1.31 -0.83 -1.36 0.386 -1.238 -1.366 -0.382 -1.339 -0.54 -1.215 -0.848 -0.726 -1.74 -1.608 0.554 2.833 -2.338 -1.759 0.156
178 F 1.113 -2.377 -1.803 -2.295 -0.726 -2.629 -2.603 2.471 -1.102 -0.602 -0.526 -2.108 -0.601 4.691 -3.038 -1.297 -1.679 -0.377 1.329 -0.767
179 I -1.445 -2.872 -3.316 -3.313 -0.179 -3.085 -3.615 -3.483 -2.635 4.129 2.474 -2.656 1.483 0.356 -3.558 -3.125 -1.222 -2.07 -1.255 2.483
180 L -1.527 -2.418 -3.366 -3.532 -0.179 -2.801 -3.425 -3.435 -2.436 2.884 3.64 -2.555 1.911 0.662 -3.608 -3.166 -1.474 -1.804 -1.14 1.625
181 K -0.855 2.065 -0.297 -0.751 -2.006 0.778 0.285 -1.371 -0.272 -2.151 -2.269 4.562 -1.252 -2.834 -1.715 -0.91 -1.111 -2.578 -1.817 -2.027
182 R -1.187 4.315 -0.392 -1.141 -2.143 0.637 -0.119 -1.737 -0.096 -2.385 -2.161 3.553 -1.252 -2.663 -2.179 -1.16 -1.29 -2.416 -1.809 -2.108
183 L -1.375 -2.876 -3.134 -3.408 5.948 -3.287 -3.619 -2.955 -2.102 2.261 1.919 -2.903 0.842 3.308 -3.684 -2.692 -1.575 -1.16 0.295 1.077
184 G -0.372 0.225 -0.335 -0.93 -1.644 1.948 -0.38 4.059 -0.477 -2.681 -2.737 1.81 -1.603 -2.806 -2.34 -0.937 -1.468 -2.429 -2.253 -2.365
185 S 0.463 -1.101 -0.103 -0.823 -0.396 -1.019 -1.025 -0.556 -0.643 -1.925 -2.172 -0.766 -1.238 -0.851 -2.098 2.621 0.407 6.727 -0.212 -1.528
186 K -0.9 0.669 -1.202 -1.699 -1.186 -0.339 -0.823 -2.062 0.164 0.358 -0.823 2.831 -0.47 0.509 -2.393 -1.555 -1.147 -0.422 3.157 1.162
187 A 3.483 -1.308 -0.982 -1.284 0.511 -1.142 -1.122 0.232 -1.033 -1.093 -1.571 -0.726 -0.977 -1.9 -1.504 1.48 -0.02 -2.496 -1.784 -0.187
188 P 1.037 -2.215 -2.446 -2.404 -0.615 -2.255 -2.263 -1.497 -1.63 1.455 -0.523 -1.738 -0.524 -0.499 2.972 -1.464 -1.302 6.717 -0.248 0.424
189 P -0.992 -2.358 -2.403 -2.31 -0.904 -2.509 -2.323 -2.363 -1.675 0.53 -0.519 -1.835 -0.605 2.97 4.767 -2.011 -1.329 -1.761 0.115 1.196
190 L -1.11 -2.72 -3.228 -3.309 -0.048 -2.925 -3.403 -3.344 -2.683 3.745 2.35 -2.582 1.388 0.222 -3.47 -2.904 -1.046 -2.117 -1.255 2.939
191 L -1.569 -2.215 -3.391 -3.649 -0.179 -2.669 -3.334 -3.411 -2.342 1.976 4.084 -2.507 2.104 0.804 -3.633 -3.187 -1.609 -1.679 -1.085 1.077
192 L 0.962 -2.174 -2.751 -2.967 -0.188 -2.504 -2.722 -1.851 -1.619 1.072 2.663 -2.16 1.141 3.373 -3.084 -1.767 -1.431 -0.955 0.432 0.511
193 A 2.494 -1.564 -1.516 -1.883 0.326 -1.565 -1.736 -0.657 -1.532 0.265 1.197 -1.19 0.249 -0.891 -1.967 -0.063 1.517 -2.189 -1.581 0.405
194 L -0.736 -1.78 -1.338 -1.994 -0.04 -1.896 -2.273 -2.221 -1.936 2.253 1.72 -1.576 0.789 -0.357 -2.501 -0.643 2.707 -2.07 -1.453 1.295
195 F -1.755 -2.508 -2.846 -3.177 -0.732 -2.768 -3.229 -2.963 -1.264 2.282 1.29 -2.608 2.919 4.873 -3.888 -2.781 -1.67 -0.183 1.55 1.034
196 I 1.228 -2.492 -2.727 -2.754 0.173 -2.5 -2.742 -1.893 -2.328 3.489 0.94 -2.068 0.717 -0.369 -2.808 -1.61 -0.767 -2.325 -1.424 2.829
197 F -1.125 -2.713 -2.923 -3.267 -0.42 -3.184 -3.202 -2.943 -1.715 1.941 0.733 -2.839 0.505 4.804 -3.768 -2.662 -1.283 -0.364 1.504 2.711
198 G 1.385 -2.257 -1.216 -1.835 -0.716 -2.286 -2.426 4.108 -1.264 -1.377 -1.441 -1.764 -1.266 2.922 -2.714 -0.923 -1.585 -1.237 -0.045 -1.239
199 A 3.293 -1.673 -2.031 -2.091 0.465 -1.626 -1.713 -0.234 -1.478 0.149 1.168 -1.207 0.187 -0.941 -1.907 -0.141 -0.7 -2.25 -1.593 0.384
200 L -1.339 -2.453 -3.148 -3.452 -0.297 -2.915 -3.267 -3.168 -2.012 1.959 2.87 -2.668 1.414 3.448 -3.7 -2.912 -1.441 -0.947 0.491 2.008
201 V 1.336 -2.538 -2.663 -2.803 6.022 -2.547 -2.783 -1.664 -2.378 2.421 0.312 -2.15 0.19 -0.886 -2.748 -1.352 -0.819 -2.564 -1.747 2.292
202 V -0.231 -2.099 -1.971 -2.488 0.258 -2.167 -2.462 -2.484 -2.489 2.467 0.531 -1.927 0.518 -0.68 -2.751 -1.232 1.624 -2.364 -1.413 3.601
203 Y -1.841 -1.806 -2.154 -3.051 -1.78 -1.812 -2.392 -2.961 2.076 -0.832 -0.939 -1.902 -0.711 3.32 -3.362 -2.466 -2.118 2.28 6.714 -1.008
204 F -2.193 -2.053 -1.643 -2.552 -1.614 -2.446 -2.433 -2.561 4.419 -0.254 0.011 -2.461 -0.129 5.801 -3.949 -2.622 -2.362 0.396 2.634 -0.991
205 Y -1.281 -1.237 2.374 -0.893 -1.205 -1.279 -1.651 -1.622 1.217 -1.027 -1.399 -1.154 -0.973 1.747 -2.681 -0.768 1.306 0.772 4.856 -0.938
206 V -0.117 -1.906 -1.722 -2.222 0.129 -1.976 -2.212 -2.041 -1.986 2.055 1.739 -1.749 0.851 -0.343 -2.759 0.296 -0.247 -2.25 -1.363 2.828
207 W -2.678 -2.411 -3.195 -3.649 -2.363 -2.853 -2.997 -2.394 -1.163 -1.882 -1.679 -2.819 -1.309 1.1 -5.437 -3.383 -2.723 10.639 2.141 -2.256
208 D -0.794 -1.38 1.01 5.157 -1.571 -0.822 0.696 -0.862 -0.546 -2.528 -3.182 -0.712 -2.268 -2.671 -2.092 0.833 -0.62 -3.281 -2.692 -2.413
209 L 1.414 -1.482 -0.351 2.466 -0.269 -1.279 -0.655 -0.774 -1.069 -0.287 0.909 -1.032 -0.11 -1.125 -2.119 0.869 -0.435 -2.496 -1.847 -0.393
210 L -1.569 -2.215 -3.391 -3.649 -0.179 -2.669 -3.334 -3.411 -2.342 1.976 4.084 -2.507 2.104 0.804 -3.633 -3.187 -1.609 -1.679 -1.085 1.077
211 L -1.569 -2.215 -3.391 -3.649 -0.179 -2.669 -3.334 -3.411 -2.342 1.976 4.084 -2.507 2.104 0.804 -3.633 -3.187 -1.609 -1.679 -1.085 1.077
212 L 1.006 -1.922 -2.558 -2.9 -0.246 -2.068 -2.473 -1.861 -0.31 0.897 2.521 -1.867 1.001 1.322 -2.881 -1.664 -1.379 -0.189 3.208 0.434
213 R -1.563 5.563 -0.491 -1.592 -2.288 0.489 -0.589 -2.157 0.07 -2.64 -2.056 1.99 -1.252 -2.501 -2.733 -1.435 -1.482 -2.263 -1.801 -2.19
214 G 0.061 -2.386 -0.468 -1.351 -1.349 -2.224 -2.651 5.836 -1.505 -3.244 -3.489 -1.679 -2.695 -2.707 -2.808 -1.031 -1.948 -2.469 -3.177 -2.893
215 F -2.363 -2.925 -2.889 -3.343 -1.403 -3.893 -3.511 -2.903 -0.857 0.248 0.536 -3.333 0.173 6.559 -4.477 -3.059 -2.399 0.823 2.902 -0.536
216 G -0.381 -2.512 -0.91 -1.735 -1.362 -2.56 -2.843 5.052 -1.329 -1.908 -1.86 -2.012 -1.672 2.888 -3.144 -1.42 -2.054 -1.237 -0.2 -2.101
217 G 0.061 -2.386 -0.468 -1.351 -1.349 -2.224 -2.651 5.836 -1.505 -3.244 -3.489 -1.679 -2.695 -2.707 -2.808 -1.031 -1.948 -2.469 -3.177 -2.893
218 I -1.405 -3.129 -3.291 -3.209 -0.179 -3.238 -3.715 -3.508 -2.74 4.595 1.648 -2.707 1.243 0.189 -3.533 -3.105 -1.103 -2.213 -1.314 2.832
219 D -1.345 -0.791 0.503 4.446 -2.42 0.417 3.302 -1.536 -0.063 -2.773 -3.099 -0.008 -2.216 -2.788 -2.107 -0.899 -1.385 -2.931 -2.449 -2.505
220 P 1.266 -1.9 -1.892 -1.623 -0.786 -1.796 -1.566 -1.144 -1.532 -1.896 -2.35 -1.037 -1.967 -2.915 5.917 -0.874 -1.116 -3.89 -2.418 -1.423
221 A 1.583 -0.934 2.613 -0.225 -0.13 -0.888 -0.996 -0.268 -0.396 -1.292 -1.877 -0.571 -1.156 -1.951 -1.8 1.435 1.848 -2.55 -1.847 -0.688
222 A 3.986 -1.512 -1.691 -1.716 0.651 -1.349 -1.327 0.345 -1.24 -0.859 -1.35 -0.877 -0.902 -1.877 -1.504 0.426 -0.451 -2.469 -1.784 0.11
223 R -1.563 5.563 -0.491 -1.592 -2.288 0.489 -0.589 -2.157 0.07 -2.64 -2.056 1.99 -1.252 -2.501 -2.733 -1.435 -1.482 -2.263 -1.801 -2.19
224 S 2.1 -0.938 0.061 -0.575 0.208 -0.768 -0.752 -0.007 -0.659 -1.629 -2.07 -0.444 -1.134 -1.948 -1.504 2.858 0.685 -2.55 -1.784 -0.891
225 S 1.039 -0.77 0.468 -0.277 0.044 -0.598 -0.584 -0.135 -0.489 -1.94 -2.357 -0.314 -1.215 -1.972 -1.504 3.359 0.982 -2.578 -1.784 -1.321
226 R -1.563 5.563 -0.491 -1.592 -2.288 0.489 -0.589 -2.157 0.07 -2.64 -2.056 1.99 -1.252 -2.501 -2.733 -1.435 -1.482 -2.263 -1.801 -2.19
227 F -2.363 -2.925 -2.889 -3.343 -1.403 -3.893 -3.511 -2.903 -0.857 0.248 0.536 -3.333 0.173 6.559 -4.477 -3.059 -2.399 0.823 2.902 -0.536
228 E -0.55 -0.835 -0.77 0.261 -0.825 0.166 2.836 -2.018 -0.611 0.343 -0.992 -0.233 -0.623 -1.677 -2.128 -0.627 1.441 -2.364 -1.719 1.313
229 L -0.456 -1.037 -1.026 -0.608 -0.539 -0.405 1.368 -1.766 -0.707 0.403 1.624 -0.674 2.814 -0.476 -2.443 0.514 -0.557 -1.956 -1.381 -0.034
230 L -1.939 -2.548 -3.129 -3.492 -0.726 -3.216 -3.421 -3.146 -1.505 1.24 2.824 -2.89 1.297 4.927 -4.024 -3.122 -1.977 -0.165 1.549 0.382
231 G -0.703 -1.593 2.762 2.773 -1.711 -1.377 -0.837 4.128 -0.474 -2.985 -3.416 -1.077 -2.568 -2.685 -2.63 -0.772 -1.389 -2.839 -2.843 -2.814
232 I -0.897 -2.424 -2.108 -2.543 -0.435 -2.301 -3.052 2.194 -1.893 3.142 1.129 -2.088 2.868 -0.232 -3.271 -2.188 -1.285 -2.024 -1.543 1.655
233 G -0.071 -1.735 -0.084 2.504 -0.652 -1.461 -0.826 2.508 -1.22 0.036 -1.463 -1.208 -1.072 -1.834 -2.386 0.68 -0.496 -2.72 -2.224 0.998
234 P -1.072 -0.587 -0.705 -1.095 -1.796 1.841 -0.332 -1.745 4.449 -2.408 -2.533 -0.271 -1.52 -2.443 4.81 -1.319 -1.468 -2.885 -0.65 -2.28
235 D -1.718 -0.942 4.203 4.375 -2.097 -0.694 0.297 -0.599 0.313 -2.719 -3.316 -0.55 -2.417 -2.634 -2.435 -0.505 -0.892 -3.235 -2.515 -2.708
236 T 0.509 -0.94 0.168 -0.635 0.069 -0.853 -0.966 -0.682 -0.926 -0.975 -1.652 -0.555 -0.869 -1.785 -1.608 2.319 3.116 -2.39 -1.759 -0.461
237 G -0.61 -0.745 0.177 2.603 -1.237 1.811 0.03 2.48 -0.542 -1.885 -2.341 -0.331 -1.395 -2.505 -2.229 -0.437 1.313 -2.564 -2.21 -1.548
238 S 1.799 -1.4 -0.618 -1.137 0.157 -1.268 -1.309 -0.527 -1.106 1.48 -0.572 -0.905 -0.318 -1.244 -1.893 1.966 0.241 -2.455 -1.659 0.628
239 G 0.339 -1.89 -0.204 -1.043 -0.933 -1.724 -1.98 5.125 -1.215 -2.859 -3.162 -1.273 -2.248 -2.505 -2.423 0.813 -0.895 -2.496 -2.761 -2.413
240 F -2.363 -2.925 -2.889 -3.343 -1.403 -3.893 -3.511 -2.903 -0.857 0.248 0.536 -3.333 0.173 6.559 -4.477 -3.059 -2.399 0.823 2.902 -0.536
241 L -1.455 -1.416 -0.832 2.615 -1.087 -0.732 1.578 -2.324 -0.983 0.485 2.314 -0.995 0.687 -0.466 -2.77 -1.822 -1.495 -2.238 -1.687 -0.19
242 E -1.277 2.541 -0.174 0.426 -2.382 0.8 3.012 -1.956 4.58 -2.728 -2.522 0.788 -1.515 -2.059 -2.302 -1.149 -1.575 -2.117 -0.536 -2.37
243 F -2.09 -2.311 -2.498 -3.193 -1.585 -2.669 -2.897 -2.932 0.967 -0.242 -0.108 -2.529 -0.235 5.372 -3.866 -2.747 -2.255 1.643 5.397 -0.762
244 K -1.016 3.404 -0.344 -0.939 -2.074 0.709 0.09 -1.548 -0.182 -2.266 -2.214 4.101 -1.252 -2.747 -1.938 -1.032 -1.199 -2.496 -1.813 -2.067
245 K -0.383 3.105 -0.129 -0.805 -1.396 0.414 -0.118 -1.165 -0.233 -2.21 -2.236 3.313 -1.243 -2.513 -1.879 0.796 -0.499 -2.496 -1.805 -1.871
246 L -1.486 -2.636 -3.341 -3.421 -0.179 -2.939 -3.518 -3.459 -2.534 3.573 3.116 -2.605 1.705 0.513 -3.583 -3.146 -1.345 -1.934 -1.197 2.086
247 V 1.366 -2.358 -2.655 -2.751 0.289 -2.369 -2.584 -1.812 -2.371 3.001 0.726 -2.008 0.592 -0.542 -2.74 -1.477 -0.616 -2.377 -1.424 3.237
248 L -1.337 -2.37 -2.94 -2.889 -0.454 -2.598 -2.888 -2.966 -2.237 2.443 2.754 -2.125 1.225 0.016 2.926 -2.64 -1.417 -2.325 -1.468 1.19
249 L -1.809 -2.263 -3.341 -3.649 -0.59 -2.714 -3.246 -3.121 -1.999 1.388 3.381 -2.582 1.554 0.881 -3.989 -3.235 -1.85 6.758 0.113 0.535
250 G 0.061 -2.386 -0.468 -1.351 -1.349 -2.224 -2.651 5.836 -1.505 -3.244 -3.489 -1.679 -2.695 -2.707 -2.808 -1.031 -1.948 -2.469 -3.177 -2.893
251 L -1.3 -2.674 -3.124 -3.343 -0.297 -3.059 -3.356 -3.19 -2.096 2.871 2.163 -2.719 1.167 3.392 -3.674 -2.894 -1.314 -1.043 0.459 2.415
252 L -1.11 -2.72 -3.228 -3.309 -0.048 -2.925 -3.403 -3.344 -2.683 3.745 2.35 -2.582 1.388 0.222 -3.47 -2.904 -1.046 -2.117 -1.255 2.939
253 Y -1.516 -2.116 -2.578 -3.226 -1.205 -2.236 -2.662 -2.814 0.721 0.555 -0.488 -2.235 -0.369 2.224 -3.71 -2.627 -1.73 6.969 5.076 1.243
254 G 0.061 -2.386 -0.468 -1.351 -1.349 -2.224 -2.651 5.836 -1.505 -3.244 -3.489 -1.679 -2.695 -2.707 -2.808 -1.031 -1.948 -2.469 -3.177 -2.893
255 I -1.006 -2.456 -2.958 -3.109 -0.053 -2.397 -3.127 -3.127 -2.237 3.693 1.611 -2.282 3.106 0.115 -3.38 -2.603 -0.927 -2.013 -1.193 2.924
256 V -0.777 -2.806 -3.12 -3.201 0.077 -2.91 -3.292 -3.234 -2.84 3.907 1.306 -2.558 1.031 -0.102 -3.362 -2.682 -0.775 -2.313 -1.314 3.596
257 G 0.061 -2.386 -0.468 -1.351 -1.349 -2.224 -2.651 5.836 -1.505 -3.244 -3.489 -1.679 -2.695 -2.707 -2.808 -1.031 -1.948 -2.469 -3.177 -2.893
258 P -0.865 -2.042 -1.962 -1.592 -1.486 -1.962 -1.651 -1.881 -1.636 -2.346 -2.779 -1.093 -2.432 -3.364 6.692 -1.48 -1.377 -4.578 -2.664 -2.19
259 L -1.183 -1.834 -1.919 -2.527 -0.367 -1.972 -2.532 -2.466 -1.354 1.03 2.03 -1.879 2.996 3.349 -3.093 -1.433 1.255 -0.846 0.472 0.496
260 P -0.865 -2.042 -1.962 -1.592 -1.486 -1.962 -1.651 -1.881 -1.636 -2.346 -2.779 -1.093 -2.432 -3.364 6.692 -1.48 -1.377 -4.578 -2.664 -2.19
261 G 1.952 -1.286 -0.179 -0.835 -0.065 -1.118 -1.173 2.81 -0.895 -1.875 -2.291 -0.744 -1.43 -2.113 -1.779 2.094 0.124 -2.523 -2.074 -1.165
262 E -0.947 -0.15 -0.367 1.489 -2.44 1.318 4.56 -1.978 0.364 -2.793 -2.731 0.648 -1.782 -2.636 -1.91 -0.819 -1.329 -2.416 -1.936 -2.162
263 L -1.146 -2.495 -3.252 -3.416 -0.048 -2.787 -3.313 -3.321 -2.58 3.1 3.017 -2.532 1.617 0.386 -3.494 -2.923 -1.162 -1.979 -1.197 2.603
264 L -1.3 -2.674 -3.124 -3.343 -0.297 -3.059 -3.356 -3.19 -2.096 2.871 2.163 -2.719 1.167 3.392 -3.674 -2.894 -1.314 -1.043 0.459 2.415
265 S 0.26 -0.766 2.788 0.041 -0.316 -0.711 -0.813 -0.409 -0.24 -1.567 -2.145 -0.435 -1.238 -1.975 -1.8 2.216 2.05 -2.578 -1.847 -1.086
266 R -1.563 5.563 -0.491 -1.592 -2.288 0.489 -0.589 -2.157 0.07 -2.64 -2.056 1.99 -1.252 -2.501 -2.733 -1.435 -1.482 -2.263 -1.801 -2.19
267 P -0.361 -1.874 -1.346 -1.487 -0.689 -1.789 -1.697 -1.605 -1.516 1.317 -0.854 -1.179 -0.777 -1.73 4.815 0.491 -0.53 -3.281 -2.047 0.166
268 E -0.947 -0.15 -0.367 1.489 -2.44 1.318 4.56 -1.978 0.364 -2.793 -2.731 0.648 -1.782 -2.636 -1.91 -0.819 -1.329 -2.416 -1.936 -2.162
269 F -2.363 -2.925 -2.889 -3.343 -1.403 -3.893 -3.511 -2.903 -0.857 0.248 0.536 -3.333 0.173 6.559 -4.477 -3.059 -2.399 0.823 2.902 -0.536
270 L 1.05 -2.212 -2.842 -2.937 0.052 -2.393 -2.76 -1.947 -2.109 2.534 2.821 -2.046 1.364 0.163 -2.917 -1.774 -1.153 -1.99 -1.303 1.45
271 P -0.865 -2.042 -1.962 -1.592 -1.486 -1.962 -1.651 -1.881 -1.636 -2.346 -2.779 -1.093 -2.432 -3.364 6.692 -1.48 -1.377 -4.578 -2.664 -2.19
272 F -2.363 -2.925 -2.889 -3.343 -1.403 -3.893 -3.511 -2.903 -0.857 0.248 0.536 -3.333 0.173 6.559 -4.477 -3.059 -2.399 0.823 2.902 -0.536
273 F -2.363 -2.925 -2.889 -3.343 -1.403 -3.893 -3.511 -2.903 -0.857 0.248 0.536 -3.333 0.173 6.559 -4.477 -3.059 -2.399 0.823 2.902 -0.536
274 V -0.538 -2.437 -3.06 -3.3 0.196 -2.629 -3.02 -3.085 -2.781 2.777 2.085 -2.439 1.187 -0.067 -3.302 -2.508 -0.723 -2.213 -1.255 3.679
275 E -0.947 -0.15 -0.367 1.489 -2.44 1.318 4.56 -1.978 0.364 -2.793 -2.731 0.648 -1.782 -2.636 -1.91 -0.819 -1.329 -2.416 -1.936 -2.162
276 G 0.061 -2.386 -0.468 -1.351 -1.349 -2.224 -2.651 5.836 -1.505 -3.244 -3.489 -1.679 -2.695 -2.707 -2.808 -1.031 -1.948 -2.469 -3.177 -2.893
277 V -0.262 -2.515 -2.958 -3.193 0.311 -2.616 -2.922 -2.984 -2.943 3.001 0.917 -2.417 0.803 -0.427 -3.2 -2.313 -0.48 -2.416 -1.314 4.2
278 L 1.033 -2.023 -2.863 -3.032 0.052 -2.278 -2.687 -1.933 -2.025 1.486 3.396 -2.005 1.595 0.331 -2.937 -1.787 -1.273 -1.857 -1.244 0.864
279 I -1.405 -3.129 -3.291 -3.209 -0.179 -3.238 -3.715 -3.508 -2.74 4.595 1.648 -2.707 1.243 0.189 -3.533 -3.105 -1.103 -2.213 -1.314 2.832
280 F -1.8 -2.299 -2.868 -3.279 -0.732 -2.638 -3.144 -2.943 -1.201 1.116 2.209 -2.558 3.056 4.906 -3.916 -2.799 -1.815 -0.111 1.572 0.345
281 L -0.796 -1.919 -1.776 -2.325 -0.377 -2.201 -2.397 -2.098 -1.385 0.954 2.609 -1.927 1.104 3.369 -3.084 0.149 -0.843 -0.971 0.432 0.254
282 A 2.665 -1.284 -1.106 -1.492 0.311 -1.077 -1.336 -0.294 -0.974 -0.208 -0.171 -0.858 2.484 -1.12 -1.855 1.177 -0.144 -2.165 -1.524 0.075
283 P -0.865 -2.042 -1.962 -1.592 -1.486 -1.962 -1.651 -1.881 -1.636 -2.346 -2.779 -1.093 -2.432 -3.364 6.692 -1.48 -1.377 -4.578 -2.664 -2.19
284 L 1.212 -2.284 -2.747 -2.842 0.173 -2.381 -2.67 -1.879 -2.237 2.777 1.96 -2.027 1.004 -0.168 -2.827 -1.622 -0.872 -2.177 -1.363 2.48
285 L 0.979 -2.374 -2.731 -2.875 -0.188 -2.629 -2.795 -1.865 -1.693 2.253 1.897 -2.204 0.868 3.315 -3.063 -1.754 -1.304 -1.051 0.4 1.165
286 A 2.4 -2.209 -2.381 -2.367 0.266 -2.141 -2.281 -0.981 -1.893 3.001 0.522 -1.65 0.365 -0.663 -2.344 -0.83 -0.759 -2.338 -1.539 1.78
287 Y -1.532 -1.97 -2.461 -3.035 -0.875 -1.886 -2.667 -2.993 0.758 2.05 0.807 -1.965 2.769 2.193 -3.38 -2.496 -1.558 0.92 4.902 0.905
288 L -1.617 2.112 -2.063 -2.744 -0.887 -1.323 -2.203 -2.735 -0.908 0.757 1.959 -0.532 2.951 3.314 -3.461 -2.339 -1.603 -0.854 0.465 0.104
289 L -1.88 -2.153 -2.984 -3.487 -0.968 -2.471 -2.988 -3.013 -0.296 0.778 2.501 -2.414 0.952 1.723 -3.91 -3.034 -1.98 6.87 3.557 0.049
290 A 2.582 -1.97 -2.255 -2.361 0.486 -1.913 -2.016 -0.864 -1.968 1.673 0.0 -1.545 0.075 -1.062 -2.229 -0.63 -0.465 -2.442 -1.539 2.826
291 R -0.574 3.839 -0.555 -1.434 -0.974 -0.095 -0.942 -1.589 -0.303 -0.794 -0.387 0.909 2.432 -1.345 -2.484 0.593 -0.563 -2.07 -1.532 -0.865
292 K 1.27 1.501 -0.587 -0.963 -1.081 0.375 -0.042 -0.837 -0.485 -1.77 -2.01 3.874 -1.161 -2.564 -1.661 -0.514 -0.931 -2.55 -1.809 -1.328
293 L -0.505 -0.857 -1.067 -1.48 -0.464 1.679 -0.819 -1.791 -0.861 1.951 1.542 -0.626 0.717 -0.6 -2.57 0.427 -0.497 -2.153 -1.363 0.805
294 N -1.043 -0.518 4.046 0.898 -1.349 -0.07 1.619 -0.825 0.347 -1.901 -2.404 -0.154 -1.598 -2.235 -2.186 -0.06 1.534 -2.634 -1.963 -1.522
295 F -1.503 -2.629 -3.024 -3.377 -0.569 -3.2 -3.309 -3.043 -1.608 1.612 1.964 -2.864 0.928 4.866 -3.893 -2.883 -1.609 -0.263 1.527 1.775
296 L -1.389 -1.233 2.25 -0.125 -0.997 -0.711 1.272 -1.935 -0.511 1.877 1.449 -0.872 0.415 -0.621 -2.835 -1.503 -1.1 -2.288 -1.577 0.644
297 G -1.243 -1.829 2.256 -1.064 -1.13 -2.083 -2.336 2.394 -0.675 -0.159 1.147 -1.742 -0.003 3.135 -3.293 -1.562 -1.518 -1.168 0.166 -0.775
298 K -0.779 0.705 -0.766 -1.279 -0.859 -0.288 -0.738 -1.771 -1.015 1.523 -0.496 2.883 -0.258 -1.487 -2.074 -0.769 1.412 -2.39 -1.663 0.484
299 K -0.811 0.775 -0.776 -1.332 -0.859 -0.232 -0.702 -1.758 -0.957 -0.111 1.03 2.89 0.136 -1.196 -2.089 -0.778 1.363 -2.238 -1.597 -0.373
300 R -1.22 2.686 -0.763 -1.234 -1.458 3.362 0.234 -2.049 0.039 -0.559 0.972 0.886 0.303 -1.412 -2.623 -1.398 -1.262 -2.082 -1.367 -0.843
301 F -2.013 -2.427 -2.796 -3.339 -1.124 -2.93 -3.147 -3.037 -0.012 0.593 1.715 -2.704 0.631 5.158 -3.944 -2.929 -2.113 0.878 4.072 -0.134
302 L -1.772 -2.469 -2.889 -3.305 -0.797 -2.801 -3.191 -3.183 -0.282 2.255 1.932 -2.567 0.895 3.863 -3.721 -2.94 -1.764 0.376 3.676 1.0
303 L -1.566 3.752 -1.591 -2.441 -1.045 -0.678 -1.647 -2.716 -0.891 0.507 2.408 0.541 0.889 -0.399 -3.148 -2.18 -1.545 -1.956 -1.421 -0.117
304 L -1.592 -2.302 -3.006 -3.377 -0.504 -2.551 -3.151 -3.315 -0.53 2.536 2.847 -2.389 1.386 1.561 -3.538 -2.97 -1.588 -0.159 3.231 1.301
305 F -2.09 -2.311 -2.498 -3.193 -1.585 -2.669 -2.897 -2.932 0.967 -0.242 -0.108 -2.529 -0.235 5.372 -3.866 -2.747 -2.255 1.643 5.397 -0.762
306 W -1.799 -2.558 -3.056 -3.452 -1.231 -3.014 -3.098 -2.656 -1.426 0.621 -0.228 -2.829 -0.262 3.51 -4.484 -3.0 -1.914 8.702 1.84 1.185
307 V -1.518 -2.73 -3.078 -3.343 -0.726 -3.111 -3.267 -2.92 -1.779 2.452 0.59 -2.8 0.376 3.424 -4.036 -2.937 -1.53 6.796 1.219 2.086
308 C -0.016 -2.469 -1.674 -2.277 8.913 -2.454 -2.682 -1.525 -2.129 -1.013 -1.358 -2.138 -1.134 -2.035 -2.696 0.567 -0.566 -3.076 -2.528 -0.635
309 L -1.527 -2.418 -3.366 -3.532 -0.179 -2.801 -3.425 -3.435 -2.436 2.884 3.64 -2.555 1.911 0.662 -3.608 -3.166 -1.474 -1.804 -1.14 1.625
310 V -0.417 -2.622 -2.167 -2.615 -0.152 -2.651 -3.026 2.197 -2.466 2.892 0.536 -2.279 0.386 -0.658 -3.174 -2.091 -0.943 -2.377 -1.679 3.074
311 P -0.865 -2.042 -1.962 -1.592 -1.486 -1.962 -1.651 -1.881 -1.636 -2.346 -2.779 -1.093 -2.432 -3.364 6.692 -1.48 -1.377 -4.578 -2.664 -2.19
312 A 3.353 -1.876 -1.965 -2.061 6.062 -1.753 -1.794 -0.111 -1.586 -0.834 -1.283 -1.299 -0.952 -1.92 -1.849 0.023 -0.65 -2.648 -2.011 -0.018
313 I -1.073 -2.643 -2.967 -3.169 5.977 -2.577 -3.37 -2.897 -2.244 3.247 1.311 -2.439 2.944 -0.155 -3.39 -2.42 -1.154 -2.177 -1.49 1.848
314 L -1.486 -2.636 -3.341 -3.421 -0.179 -2.939 -3.518 -3.459 -2.534 3.573 3.116 -2.605 1.705 0.513 -3.583 -3.146 -1.345 -1.934 -1.197 2.086
315 L -0.605 -2.139 -1.826 -2.227 -0.122 -2.209 -2.497 -2.219 -1.912 3.247 2.036 -1.86 1.075 -0.028 -2.897 0.152 -0.518 -2.153 -1.363 1.783
316 L -1.527 -2.418 -3.366 -3.532 -0.179 -2.801 -3.425 -3.435 -2.436 2.884 3.64 -2.555 1.911 0.662 -3.608 -3.166 -1.474 -1.804 -1.14 1.625
317 L -0.972 -1.847 -2.751 -3.113 -0.057 -1.756 -2.728 -2.886 -1.698 2.094 2.539 -1.93 4.352 0.348 -3.339 -2.361 -1.032 -1.659 -1.024 2.185
318 L -1.11 -2.72 -3.228 -3.309 -0.048 -2.925 -3.403 -3.344 -2.683 3.745 2.35 -2.582 1.388 0.222 -3.47 -2.904 -1.046 -2.117 -1.255 2.939
319 L -1.447 -1.992 -3.106 -3.425 -0.183 -2.182 -3.065 -3.19 -1.943 1.881 3.702 -2.214 3.523 0.717 -3.538 -2.856 -1.466 -1.589 -1.027 1.049
320 H -1.736 -0.386 0.431 -0.99 -2.363 -0.194 -0.529 -1.726 8.048 -2.69 -2.624 -0.794 -1.29 -0.881 -2.778 -1.608 -2.255 -1.483 1.638 -3.064
321 A 3.986 -1.512 -1.691 -1.716 0.651 -1.349 -1.327 0.345 -1.24 -0.859 -1.35 -0.877 -0.902 -1.877 -1.504 0.426 -0.451 -2.469 -1.784 0.11
322 P -0.865 -2.042 -1.962 -1.592 -1.486 -1.962 -1.651 -1.881 -1.636 -2.346 -2.779 -1.093 -2.432 -3.364 6.692 -1.48 -1.377 -4.578 -2.664 -2.19
323 F -2.363 -2.925 -2.889 -3.343 -1.403 -3.893 -3.511 -2.903 -0.857 0.248 0.536 -3.333 0.173 6.559 -4.477 -3.059 -2.399 0.823 2.902 -0.536
324 G 0.061 -2.386 -0.468 -1.351 -1.349 -2.224 -2.651 5.836 -1.505 -3.244 -3.489 -1.679 -2.695 -2.707 -2.808 -1.031 -1.948 -2.469 -3.177 -2.893
325 L -1.447 -1.992 -3.106 -3.425 -0.183 -2.182 -3.065 -3.19 -1.943 1.881 3.702 -2.214 3.523 0.717 -3.538 -2.856 -1.466 -1.589 -1.027 1.049
326 L -1.447 -1.992 -3.106 -3.425 -0.183 -2.182 -3.065 -3.19 -1.943 1.881 3.702 -2.214 3.523 0.717 -3.538 -2.856 -1.466 -1.589 -1.027 1.049
327 N -1.688 -0.443 5.703 1.253 -1.875 -0.555 -0.754 -0.183 0.94 -2.741 -3.18 -0.324 -2.19 -2.403 -2.616 -0.146 -0.48 -2.995 -2.097 -2.589
328 P -0.865 -2.042 -1.962 -1.592 -1.486 -1.962 -1.651 -1.881 -1.636 -2.346 -2.779 -1.093 -2.432 -3.364 6.692 -1.48 -1.377 -4.578 -2.664 -2.19
329 G 0.061 -2.386 -0.468 -1.351 -1.349 -2.224 -2.651 5.836 -1.505 -3.244 -3.489 -1.679 -2.695 -2.707 -2.808 -1.031 -1.948 -2.469 -3.177 -2.893
330 S 1.039 -0.77 0.468 -0.277 0.044 -0.598 -0.584 -0.135 -0.489 -1.94 -2.357 -0.314 -1.215 -1.972 -1.504 3.359 0.982 -2.578 -1.784 -1.321
331 A 3.986 -1.512 -1.691 -1.716 0.651 -1.349 -1.327 0.345 -1.24 -0.859 -1.35 -0.877 -0.902 -1.877 -1.504 0.426 -0.451 -2.469 -1.784 0.11
332 V -0.063 -1.725 -1.031 -1.642 0.073 -1.702 -1.9 -1.684 -1.727 2.395 0.19 -1.386 0.235 -0.823 -2.353 0.789 1.782 -2.351 -1.528 2.229
333 R -1.563 5.563 -0.491 -1.592 -2.288 0.489 -0.589 -2.157 0.07 -2.64 -2.056 1.99 -1.252 -2.501 -2.733 -1.435 -1.482 -2.263 -1.801 -2.19
334 W -2.678 -2.411 -3.195 -3.649 -2.363 -2.853 -2.997 -2.394 -1.163 -1.882 -1.679 -2.819 -1.309 1.1 -5.437 -3.383 -2.723 10.639 2.141 -2.256
335 R -1.563 5.563 -0.491 -1.592 -2.288 0.489 -0.589 -2.157 0.07 -2.64 -2.056 1.99 -1.252 -2.501 -2.733 -1.435 -1.482 -2.263 -1.801 -2.19
336 V -0.201 -1.735 -1.238 -1.922 0.204 -1.779 -2.066 -2.058 -2.096 1.81 0.086 -1.509 0.201 -0.958 -2.363 -0.447 2.828 -2.313 -1.517 2.844
337 N -1.688 -0.443 5.703 1.253 -1.875 -0.555 -0.754 -0.183 0.94 -2.741 -3.18 -0.324 -2.19 -2.403 -2.616 -0.146 -0.48 -2.995 -2.097 -2.589
338 F -2.363 -2.925 -2.889 -3.343 -1.403 -3.893 -3.511 -2.903 -0.857 0.248 0.536 -3.333 0.173 6.559 -4.477 -3.059 -2.399 0.823 2.902 -0.536
339 E -1.139 -0.453 0.101 3.331 -2.43 0.902 3.999 -1.748 0.158 -2.783 -2.909 0.339 -1.991 -2.711 -2.007 -0.859 -1.357 -2.662 -2.181 -2.328
340 A 2.471 -0.006 -0.8 -0.975 -0.363 3.287 0.321 -0.435 -0.083 -1.478 -1.665 0.34 -0.657 -2.379 -1.822 -0.116 -0.714 -2.338 -1.539 -0.695
341 L 1.1 -1.989 -2.604 -2.761 0.048 -1.948 -2.537 -1.812 -1.739 2.456 2.205 -1.795 3.093 0.054 -2.843 -1.567 -1.03 -1.89 -1.241 1.425
342 F -2.363 -2.925 -2.889 -3.343 -1.403 -3.893 -3.511 -2.903 -0.857 0.248 0.536 -3.333 0.173 6.559 -4.477 -3.059 -2.399 0.823 2.902 -0.536
343 Y -1.841 -1.806 -2.154 -3.051 -1.78 -1.812 -2.392 -2.961 2.076 -0.832 -0.939 -1.902 -0.711 3.32 -3.362 -2.466 -2.118 2.28 6.714 -1.008
344 L -1.447 -1.992 -3.106 -3.425 -0.183 -2.182 -3.065 -3.19 -1.943 1.881 3.702 -2.214 3.523 0.717 -3.538 -2.856 -1.466 -1.589 -1.027 1.049
345 A 3.986 -1.512 -1.691 -1.716 0.651 -1.349 -1.327 0.345 -1.24 -0.859 -1.35 -0.877 -0.902 -1.877 -1.504 0.426 -0.451 -2.469 -1.784 0.11
346 P -0.865 -2.042 -1.962 -1.592 -1.486 -1.962 -1.651 -1.881 -1.636 -2.346 -2.779 -1.093 -2.432 -3.364 6.692 -1.48 -1.377 -4.578 -2.664 -2.19
347 L -1.447 -1.992 -3.106 -3.425 -0.183 -2.182 -3.065 -3.19 -1.943 1.881 3.702 -2.214 3.523 0.717 -3.538 -2.856 -1.466 -1.589 -1.027 1.049
348 L -1.569 -2.215 -3.391 -3.649 -0.179 -2.669 -3.334 -3.411 -2.342 1.976 4.084 -2.507 2.104 0.804 -3.633 -3.187 -1.609 -1.679 -1.085 1.077
349 L -1.569 -2.215 -3.391 -3.649 -0.179 -2.669 -3.334 -3.411 -2.342 1.976 4.084 -2.507 2.104 0.804 -3.633 -3.187 -1.609 -1.679 -1.085 1.077
350 L -1.772 -2.469 -2.889 -3.305 -0.797 -2.801 -3.191 -3.183 -0.282 2.255 1.932 -2.567 0.895 3.863 -3.721 -2.94 -1.764 0.376 3.676 1.0
351 F -2.143 -2.73 -3.006 -3.416 -1.045 -3.535 -3.466 -3.022 -1.163 0.786 1.901 -3.103 0.789 5.857 -4.242 -3.091 -2.18 0.371 2.304 -0.041
352 R -1.386 4.923 -0.394 -1.24 -2.197 2.396 0.036 -1.98 0.253 -2.543 -2.047 1.81 -1.024 -2.615 -2.584 -1.258 -1.355 -2.25 -1.671 -2.092
353 F -2.223 -2.602 -2.687 -3.267 -1.493 -3.216 -3.188 -2.917 0.197 0.014 0.232 -2.903 -0.024 6.026 -4.155 -2.899 -2.326 1.262 4.411 -0.647
354 T -0.53 0.011 -0.62 -1.313 -0.387 -0.513 -1.06 -1.627 -0.997 0.023 -0.07 1.6 2.537 -1.151 -2.033 -0.186 2.739 -2.047 -1.509 0.025
355 D -1.806 -1.617 1.17 5.875 -2.401 -0.901 1.022 -1.152 -0.565 -2.754 -3.52 -0.858 -2.726 -2.948 -2.318 -0.981 -1.441 -3.56 -3.072 -2.893
356 A 1.237 -1.363 -1.635 -0.922 -0.524 -0.696 1.305 -1.541 0.14 0.466 -0.726 -0.889 -0.492 0.612 -2.383 -1.044 -1.016 -0.39 3.153 1.402
357 N -0.842 -0.529 3.162 0.783 -1.179 0.09 2.091 -1.061 0.133 -1.654 -2.171 -0.085 -1.411 -2.168 -2.041 -0.017 1.953 -2.508 -1.905 -1.225
358 R 2.324 3.755 -1.0 -1.625 -0.431 -0.257 -0.906 -0.614 -0.483 -1.586 -1.653 0.927 -1.043 -2.143 -2.025 -0.328 -0.892 -2.335 -1.764 -0.788
359 E -1.167 0.483 -0.807 -0.191 -2.048 0.394 2.163 -2.017 0.914 -1.793 -1.862 2.266 -1.201 0.797 -2.227 -1.292 -1.474 0.058 3.799 -1.671
360 E -0.902 0.804 -0.329 0.931 -2.273 1.163 3.673 -1.747 0.181 -2.549 -2.555 2.572 -1.58 -2.687 -1.829 -0.835 -1.24 -2.454 -1.882 -2.103
361 N -1.713 -0.77 4.793 3.671 -2.026 -0.652 -0.02 -0.457 0.534 -2.731 -3.275 -0.477 -2.344 -2.559 -2.499 -0.384 -0.752 -3.157 -2.373 -2.672
362 T 0.323 -0.985 0.075 -0.75 0.091 -0.928 -1.091 -0.876 -1.073 -0.699 -1.436 -0.627 -0.748 -1.711 -1.629 1.848 3.545 -2.315 -1.737 -0.209
363 S 1.054 -0.755 0.483 -0.263 0.058 -0.584 -0.569 -0.121 -0.474 -1.926 -2.343 -0.299 -1.201 -1.958 -1.49 3.311 0.997 -2.563 -1.77 -1.307
364 L -1.543 -2.33 -2.846 -2.919 -0.743 -2.718 -2.849 -2.83 -1.727 0.919 2.592 -2.242 0.991 3.325 2.905 -2.63 -1.724 -1.185 0.343 0.143
365 S 0.668 -1.039 0.025 -0.554 -0.269 -0.884 -0.816 -0.482 -0.736 -2.036 -2.457 -0.489 -1.475 -2.262 3.157 2.703 0.548 -2.963 -1.98 -1.515
366 S 0.668 -1.039 0.025 -0.554 -0.269 -0.884 -0.816 -0.482 -0.736 -2.036 -2.457 -0.489 -1.475 -2.262 3.157 2.703 0.548 -2.963 -1.98 -1.515