#Seq2Logo.py -f /work3/idamei/ssn-clusterings/clustering/2205181327/clusters/0006_500/sequences.afa -o /work3/idamei/ssn-clusterings/clustering/2205181327/clusters/0006_500/sequences.logo
Last position-specific scoring matrix computed, values are in halfbits
A R N D C Q E G H I L K M F P S T W Y V
0 L -1.056 -1.359 -2.336 -2.79 -0.144 -1.027 -2.329 -2.559 -0.944 1.627 2.159 -1.428 5.486 0.492 -3.218 -1.992 -1.022 -1.282 -0.808 1.014
1 I -0.652 -1.901 -1.273 -1.875 0.013 -1.944 -2.283 -2.184 -1.966 2.98 0.646 -1.559 0.532 -0.519 -2.431 -0.582 2.609 -2.161 -1.464 1.859
2 L -1.169 -0.145 -1.263 -1.526 -0.874 3.008 -0.067 -2.253 -0.355 0.625 2.341 -0.048 1.159 -0.456 -2.763 -1.689 -1.238 -1.881 -1.144 0.032
3 L 0.073 -1.35 -0.806 -1.444 -0.013 -1.399 -1.59 -1.278 -1.216 0.69 2.305 -1.154 0.95 -0.209 -2.324 1.484 0.021 -2.041 -1.361 0.173
4 T 0.562 -0.887 0.221 -0.582 0.121 -0.8 -0.913 -0.629 -0.873 -0.922 -1.599 -0.503 -0.817 -1.732 -1.555 2.205 3.01 -2.337 -1.707 -0.408
5 E -0.532 -1.044 -1.328 0.062 -0.695 0.028 2.658 -2.385 -0.787 1.417 -0.313 -0.443 -0.157 -1.273 -2.431 -1.418 -0.821 -2.363 -1.556 2.381
6 R -1.595 3.828 0.059 -1.223 -2.272 0.221 -0.506 -1.881 6.139 -2.612 -2.273 0.974 -1.218 -1.526 -2.703 -1.467 -1.79 -1.794 0.456 -2.542
7 Q -0.859 1.031 -0.069 -0.333 -1.887 4.795 1.416 -1.455 0.793 -2.216 -1.967 1.246 -0.379 -2.935 -2.127 -0.731 -0.951 -2.161 -1.261 -1.763
8 A 2.514 -1.258 -0.777 -1.307 0.438 -1.185 -1.314 -0.33 -1.286 -0.487 -1.162 -0.796 -0.674 -1.687 -1.555 0.607 2.71 -2.286 -1.707 0.208
9 S 1.092 -0.717 0.521 -0.225 0.096 -0.546 -0.531 -0.082 -0.436 -1.887 -2.304 -0.261 -1.163 -1.919 -1.451 3.177 1.035 -2.525 -1.732 -1.268
10 K -0.491 0.654 -1.278 -1.668 -0.568 -0.394 -0.842 -2.013 -1.256 1.501 -0.204 2.69 0.007 -1.334 -2.311 -1.474 -0.725 -2.443 -1.502 2.396
11 R -1.135 4.252 -0.339 -1.088 -2.091 0.69 -0.067 -1.684 -0.043 -2.333 -2.108 3.475 -1.2 -2.61 -2.127 -1.108 -1.238 -2.363 -1.756 -2.055
12 G -0.63 -1.202 3.93 0.288 -1.547 -1.218 -1.496 4.135 0.022 -2.929 -3.278 -0.87 -2.379 -2.498 -2.658 -0.502 -1.069 -2.667 -2.534 -2.684
13 L -1.886 -2.495 -3.076 -3.439 -0.674 -3.164 -3.369 -3.093 -1.452 1.292 2.77 -2.838 1.35 4.861 -3.972 -3.07 -1.925 -0.112 1.601 0.435
14 V 0.514 -1.46 -0.711 -1.329 0.233 -1.382 -1.47 -1.168 -1.41 1.532 -0.226 -1.125 0.019 -1.045 -2.176 1.585 0.396 -2.443 -1.487 2.482
15 R -1.135 4.252 -0.339 -1.088 -2.091 0.69 -0.067 -1.684 -0.043 -2.333 -2.108 3.475 -1.2 -2.61 -2.127 -1.108 -1.238 -2.363 -1.756 -2.055
16 Y -1.788 -1.753 -2.102 -2.998 -1.728 -1.76 -2.339 -2.908 2.129 -0.78 -0.886 -1.849 -0.658 3.372 -3.309 -2.413 -2.065 2.333 6.603 -0.955
17 L -1.434 -2.583 -3.288 -3.368 -0.126 -2.887 -3.466 -3.406 -2.481 3.491 3.072 -2.553 1.758 0.566 -3.53 -3.093 -1.293 -1.881 -1.144 2.138
18 P -0.812 -1.989 -1.91 -1.54 -1.433 -1.909 -1.598 -1.828 -1.583 -2.293 -2.726 -1.04 -2.379 -3.311 6.638 -1.428 -1.324 -4.525 -2.611 -2.138
19 L -1.305 -2.118 -2.937 -3.165 -0.135 -2.128 -3.038 -3.098 -1.876 2.995 2.799 -2.13 3.587 0.539 -3.425 -2.68 -1.202 -1.67 -1.03 1.807
20 Y -1.261 -2.189 -2.357 -3.127 6.596 -2.22 -2.775 -2.631 1.196 -0.758 -0.938 -2.209 -0.787 2.416 -3.269 -2.137 -1.787 1.364 5.494 -0.755
21 F -2.313 -2.875 -2.839 -3.293 -1.353 -3.843 -3.461 -2.853 -0.807 0.298 0.586 -3.283 0.223 6.48 -4.427 -3.009 -2.349 0.873 2.952 -0.486
22 C 1.772 -2.559 -2.441 -2.698 8.551 -2.537 -2.743 -1.031 -2.226 -0.743 -1.124 -2.126 -0.987 -1.945 -2.486 -0.755 -0.965 -2.923 -2.385 -0.193
23 L -1.519 -2.165 -3.341 -3.598 -0.129 -2.619 -3.284 -3.361 -2.292 2.027 4.002 -2.456 2.154 0.854 -3.583 -3.137 -1.559 -1.629 -1.035 1.127
24 C -0.929 -3.162 -2.908 -3.362 8.518 -3.566 -3.748 -2.36 -2.037 -0.333 -0.391 -3.154 -0.564 3.6 -3.542 -2.035 -1.605 -1.155 0.483 -0.42
25 L -1.519 -2.165 -3.341 -3.598 -0.129 -2.619 -3.284 -3.361 -2.292 2.027 4.002 -2.456 2.154 0.854 -3.583 -3.137 -1.559 -1.629 -1.035 1.127
26 A 3.2 -1.193 -0.73 -1.103 0.513 -1.026 -1.007 0.244 -0.917 -1.126 -1.598 -0.627 -0.953 -1.858 -1.454 1.683 0.16 -2.454 -1.734 -0.243
27 I -0.922 -2.859 -3.126 -3.154 0.044 -2.965 -3.376 -3.272 -2.756 4.065 1.475 -2.557 1.154 0.048 -3.368 -2.766 -0.83 -2.229 -1.263 3.333
28 A 3.865 -1.462 -1.64 -1.666 0.701 -1.298 -1.277 0.395 -1.189 -0.809 -1.3 -0.827 -0.852 -1.827 -1.454 0.476 -0.401 -2.419 -1.734 0.16
29 L -1.519 -2.165 -3.341 -3.598 -0.129 -2.619 -3.284 -3.361 -2.292 2.027 4.002 -2.456 2.154 0.854 -3.583 -3.137 -1.559 -1.629 -1.035 1.127
30 L -1.519 -2.165 -3.341 -3.598 -0.129 -2.619 -3.284 -3.361 -2.292 2.027 4.002 -2.456 2.154 0.854 -3.583 -3.137 -1.559 -1.629 -1.035 1.127
31 L -1.76 -2.383 -3.164 -3.493 -0.482 -2.972 -3.342 -3.181 -1.708 1.557 3.243 -2.706 1.642 4.033 -3.838 -3.094 -1.799 -0.537 0.957 0.683
32 C -0.426 -3.317 -2.943 -3.397 9.656 -3.437 -3.903 -2.142 -2.929 -0.71 -1.04 -3.092 -1.057 -2.006 -3.185 -1.649 -1.295 -3.213 -2.775 -0.388
33 E -0.897 -0.1 -0.317 1.54 -2.389 1.368 4.443 -1.928 0.414 -2.743 -2.681 0.698 -1.732 -2.586 -1.86 -0.769 -1.279 -2.366 -1.886 -2.112
34 S 0.408 -1.025 -0.122 -0.892 -0.396 -0.899 -1.02 -0.758 0.688 -1.471 -1.753 -0.702 -0.987 1.0 -1.951 2.216 0.318 0.072 3.742 -1.163
35 I -0.87 -2.245 -1.795 -2.245 -0.035 -2.304 -2.676 -2.551 -2.189 3.566 1.04 -1.883 0.807 -0.245 -2.743 -1.199 1.824 -2.163 -1.397 2.24
36 F 1.305 -2.323 -2.382 -2.643 -0.495 -2.728 -2.537 -1.332 -0.929 -0.026 0.083 -2.216 -0.093 5.39 -3.069 -1.342 -1.545 0.131 2.054 -0.254
37 P -0.313 -1.347 -0.601 -1.165 -0.294 -1.332 -1.435 -1.471 -1.455 -0.747 -1.497 -0.857 -1.01 -2.034 3.778 0.17 3.216 -2.758 -1.963 -0.349
38 Q -0.055 0.555 0.139 -0.299 -1.068 3.851 0.898 -0.924 0.436 -2.105 -2.077 0.823 -0.62 -2.557 -1.886 1.213 -0.13 -2.279 -1.412 -1.591
39 A 3.865 -1.462 -1.64 -1.666 0.701 -1.298 -1.277 0.395 -1.189 -0.809 -1.3 -0.827 -0.852 -1.827 -1.454 0.476 -0.401 -2.419 -1.734 0.16
40 L -1.015 -2.261 -3.189 -3.438 0.044 -2.601 -3.14 -3.211 -2.479 2.41 3.296 -2.426 1.782 0.499 -3.431 -2.815 -1.131 -1.854 -1.109 2.465
41 Y -1.791 -1.756 -2.104 -3.001 -1.73 -1.762 -2.342 -2.91 2.126 -0.782 -0.888 -1.852 -0.661 3.37 -3.312 -2.416 -2.068 2.33 6.609 -0.958
42 E -0.866 0.84 -0.293 0.967 -2.238 1.199 3.601 -1.711 0.217 -2.513 -2.519 2.525 -1.544 -2.651 -1.794 -0.799 -1.204 -2.419 -1.846 -2.067
43 V -0.744 -2.071 -2.73 -3.005 0.066 -1.944 -2.779 -2.876 -1.927 2.965 1.633 -2.008 3.666 0.115 -3.247 -2.294 -0.782 -1.853 -1.078 2.923
44 I -1.528 -3.042 -3.161 -3.19 -0.34 -3.312 -3.628 -3.331 -2.207 3.997 1.503 -2.777 1.103 2.932 -3.653 -3.05 -1.275 -1.253 0.198 2.449
45 L -1.49 -2.331 -3.325 -3.51 -0.133 -2.729 -3.361 -3.385 -2.372 2.707 3.672 -2.5 1.996 0.737 -3.567 -3.125 -1.455 -1.733 -1.084 1.569
46 K -0.828 1.783 -0.265 -0.097 -2.042 0.94 1.749 -1.437 -0.087 -2.223 -2.31 3.993 -1.305 -2.748 -1.708 -0.846 -1.108 -2.499 -1.795 -2.009
47 V -0.412 -2.582 -2.976 -3.151 0.265 -2.685 -3.019 -3.036 -2.856 3.395 1.124 -2.427 0.942 -0.247 -3.218 -2.409 -0.549 -2.329 -1.268 3.876
48 V -0.217 -2.47 -2.913 -3.148 0.357 -2.571 -2.877 -2.938 -2.898 3.046 0.962 -2.371 0.848 -0.382 -3.155 -2.267 -0.434 -2.37 -1.268 4.08
49 S 1.085 -0.724 0.514 -0.232 0.089 -0.553 -0.538 -0.089 -0.443 -1.895 -2.312 -0.268 -1.17 -1.926 -1.459 3.203 1.028 -2.532 -1.739 -1.276
50 S 1.085 -0.724 0.514 -0.232 0.089 -0.553 -0.538 -0.089 -0.443 -1.895 -2.312 -0.268 -1.17 -1.926 -1.459 3.203 1.028 -2.532 -1.739 -1.276
51 S 0.655 -1.045 0.087 -0.637 -0.148 -0.975 -0.932 -0.469 -0.513 -1.304 -1.456 -0.669 -0.834 2.41 -1.856 2.642 0.599 -1.46 -0.019 -1.101
52 L -1.444 -2.022 -3.155 -3.455 -0.139 -2.293 -3.109 -3.219 -2.027 1.956 3.775 -2.265 3.061 0.79 -3.526 -2.919 -1.47 -1.576 -1.003 1.101
53 S 1.082 -0.727 0.511 -0.234 0.087 -0.555 -0.541 -0.092 -0.446 -1.897 -2.314 -0.271 -1.172 -1.929 -1.461 3.212 1.025 -2.535 -1.741 -1.278
54 A 3.883 -1.469 -1.648 -1.673 0.694 -1.306 -1.284 0.388 -1.197 -0.816 -1.307 -0.834 -0.859 -1.834 -1.461 0.469 -0.408 -2.426 -1.741 0.153
55 L -1.498 -2.306 -3.331 -3.528 -0.136 -2.713 -3.351 -3.384 -2.362 2.604 3.735 -2.496 2.02 0.753 -3.573 -3.13 -1.475 -1.719 -1.079 1.497
56 L -1.526 -2.172 -3.348 -3.606 -0.136 -2.626 -3.291 -3.368 -2.299 2.019 4.014 -2.464 2.147 0.847 -3.59 -3.144 -1.566 -1.636 -1.042 1.12
57 I -1.389 -2.912 -3.265 -3.235 -0.136 -3.092 -3.605 -3.448 -2.627 4.192 2.232 -2.63 1.448 0.344 -3.507 -3.075 -1.139 -2.074 -1.231 2.647
58 V -0.219 -2.472 -2.915 -3.15 0.354 -2.573 -2.879 -2.941 -2.9 3.044 0.96 -2.374 0.846 -0.384 -3.157 -2.27 -0.437 -2.373 -1.271 4.086
59 I -1.138 -2.974 -3.19 -3.164 -0.048 -3.082 -3.524 -3.37 -2.73 4.287 1.581 -2.614 1.217 0.138 -3.432 -2.914 -0.947 -2.203 -1.271 3.115
60 I -1.362 -3.086 -3.248 -3.166 -0.136 -3.195 -3.672 -3.465 -2.697 4.483 1.691 -2.664 1.286 0.232 -3.49 -3.062 -1.06 -2.17 -1.271 2.875
61 A 3.449 -1.683 -1.86 -1.874 0.571 -1.546 -1.568 0.01 -1.399 1.004 -0.54 -1.069 -0.372 -1.37 -1.715 0.108 -0.507 -2.382 -1.657 0.823
62 Y -1.798 -1.763 -2.111 -3.008 -1.737 -1.769 -2.349 -2.918 2.119 -0.789 -0.896 -1.859 -0.668 3.363 -3.319 -2.423 -2.075 2.323 6.624 -0.965
63 F -2.32 -2.882 -2.846 -3.3 -1.36 -3.85 -3.468 -2.86 -0.814 0.291 0.579 -3.29 0.216 6.492 -4.434 -3.016 -2.356 0.866 2.945 -0.493
64 Y -1.798 -1.763 -2.111 -3.008 -1.737 -1.769 -2.349 -2.918 2.119 -0.789 -0.896 -1.859 -0.668 3.363 -3.319 -2.423 -2.075 2.323 6.624 -0.965
65 I -1.362 -3.086 -3.248 -3.166 -0.136 -3.195 -3.672 -3.465 -2.697 4.483 1.691 -2.664 1.286 0.232 -3.49 -3.062 -1.06 -2.17 -1.271 2.875
66 K -0.812 2.108 -0.254 -0.708 -1.963 0.821 0.328 -1.328 -0.229 -2.109 -2.226 4.453 -1.209 -2.791 -1.673 -0.867 -1.068 -2.535 -1.774 -1.984
67 R -1.52 5.483 -0.448 -1.549 -2.245 0.532 -0.546 -2.114 0.113 -2.597 -2.013 2.033 -1.209 -2.458 -2.69 -1.392 -1.439 -2.22 -1.758 -2.147
68 A 3.883 -1.469 -1.648 -1.673 0.694 -1.306 -1.284 0.388 -1.197 -0.816 -1.307 -0.834 -0.859 -1.834 -1.461 0.469 -0.408 -2.426 -1.741 0.153
69 Y -1.073 -1.562 -1.474 -2.32 -1.342 -1.528 -1.958 -2.212 1.821 -0.947 -1.089 -1.526 -0.746 2.927 -2.914 -0.411 -1.271 1.902 6.13 -1.015
70 F -2.32 -2.882 -2.846 -3.3 -1.36 -3.85 -3.468 -2.86 -0.814 0.291 0.579 -3.29 0.216 6.492 -4.434 -3.016 -2.356 0.866 2.945 -0.493
71 F -2.32 -2.882 -2.846 -3.3 -1.36 -3.85 -3.468 -2.86 -0.814 0.291 0.579 -3.29 0.216 6.492 -4.434 -3.016 -2.356 0.866 2.945 -0.493
72 S 1.082 -0.727 0.511 -0.234 0.087 -0.555 -0.541 -0.092 -0.446 -1.897 -2.314 -0.271 -1.172 -1.929 -1.461 3.212 1.025 -2.535 -1.741 -1.278
73 L -1.526 -2.172 -3.348 -3.606 -0.136 -2.626 -3.291 -3.368 -2.299 2.019 4.014 -2.464 2.147 0.847 -3.59 -3.144 -1.566 -1.636 -1.042 1.12
74 Q -0.868 1.022 -0.078 -0.342 -1.897 4.831 1.406 -1.465 0.784 -2.226 -1.976 1.236 -0.389 -2.944 -2.137 -0.74 -0.961 -2.17 -1.271 -1.773
75 L -1.526 -2.172 -3.348 -3.606 -0.136 -2.626 -3.291 -3.368 -2.299 2.019 4.014 -2.464 2.147 0.847 -3.59 -3.144 -1.566 -1.636 -1.042 1.12
76 L -1.066 -1.369 -2.345 -2.799 -0.154 -1.037 -2.339 -2.569 -0.954 1.618 2.149 -1.438 5.537 0.482 -3.228 -2.002 -1.031 -1.292 -0.818 1.004
77 Y -1.798 -1.763 -2.111 -3.008 -1.737 -1.769 -2.349 -2.918 2.119 -0.789 -0.896 -1.859 -0.668 3.363 -3.319 -2.423 -2.075 2.323 6.624 -0.965
78 A 3.568 -1.331 -1.156 -1.378 0.601 -1.166 -1.146 0.314 -1.057 -0.97 -1.452 -0.732 -0.909 -1.849 -1.461 1.146 -0.114 -2.444 -1.741 -0.041
79 Y -1.798 -1.763 -2.111 -3.008 -1.737 -1.769 -2.349 -2.918 2.119 -0.789 -0.896 -1.859 -0.668 3.363 -3.319 -2.423 -2.075 2.323 6.624 -0.965
80 A 3.883 -1.469 -1.648 -1.673 0.694 -1.306 -1.284 0.388 -1.197 -0.816 -1.307 -0.834 -0.859 -1.834 -1.461 0.469 -0.408 -2.426 -1.741 0.153
81 F -2.32 -2.882 -2.846 -3.3 -1.36 -3.85 -3.468 -2.86 -0.814 0.291 0.579 -3.29 0.216 6.492 -4.434 -3.016 -2.356 0.866 2.945 -0.493
82 S 1.082 -0.727 0.511 -0.234 0.087 -0.555 -0.541 -0.092 -0.446 -1.897 -2.314 -0.271 -1.172 -1.929 -1.461 3.212 1.025 -2.535 -1.741 -1.278
83 L -1.526 -2.172 -3.348 -3.606 -0.136 -2.626 -3.291 -3.368 -2.299 2.019 4.014 -2.464 2.147 0.847 -3.59 -3.144 -1.566 -1.636 -1.042 1.12
84 I -1.362 -3.086 -3.248 -3.166 -0.136 -3.195 -3.672 -3.465 -2.697 4.483 1.691 -2.664 1.286 0.232 -3.49 -3.062 -1.06 -2.17 -1.271 2.875
85 I -1.362 -3.086 -3.248 -3.166 -0.136 -3.195 -3.672 -3.465 -2.697 4.483 1.691 -2.664 1.286 0.232 -3.49 -3.062 -1.06 -2.17 -1.271 2.875
86 G 0.104 -2.343 -0.426 -1.308 -1.306 -2.181 -2.608 5.796 -1.462 -3.201 -3.446 -1.636 -2.652 -2.664 -2.765 -0.988 -1.905 -2.426 -3.134 -2.85
87 I -1.362 -3.086 -3.248 -3.166 -0.136 -3.195 -3.672 -3.465 -2.697 4.483 1.691 -2.664 1.286 0.232 -3.49 -3.062 -1.06 -2.17 -1.271 2.875
88 P -0.822 -1.999 -1.919 -1.549 -1.443 -1.919 -1.608 -1.838 -1.593 -2.303 -2.736 -1.05 -2.389 -3.321 6.648 -1.437 -1.334 -4.535 -2.621 -2.147
89 S 1.779 -0.838 0.246 -0.429 0.197 -0.668 -0.652 -0.006 -0.558 -1.686 -2.12 -0.357 -1.118 -1.913 -1.461 2.9 0.831 -2.516 -1.741 -0.985
90 V -0.381 -2.566 -2.968 -3.153 0.278 -2.668 -2.997 -3.022 -2.865 3.339 1.095 -2.42 0.924 -0.272 -3.21 -2.388 -0.532 -2.338 -1.271 3.916
91 Y -1.798 -1.763 -2.111 -3.008 -1.737 -1.769 -2.349 -2.918 2.119 -0.789 -0.896 -1.859 -0.668 3.363 -3.319 -2.423 -2.075 2.323 6.624 -0.965
92 L -1.526 -2.172 -3.348 -3.606 -0.136 -2.626 -3.291 -3.368 -2.299 2.019 4.014 -2.464 2.147 0.847 -3.59 -3.144 -1.566 -1.636 -1.042 1.12
93 L -1.526 -2.172 -3.348 -3.606 -0.136 -2.626 -3.291 -3.368 -2.299 2.019 4.014 -2.464 2.147 0.847 -3.59 -3.144 -1.566 -1.636 -1.042 1.12
94 N -1.645 -0.4 5.612 1.296 -1.832 -0.512 -0.711 -0.14 0.983 -2.698 -3.137 -0.281 -2.147 -2.36 -2.573 -0.104 -0.437 -2.952 -2.054 -2.546
95 F -2.32 -2.882 -2.846 -3.3 -1.36 -3.85 -3.468 -2.86 -0.814 0.291 0.579 -3.29 0.216 6.492 -4.434 -3.016 -2.356 0.866 2.945 -0.493
96 G 0.292 -2.003 -0.247 -1.099 -1.022 -1.838 -2.144 5.344 -1.266 -2.939 -3.224 -1.359 -2.347 -2.528 -2.503 0.272 -1.162 -2.444 -2.85 -2.521
97 E -0.905 -0.107 -0.324 1.532 -2.397 1.361 4.46 -1.935 0.407 -2.75 -2.688 0.691 -1.739 -2.593 -1.867 -0.777 -1.286 -2.373 -1.893 -2.12
98 A 3.468 -1.551 -1.691 -1.652 0.431 -1.399 -1.336 0.117 -1.259 -1.016 -1.501 -0.869 -1.064 -2.034 2.237 0.227 -0.543 -2.687 -1.87 -0.124
99 K -0.918 3.017 -0.285 -0.832 -2.008 0.775 0.199 -1.445 -0.169 -2.184 -2.189 4.166 -1.209 -2.733 -1.819 -0.948 -1.126 -2.48 -1.772 -2.011
100 G -0.123 -1.915 1.829 -0.678 -1.387 -1.827 -2.192 5.342 -0.883 -3.111 -3.392 -1.362 -2.562 -2.611 -2.732 -0.82 -1.602 -2.507 -2.923 -2.797
101 G 0.104 -2.343 -0.426 -1.308 -1.306 -2.181 -2.608 5.796 -1.462 -3.201 -3.446 -1.636 -2.652 -2.664 -2.765 -0.988 -1.905 -2.426 -3.134 -2.85
102 F -2.32 -2.882 -2.846 -3.3 -1.36 -3.85 -3.468 -2.86 -0.814 0.291 0.579 -3.29 0.216 6.492 -4.434 -3.016 -2.356 0.866 2.945 -0.493
103 E -0.905 -0.107 -0.324 1.532 -2.397 1.361 4.46 -1.935 0.407 -2.75 -2.688 0.691 -1.739 -2.593 -1.867 -0.777 -1.286 -2.373 -1.893 -2.12
104 L -1.526 -2.172 -3.348 -3.606 -0.136 -2.626 -3.291 -3.368 -2.299 2.019 4.014 -2.464 2.147 0.847 -3.59 -3.144 -1.566 -1.636 -1.042 1.12
105 V -0.219 -2.472 -2.915 -3.15 0.354 -2.573 -2.879 -2.941 -2.9 3.044 0.96 -2.374 0.846 -0.384 -3.157 -2.27 -0.437 -2.373 -1.271 4.086
106 C -0.433 -3.324 -2.95 -3.404 9.664 -3.444 -3.91 -2.149 -2.936 -0.717 -1.047 -3.099 -1.064 -2.013 -3.192 -1.656 -1.302 -3.22 -2.782 -0.395
107 L -1.526 -2.172 -3.348 -3.606 -0.136 -2.626 -3.291 -3.368 -2.299 2.019 4.014 -2.464 2.147 0.847 -3.59 -3.144 -1.566 -1.636 -1.042 1.12
108 W -2.635 -2.368 -3.152 -3.606 -2.32 -2.81 -2.954 -2.351 -1.12 -1.839 -1.636 -2.776 -1.266 1.143 -5.394 -3.34 -2.68 10.596 2.184 -2.213
109 C -0.433 -3.324 -2.95 -3.404 9.664 -3.444 -3.91 -2.149 -2.936 -0.717 -1.047 -3.099 -1.064 -2.013 -3.192 -1.656 -1.302 -3.22 -2.782 -0.395
110 I -1.362 -3.086 -3.248 -3.166 -0.136 -3.195 -3.672 -3.465 -2.697 4.483 1.691 -2.664 1.286 0.232 -3.49 -3.062 -1.06 -2.17 -1.271 2.875
111 L -1.526 -2.172 -3.348 -3.606 -0.136 -2.626 -3.291 -3.368 -2.299 2.019 4.014 -2.464 2.147 0.847 -3.59 -3.144 -1.566 -1.636 -1.042 1.12
112 L -1.526 -2.172 -3.348 -3.606 -0.136 -2.626 -3.291 -3.368 -2.299 2.019 4.014 -2.464 2.147 0.847 -3.59 -3.144 -1.566 -1.636 -1.042 1.12
113 N -1.645 -0.4 5.612 1.296 -1.832 -0.512 -0.711 -0.14 0.983 -2.698 -3.137 -0.281 -2.147 -2.36 -2.573 -0.104 -0.437 -2.952 -2.054 -2.546
114 I -1.138 -2.974 -3.19 -3.164 -0.048 -3.082 -3.524 -3.37 -2.73 4.287 1.581 -2.614 1.217 0.138 -3.432 -2.914 -0.947 -2.203 -1.271 3.115
115 I -1.362 -3.086 -3.248 -3.166 -0.136 -3.195 -3.672 -3.465 -2.697 4.483 1.691 -2.664 1.286 0.232 -3.49 -3.062 -1.06 -2.17 -1.271 2.875
116 L -1.526 -2.172 -3.348 -3.606 -0.136 -2.626 -3.291 -3.368 -2.299 2.019 4.014 -2.464 2.147 0.847 -3.59 -3.144 -1.566 -1.636 -1.042 1.12
117 Y -1.798 -1.763 -2.111 -3.008 -1.737 -1.769 -2.349 -2.918 2.119 -0.789 -0.896 -1.859 -0.668 3.363 -3.319 -2.423 -2.075 2.323 6.624 -0.965
118 F -2.32 -2.882 -2.846 -3.3 -1.36 -3.85 -3.468 -2.86 -0.814 0.291 0.579 -3.29 0.216 6.492 -4.434 -3.016 -2.356 0.866 2.945 -0.493
119 S 1.082 -0.727 0.511 -0.234 0.087 -0.555 -0.541 -0.092 -0.446 -1.897 -2.314 -0.271 -1.172 -1.929 -1.461 3.212 1.025 -2.535 -1.741 -1.278
120 A 3.484 -1.707 -1.828 -1.898 5.076 -1.569 -1.587 0.092 -1.423 -0.799 -1.262 -1.108 -0.892 -1.863 -1.686 0.207 -0.539 -2.544 -1.891 0.069
121 C -0.674 -3.246 -2.932 -3.386 9.151 -3.508 -3.832 -2.256 -2.456 -0.523 -0.704 -3.13 -0.807 1.994 -3.365 -1.842 -1.453 -2.012 -0.716 -0.411
122 S 1.082 -0.727 0.511 -0.234 0.087 -0.555 -0.541 -0.092 -0.446 -1.897 -2.314 -0.271 -1.172 -1.929 -1.461 3.212 1.025 -2.535 -1.741 -1.278
123 S 1.082 -0.727 0.511 -0.234 0.087 -0.555 -0.541 -0.092 -0.446 -1.897 -2.314 -0.271 -1.172 -1.929 -1.461 3.212 1.025 -2.535 -1.741 -1.278
124 K -0.812 2.108 -0.254 -0.708 -1.963 0.821 0.328 -1.328 -0.229 -2.109 -2.226 4.453 -1.209 -2.791 -1.673 -0.867 -1.068 -2.535 -1.774 -1.984
125 V -0.199 -2.188 -2.221 -2.662 0.319 -2.266 -2.565 -2.598 -2.589 2.699 0.708 -2.038 0.659 -0.55 -2.85 -1.506 1.034 -2.338 -1.337 3.709
126 I -1.362 -3.086 -3.248 -3.166 -0.136 -3.195 -3.672 -3.465 -2.697 4.483 1.691 -2.664 1.286 0.232 -3.49 -3.062 -1.06 -2.17 -1.271 2.875
127 E -1.016 -0.154 1.868 1.494 -2.295 1.121 4.029 -1.547 0.511 -2.741 -2.759 0.55 -1.803 -2.553 -1.973 -0.653 -1.126 -2.462 -1.92 -2.186
128 Q -0.868 1.022 -0.078 -0.342 -1.897 4.831 1.406 -1.465 0.784 -2.226 -1.976 1.236 -0.389 -2.944 -2.137 -0.74 -0.961 -2.17 -1.271 -1.773
129 K -0.812 2.108 -0.254 -0.708 -1.963 0.821 0.328 -1.328 -0.229 -2.109 -2.226 4.453 -1.209 -2.791 -1.673 -0.867 -1.068 -2.535 -1.774 -1.984
130 K -0.935 1.814 1.895 -0.262 -1.941 0.638 0.178 -1.093 0.012 -2.199 -2.359 4.037 -1.346 -2.715 -1.804 -0.725 -0.952 -2.6 -1.819 -2.071
131 A 2.483 -1.069 -0.827 -0.647 0.163 -0.595 0.779 -0.407 -0.918 -0.826 -1.399 -0.5 -0.865 -1.852 -1.595 0.386 1.957 -2.329 -1.749 -0.088
132 V -0.219 -2.472 -2.915 -3.15 0.354 -2.573 -2.879 -2.941 -2.9 3.044 0.96 -2.374 0.846 -0.384 -3.157 -2.27 -0.437 -2.373 -1.271 4.086
133 N -1.645 -0.4 5.612 1.296 -1.832 -0.512 -0.711 -0.14 0.983 -2.698 -3.137 -0.281 -2.147 -2.36 -2.573 -0.104 -0.437 -2.952 -2.054 -2.546
134 K -0.935 1.814 1.895 -0.262 -1.941 0.638 0.178 -1.093 0.012 -2.199 -2.359 4.037 -1.346 -2.715 -1.804 -0.725 -0.952 -2.6 -1.819 -2.071
135 I -1.362 -3.086 -3.248 -3.166 -0.136 -3.195 -3.672 -3.465 -2.697 4.483 1.691 -2.664 1.286 0.232 -3.49 -3.062 -1.06 -2.17 -1.271 2.875
136 F -2.32 -2.882 -2.846 -3.3 -1.36 -3.85 -3.468 -2.86 -0.814 0.291 0.579 -3.29 0.216 6.492 -4.434 -3.016 -2.356 0.866 2.945 -0.493
137 V -0.381 -2.566 -2.968 -3.153 0.278 -2.668 -2.997 -3.022 -2.865 3.339 1.095 -2.42 0.924 -0.272 -3.21 -2.388 -0.532 -2.338 -1.271 3.916
138 V -0.381 -2.566 -2.968 -3.153 0.278 -2.668 -2.997 -3.022 -2.865 3.339 1.095 -2.42 0.924 -0.272 -3.21 -2.388 -0.532 -2.338 -1.271 3.916
139 I -1.362 -3.086 -3.248 -3.166 -0.136 -3.195 -3.672 -3.465 -2.697 4.483 1.691 -2.664 1.286 0.232 -3.49 -3.062 -1.06 -2.17 -1.271 2.875
140 F -2.32 -2.882 -2.846 -3.3 -1.36 -3.85 -3.468 -2.86 -0.814 0.291 0.579 -3.29 0.216 6.492 -4.434 -3.016 -2.356 0.866 2.945 -0.493
141 F -2.32 -2.882 -2.846 -3.3 -1.36 -3.85 -3.468 -2.86 -0.814 0.291 0.579 -3.29 0.216 6.492 -4.434 -3.016 -2.356 0.866 2.945 -0.493
142 V -0.219 -2.472 -2.915 -3.15 0.354 -2.573 -2.879 -2.941 -2.9 3.044 0.96 -2.374 0.846 -0.384 -3.157 -2.27 -0.437 -2.373 -1.271 4.086
143 V -0.219 -2.472 -2.915 -3.15 0.354 -2.573 -2.879 -2.941 -2.9 3.044 0.96 -2.374 0.846 -0.384 -3.157 -2.27 -0.437 -2.373 -1.271 4.086
144 G 0.104 -2.343 -0.426 -1.308 -1.306 -2.181 -2.608 5.796 -1.462 -3.201 -3.446 -1.636 -2.652 -2.664 -2.765 -0.988 -1.905 -2.426 -3.134 -2.85
145 F -2.137 -2.915 -2.909 -3.277 -1.116 -3.73 -3.501 -2.953 -1.054 1.548 0.797 -3.176 0.424 6.031 -4.253 -3.024 -2.096 0.535 2.55 0.413
146 C -0.433 -3.324 -2.95 -3.404 9.664 -3.444 -3.91 -2.149 -2.936 -0.717 -1.047 -3.099 -1.064 -2.013 -3.192 -1.656 -1.302 -3.22 -2.782 -0.395
147 Q -0.868 1.022 -0.078 -0.342 -1.897 4.831 1.406 -1.465 0.784 -2.226 -1.976 1.236 -0.389 -2.944 -2.137 -0.74 -0.961 -2.17 -1.271 -1.773
148 L -1.526 -2.172 -3.348 -3.606 -0.136 -2.626 -3.291 -3.368 -2.299 2.019 4.014 -2.464 2.147 0.847 -3.59 -3.144 -1.566 -1.636 -1.042 1.12
149 V -0.381 -2.566 -2.968 -3.153 0.278 -2.668 -2.997 -3.022 -2.865 3.339 1.095 -2.42 0.924 -0.272 -3.21 -2.388 -0.532 -2.338 -1.271 3.916
150 K -0.812 2.108 -0.254 -0.708 -1.963 0.821 0.328 -1.328 -0.229 -2.109 -2.226 4.453 -1.209 -2.791 -1.673 -0.867 -1.068 -2.535 -1.774 -1.984
151 T -0.098 -1.078 -0.124 -1.0 0.136 -1.089 -1.363 -1.314 -1.399 -0.21 -1.043 -0.776 -0.517 -1.566 -1.673 0.719 4.201 -2.17 -1.692 0.244
152 L -1.644 -2.279 -3.258 -3.552 -0.307 -2.797 -3.32 -3.277 -1.992 1.794 3.658 -2.586 1.902 2.865 -3.715 -3.122 -1.684 -1.039 0.122 0.907
153 L -1.263 -2.22 -3.271 -3.525 -0.048 -2.617 -3.218 -3.292 -2.391 2.217 3.681 -2.448 1.967 0.675 -3.513 -2.979 -1.345 -1.747 -1.079 1.875
154 Y -1.798 -1.763 -2.111 -3.008 -1.737 -1.769 -2.349 -2.918 2.119 -0.789 -0.896 -1.859 -0.668 3.363 -3.319 -2.423 -2.075 2.323 6.624 -0.965
155 F -2.32 -2.882 -2.846 -3.3 -1.36 -3.85 -3.468 -2.86 -0.814 0.291 0.579 -3.29 0.216 6.492 -4.434 -3.016 -2.356 0.866 2.945 -0.493
156 R -1.389 5.131 -0.414 -1.391 -2.196 0.582 -0.381 -1.967 0.059 -2.51 -2.048 2.604 -1.209 -2.511 -2.493 -1.297 -1.374 -2.27 -1.76 -2.12
157 F -2.32 -2.882 -2.846 -3.3 -1.36 -3.85 -3.468 -2.86 -0.814 0.291 0.579 -3.29 0.216 6.492 -4.434 -3.016 -2.356 0.866 2.945 -0.493
158 I -1.362 -3.086 -3.248 -3.166 -0.136 -3.195 -3.672 -3.465 -2.697 4.483 1.691 -2.664 1.286 0.232 -3.49 -3.062 -1.06 -2.17 -1.271 2.875
159 I -1.362 -3.086 -3.248 -3.166 -0.136 -3.195 -3.672 -3.465 -2.697 4.483 1.691 -2.664 1.286 0.232 -3.49 -3.062 -1.06 -2.17 -1.271 2.875
160 D -1.743 -1.342 2.567 5.403 -2.263 -0.797 0.835 -0.923 -0.21 -2.709 -3.418 -0.719 -2.587 -2.807 -2.322 -0.781 -1.214 -3.415 -2.842 -2.797
161 S 1.082 -0.727 0.511 -0.234 0.087 -0.555 -0.541 -0.092 -0.446 -1.897 -2.314 -0.271 -1.172 -1.929 -1.461 3.212 1.025 -2.535 -1.741 -1.278
162 G 0.104 -2.343 -0.426 -1.308 -1.306 -2.181 -2.608 5.796 -1.462 -3.201 -3.446 -1.636 -2.652 -2.664 -2.765 -0.988 -1.905 -2.426 -3.134 -2.85
163 L -1.526 -2.172 -3.348 -3.606 -0.136 -2.626 -3.291 -3.368 -2.299 2.019 4.014 -2.464 2.147 0.847 -3.59 -3.144 -1.566 -1.636 -1.042 1.12
164 G 0.104 -2.343 -0.426 -1.308 -1.306 -2.181 -2.608 5.796 -1.462 -3.201 -3.446 -1.636 -2.652 -2.664 -2.765 -0.988 -1.905 -2.426 -3.134 -2.85
165 H -1.693 -0.343 0.474 -0.947 -2.32 -0.151 -0.486 -1.683 7.972 -2.647 -2.581 -0.751 -1.247 -0.838 -2.735 -1.565 -2.212 -1.44 1.681 -3.021
166 L -1.526 -2.172 -3.348 -3.606 -0.136 -2.626 -3.291 -3.368 -2.299 2.019 4.014 -2.464 2.147 0.847 -3.59 -3.144 -1.566 -1.636 -1.042 1.12
167 A 3.883 -1.469 -1.648 -1.673 0.694 -1.306 -1.284 0.388 -1.197 -0.816 -1.307 -0.834 -0.859 -1.834 -1.461 0.469 -0.408 -2.426 -1.741 0.153
168 I -1.362 -3.086 -3.248 -3.166 -0.136 -3.195 -3.672 -3.465 -2.697 4.483 1.691 -2.664 1.286 0.232 -3.49 -3.062 -1.06 -2.17 -1.271 2.875
169 Y -1.798 -1.763 -2.111 -3.008 -1.737 -1.769 -2.349 -2.918 2.119 -0.789 -0.896 -1.859 -0.668 3.363 -3.319 -2.423 -2.075 2.323 6.624 -0.965
170 T -0.098 -1.078 -0.124 -1.0 0.136 -1.089 -1.363 -1.314 -1.399 -0.21 -1.043 -0.776 -0.517 -1.566 -1.673 0.719 4.201 -2.17 -1.692 0.244
171 E -0.905 -0.107 -0.324 1.532 -2.397 1.361 4.46 -1.935 0.407 -2.75 -2.688 0.691 -1.739 -2.593 -1.867 -0.777 -1.286 -2.373 -1.893 -2.12
172 G 0.104 -2.343 -0.426 -1.308 -1.306 -2.181 -2.608 5.796 -1.462 -3.201 -3.446 -1.636 -2.652 -2.664 -2.765 -0.988 -1.905 -2.426 -3.134 -2.85
173 E -0.905 -0.107 -0.324 1.532 -2.397 1.361 4.46 -1.935 0.407 -2.75 -2.688 0.691 -1.739 -2.593 -1.867 -0.777 -1.286 -2.373 -1.893 -2.12
174 V 0.782 -2.457 -2.759 -2.85 0.263 -2.495 -2.758 -2.17 -2.476 3.299 0.976 -2.137 0.789 -0.345 -2.89 -1.783 -0.625 -2.312 -1.344 3.301
175 L -1.526 -2.172 -3.348 -3.606 -0.136 -2.626 -3.291 -3.368 -2.299 2.019 4.014 -2.464 2.147 0.847 -3.59 -3.144 -1.566 -1.636 -1.042 1.12
176 T -0.274 -1.33 -0.461 -1.266 0.092 -1.349 -1.641 -1.579 -1.578 1.289 -0.368 -1.017 -0.128 -1.177 -1.907 0.345 3.767 -2.17 -1.617 0.883
177 A 3.883 -1.469 -1.648 -1.673 0.694 -1.306 -1.284 0.388 -1.197 -0.816 -1.307 -0.834 -0.859 -1.834 -1.461 0.469 -0.408 -2.426 -1.741 0.153
178 Q -0.868 1.022 -0.078 -0.342 -1.897 4.831 1.406 -1.465 0.784 -2.226 -1.976 1.236 -0.389 -2.944 -2.137 -0.74 -0.961 -2.17 -1.271 -1.773
179 V -0.219 -2.472 -2.915 -3.15 0.354 -2.573 -2.879 -2.941 -2.9 3.044 0.96 -2.374 0.846 -0.384 -3.157 -2.27 -0.437 -2.373 -1.271 4.086
180 P -0.822 -1.999 -1.919 -1.549 -1.443 -1.919 -1.608 -1.838 -1.593 -2.303 -2.736 -1.05 -2.389 -3.321 6.648 -1.437 -1.334 -4.535 -2.621 -2.147
181 F -2.32 -2.882 -2.846 -3.3 -1.36 -3.85 -3.468 -2.86 -0.814 0.291 0.579 -3.29 0.216 6.492 -4.434 -3.016 -2.356 0.866 2.945 -0.493
182 V -0.4 -2.42 -2.983 -3.221 0.278 -2.582 -2.944 -3.008 -2.791 2.896 1.747 -2.389 1.108 -0.139 -3.225 -2.398 -0.597 -2.236 -1.231 3.759
183 I -1.362 -3.086 -3.248 -3.166 -0.136 -3.195 -3.672 -3.465 -2.697 4.483 1.691 -2.664 1.286 0.232 -3.49 -3.062 -1.06 -2.17 -1.271 2.875
184 R -1.52 5.483 -0.448 -1.549 -2.245 0.532 -0.546 -2.114 0.113 -2.597 -2.013 2.033 -1.209 -2.458 -2.69 -1.392 -1.439 -2.22 -1.758 -2.147
185 A 3.883 -1.469 -1.648 -1.673 0.694 -1.306 -1.284 0.388 -1.197 -0.816 -1.307 -0.834 -0.859 -1.834 -1.461 0.469 -0.408 -2.426 -1.741 0.153
186 I -1.362 -3.086 -3.248 -3.166 -0.136 -3.195 -3.672 -3.465 -2.697 4.483 1.691 -2.664 1.286 0.232 -3.49 -3.062 -1.06 -2.17 -1.271 2.875
187 S 1.082 -0.727 0.511 -0.234 0.087 -0.555 -0.541 -0.092 -0.446 -1.897 -2.314 -0.271 -1.172 -1.929 -1.461 3.212 1.025 -2.535 -1.741 -1.278
188 G 0.104 -2.343 -0.426 -1.308 -1.306 -2.181 -2.608 5.796 -1.462 -3.201 -3.446 -1.636 -2.652 -2.664 -2.765 -0.988 -1.905 -2.426 -3.134 -2.85
189 L -1.526 -2.172 -3.348 -3.606 -0.136 -2.626 -3.291 -3.368 -2.299 2.019 4.014 -2.464 2.147 0.847 -3.59 -3.144 -1.566 -1.636 -1.042 1.12
190 S 1.082 -0.727 0.511 -0.234 0.087 -0.555 -0.541 -0.092 -0.446 -1.897 -2.314 -0.271 -1.172 -1.929 -1.461 3.212 1.025 -2.535 -1.741 -1.278
191 L -1.526 -2.172 -3.348 -3.606 -0.136 -2.626 -3.291 -3.368 -2.299 2.019 4.014 -2.464 2.147 0.847 -3.59 -3.144 -1.566 -1.636 -1.042 1.12
192 I -1.362 -3.086 -3.248 -3.166 -0.136 -3.195 -3.672 -3.465 -2.697 4.483 1.691 -2.664 1.286 0.232 -3.49 -3.062 -1.06 -2.17 -1.271 2.875
193 L -1.066 -1.369 -2.345 -2.799 -0.154 -1.037 -2.339 -2.569 -0.954 1.618 2.149 -1.438 5.537 0.482 -3.228 -2.002 -1.031 -1.292 -0.818 1.004
194 S 1.082 -0.727 0.511 -0.234 0.087 -0.555 -0.541 -0.092 -0.446 -1.897 -2.314 -0.271 -1.172 -1.929 -1.461 3.212 1.025 -2.535 -1.741 -1.278
195 L -1.263 -2.22 -3.271 -3.525 -0.048 -2.617 -3.218 -3.292 -2.391 2.217 3.681 -2.448 1.967 0.675 -3.513 -2.979 -1.345 -1.747 -1.079 1.875
196 A 3.883 -1.469 -1.648 -1.673 0.694 -1.306 -1.284 0.388 -1.197 -0.816 -1.307 -0.834 -0.859 -1.834 -1.461 0.469 -0.408 -2.426 -1.741 0.153
197 T -0.098 -1.078 -0.124 -1.0 0.136 -1.089 -1.363 -1.314 -1.399 -0.21 -1.043 -0.776 -0.517 -1.566 -1.673 0.719 4.201 -2.17 -1.692 0.244
198 F -2.32 -2.882 -2.846 -3.3 -1.36 -3.85 -3.468 -2.86 -0.814 0.291 0.579 -3.29 0.216 6.492 -4.434 -3.016 -2.356 0.866 2.945 -0.493
199 Y -1.798 -1.763 -2.111 -3.008 -1.737 -1.769 -2.349 -2.918 2.119 -0.789 -0.896 -1.859 -0.668 3.363 -3.319 -2.423 -2.075 2.323 6.624 -0.965
200 F -2.226 -2.663 -2.71 -3.249 -1.419 -3.382 -3.249 -2.87 -0.07 0.137 0.38 -2.997 0.086 6.155 -4.215 -2.908 -2.307 1.166 3.977 -0.566
201 K -0.812 2.108 -0.254 -0.708 -1.963 0.821 0.328 -1.328 -0.229 -2.109 -2.226 4.453 -1.209 -2.791 -1.673 -0.867 -1.068 -2.535 -1.774 -1.984
202 A 3.499 -1.4 -1.331 -1.549 0.608 -1.268 -1.297 0.165 -1.229 -0.705 -1.261 -0.825 -0.799 -1.787 -1.495 0.512 1.049 -2.382 -1.733 0.168
203 P -0.822 -1.999 -1.919 -1.549 -1.443 -1.919 -1.608 -1.838 -1.593 -2.303 -2.736 -1.05 -2.389 -3.321 6.648 -1.437 -1.334 -4.535 -2.621 -2.147
204 R -1.258 4.994 -0.738 -1.762 -1.616 0.196 -0.826 -2.236 -0.217 -0.582 -1.256 1.629 -0.749 -1.992 -2.763 -1.521 -1.246 -2.245 -1.671 0.23
205 Y -1.798 -1.763 -2.111 -3.008 -1.737 -1.769 -2.349 -2.918 2.119 -0.789 -0.896 -1.859 -0.668 3.363 -3.319 -2.423 -2.075 2.323 6.624 -0.965
206 L -1.526 -2.172 -3.348 -3.606 -0.136 -2.626 -3.291 -3.368 -2.299 2.019 4.014 -2.464 2.147 0.847 -3.59 -3.144 -1.566 -1.636 -1.042 1.12
207 R -1.389 5.131 -0.414 -1.391 -2.196 0.582 -0.381 -1.967 0.059 -2.51 -2.048 2.604 -1.209 -2.511 -2.493 -1.297 -1.374 -2.27 -1.76 -2.12
208 W -2.635 -2.368 -3.152 -3.606 -2.32 -2.81 -2.954 -2.351 -1.12 -1.839 -1.636 -2.776 -1.266 1.143 -5.394 -3.34 -2.68 10.596 2.184 -2.213
209 I -1.362 -3.086 -3.248 -3.166 -0.136 -3.195 -3.672 -3.465 -2.697 4.483 1.691 -2.664 1.286 0.232 -3.49 -3.062 -1.06 -2.17 -1.271 2.875
210 G 0.292 -2.003 -0.247 -1.099 -1.022 -1.838 -2.144 5.344 -1.266 -2.939 -3.224 -1.359 -2.347 -2.528 -2.503 0.272 -1.162 -2.444 -2.85 -2.521
211 F -2.32 -2.882 -2.846 -3.3 -1.36 -3.85 -3.468 -2.86 -0.814 0.291 0.579 -3.29 0.216 6.492 -4.434 -3.016 -2.356 0.866 2.945 -0.493
212 I -1.134 -2.49 -2.448 -2.731 -0.089 -2.632 -3.08 -2.962 -2.371 3.73 1.977 -2.221 1.229 0.121 -3.111 -1.997 0.697 -2.074 -1.296 2.317
213 L -1.526 -2.172 -3.348 -3.606 -0.136 -2.626 -3.291 -3.368 -2.299 2.019 4.014 -2.464 2.147 0.847 -3.59 -3.144 -1.566 -1.636 -1.042 1.12
214 L -1.526 -2.172 -3.348 -3.606 -0.136 -2.626 -3.291 -3.368 -2.299 2.019 4.014 -2.464 2.147 0.847 -3.59 -3.144 -1.566 -1.636 -1.042 1.12
215 A 3.883 -1.469 -1.648 -1.673 0.694 -1.306 -1.284 0.388 -1.197 -0.816 -1.307 -0.834 -0.859 -1.834 -1.461 0.469 -0.408 -2.426 -1.741 0.153
216 S 1.082 -0.727 0.511 -0.234 0.087 -0.555 -0.541 -0.092 -0.446 -1.897 -2.314 -0.271 -1.172 -1.929 -1.461 3.212 1.025 -2.535 -1.741 -1.278
217 E -0.905 -0.107 -0.324 1.532 -2.397 1.361 4.46 -1.935 0.407 -2.75 -2.688 0.691 -1.739 -2.593 -1.867 -0.777 -1.286 -2.373 -1.893 -2.12
218 L -1.526 -2.172 -3.348 -3.606 -0.136 -2.626 -3.291 -3.368 -2.299 2.019 4.014 -2.464 2.147 0.847 -3.59 -3.144 -1.566 -1.636 -1.042 1.12
219 L -1.526 -2.172 -3.348 -3.606 -0.136 -2.626 -3.291 -3.368 -2.299 2.019 4.014 -2.464 2.147 0.847 -3.59 -3.144 -1.566 -1.636 -1.042 1.12
220 I -1.362 -3.086 -3.248 -3.166 -0.136 -3.195 -3.672 -3.465 -2.697 4.483 1.691 -2.664 1.286 0.232 -3.49 -3.062 -1.06 -2.17 -1.271 2.875
221 G 0.104 -2.343 -0.426 -1.308 -1.306 -2.181 -2.608 5.796 -1.462 -3.201 -3.446 -1.636 -2.652 -2.664 -2.765 -0.988 -1.905 -2.426 -3.134 -2.85
222 I -1.362 -3.086 -3.248 -3.166 -0.136 -3.195 -3.672 -3.465 -2.697 4.483 1.691 -2.664 1.286 0.232 -3.49 -3.062 -1.06 -2.17 -1.271 2.875
223 R -1.52 5.483 -0.448 -1.549 -2.245 0.532 -0.546 -2.114 0.113 -2.597 -2.013 2.033 -1.209 -2.458 -2.69 -1.392 -1.439 -2.22 -1.758 -2.147
224 S 1.082 -0.727 0.511 -0.234 0.087 -0.555 -0.541 -0.092 -0.446 -1.897 -2.314 -0.271 -1.172 -1.929 -1.461 3.212 1.025 -2.535 -1.741 -1.278
225 K -0.812 2.108 -0.254 -0.708 -1.963 0.821 0.328 -1.328 -0.229 -2.109 -2.226 4.453 -1.209 -2.791 -1.673 -0.867 -1.068 -2.535 -1.774 -1.984
226 F -2.32 -2.882 -2.846 -3.3 -1.36 -3.85 -3.468 -2.86 -0.814 0.291 0.579 -3.29 0.216 6.492 -4.434 -3.016 -2.356 0.866 2.945 -0.493
227 F -2.32 -2.882 -2.846 -3.3 -1.36 -3.85 -3.468 -2.86 -0.814 0.291 0.579 -3.29 0.216 6.492 -4.434 -3.016 -2.356 0.866 2.945 -0.493
228 F -2.32 -2.882 -2.846 -3.3 -1.36 -3.85 -3.468 -2.86 -0.814 0.291 0.579 -3.29 0.216 6.492 -4.434 -3.016 -2.356 0.866 2.945 -0.493
229 S 1.082 -0.727 0.511 -0.234 0.087 -0.555 -0.541 -0.092 -0.446 -1.897 -2.314 -0.271 -1.172 -1.929 -1.461 3.212 1.025 -2.535 -1.741 -1.278
230 L -1.644 -2.279 -3.258 -3.552 -0.307 -2.797 -3.32 -3.277 -1.992 1.794 3.658 -2.586 1.902 2.865 -3.715 -3.122 -1.684 -1.039 0.122 0.907
231 I -1.389 -2.912 -3.265 -3.235 -0.136 -3.092 -3.605 -3.448 -2.627 4.192 2.232 -2.63 1.448 0.344 -3.507 -3.075 -1.139 -2.074 -1.231 2.647
232 C -0.433 -3.324 -2.95 -3.404 9.664 -3.444 -3.91 -2.149 -2.936 -0.717 -1.047 -3.099 -1.064 -2.013 -3.192 -1.656 -1.302 -3.22 -2.782 -0.395
233 I -1.362 -3.086 -3.248 -3.166 -0.136 -3.195 -3.672 -3.465 -2.697 4.483 1.691 -2.664 1.286 0.232 -3.49 -3.062 -1.06 -2.17 -1.271 2.875
234 I -1.362 -3.086 -3.248 -3.166 -0.136 -3.195 -3.672 -3.465 -2.697 4.483 1.691 -2.664 1.286 0.232 -3.49 -3.062 -1.06 -2.17 -1.271 2.875
235 A 3.499 -1.4 -1.331 -1.549 0.608 -1.268 -1.297 0.165 -1.229 -0.705 -1.261 -0.825 -0.799 -1.787 -1.495 0.512 1.049 -2.382 -1.733 0.168
236 L -1.526 -2.172 -3.348 -3.606 -0.136 -2.626 -3.291 -3.368 -2.299 2.019 4.014 -2.464 2.147 0.847 -3.59 -3.144 -1.566 -1.636 -1.042 1.12
237 S 1.082 -0.727 0.511 -0.234 0.087 -0.555 -0.541 -0.092 -0.446 -1.897 -2.314 -0.271 -1.172 -1.929 -1.461 3.212 1.025 -2.535 -1.741 -1.278
238 L -1.526 -2.172 -3.348 -3.606 -0.136 -2.626 -3.291 -3.368 -2.299 2.019 4.014 -2.464 2.147 0.847 -3.59 -3.144 -1.566 -1.636 -1.042 1.12
239 Y -1.798 -1.763 -2.111 -3.008 -1.737 -1.769 -2.349 -2.918 2.119 -0.789 -0.896 -1.859 -0.668 3.363 -3.319 -2.423 -2.075 2.323 6.624 -0.965
240 S 1.779 -0.838 0.246 -0.429 0.197 -0.668 -0.652 -0.006 -0.558 -1.686 -2.12 -0.357 -1.118 -1.913 -1.461 2.9 0.831 -2.516 -1.741 -0.985
241 N -1.645 -0.4 5.612 1.296 -1.832 -0.512 -0.711 -0.14 0.983 -2.698 -3.137 -0.281 -2.147 -2.36 -2.573 -0.104 -0.437 -2.952 -2.054 -2.546
242 R -1.52 5.483 -0.448 -1.549 -2.245 0.532 -0.546 -2.114 0.113 -2.597 -2.013 2.033 -1.209 -2.458 -2.69 -1.392 -1.439 -2.22 -1.758 -2.147
243 Y -1.737 -0.978 1.694 -1.123 -1.935 -0.921 -1.317 -1.85 5.426 -1.577 -1.678 -1.153 -1.061 1.892 -2.982 -1.619 -1.769 0.931 4.994 -1.758
244 L -0.894 -1.875 -2.24 -2.698 -0.098 -2.161 -2.611 -2.498 -1.895 1.638 3.551 -1.962 1.798 0.534 -3.108 -0.689 -0.94 -1.768 -1.147 0.835
245 I -1.362 -3.086 -3.248 -3.166 -0.136 -3.195 -3.672 -3.465 -2.697 4.483 1.691 -2.664 1.286 0.232 -3.49 -3.062 -1.06 -2.17 -1.271 2.875
246 Q -0.859 1.233 -0.107 -0.4 -1.908 4.445 1.252 -1.441 0.638 -2.206 -2.016 2.084 -0.51 -2.918 -2.054 -0.761 -0.978 -2.228 -1.349 -1.807
247 S 0.841 -0.018 0.397 -0.308 -0.169 -0.275 -0.377 -0.264 -0.408 -1.931 -2.299 1.244 -1.178 -2.056 -1.495 2.823 0.766 -2.535 -1.747 -1.384
248 K -0.821 1.953 -0.224 -0.643 -1.952 1.995 0.538 -1.35 -0.033 -2.128 -2.183 4.11 -1.055 -2.816 -1.745 -0.845 -1.049 -2.471 -1.684 -1.948
249 F -2.32 -2.882 -2.846 -3.3 -1.36 -3.85 -3.468 -2.86 -0.814 0.291 0.579 -3.29 0.216 6.492 -4.434 -3.016 -2.356 0.866 2.945 -0.493
250 V -0.381 -2.566 -2.968 -3.153 0.278 -2.668 -2.997 -3.022 -2.865 3.339 1.095 -2.42 0.924 -0.272 -3.21 -2.388 -0.532 -2.338 -1.271 3.916
251 K -0.812 2.108 -0.254 -0.708 -1.963 0.821 0.328 -1.328 -0.229 -2.109 -2.226 4.453 -1.209 -2.791 -1.673 -0.867 -1.068 -2.535 -1.774 -1.984
252 L -1.263 -2.22 -3.271 -3.525 -0.048 -2.617 -3.218 -3.292 -2.391 2.217 3.681 -2.448 1.967 0.675 -3.513 -2.979 -1.345 -1.747 -1.079 1.875
253 S 1.082 -0.727 0.511 -0.234 0.087 -0.555 -0.541 -0.092 -0.446 -1.897 -2.314 -0.271 -1.172 -1.929 -1.461 3.212 1.025 -2.535 -1.741 -1.278
254 K -0.812 2.108 -0.254 -0.708 -1.963 0.821 0.328 -1.328 -0.229 -2.109 -2.226 4.453 -1.209 -2.791 -1.673 -0.867 -1.068 -2.535 -1.774 -1.984
255 I -1.138 -2.974 -3.19 -3.164 -0.048 -3.082 -3.524 -3.37 -2.73 4.287 1.581 -2.614 1.217 0.138 -3.432 -2.914 -0.947 -2.203 -1.271 3.115
256 Q -0.967 2.406 -0.137 -0.512 -1.952 4.432 1.16 -1.563 0.682 -2.285 -1.983 1.385 -0.51 -2.857 -2.222 -0.839 -1.035 -2.178 -1.346 -1.832
257 Y -1.798 -1.763 -2.111 -3.008 -1.737 -1.769 -2.349 -2.918 2.119 -0.789 -0.896 -1.859 -0.668 3.363 -3.319 -2.423 -2.075 2.323 6.624 -0.965
258 L -1.526 -2.172 -3.348 -3.606 -0.136 -2.626 -3.291 -3.368 -2.299 2.019 4.014 -2.464 2.147 0.847 -3.59 -3.144 -1.566 -1.636 -1.042 1.12
259 L -1.263 -2.22 -3.271 -3.525 -0.048 -2.617 -3.218 -3.292 -2.391 2.217 3.681 -2.448 1.967 0.675 -3.513 -2.979 -1.345 -1.747 -1.079 1.875
260 I -1.362 -3.086 -3.248 -3.166 -0.136 -3.195 -3.672 -3.465 -2.697 4.483 1.691 -2.664 1.286 0.232 -3.49 -3.062 -1.06 -2.17 -1.271 2.875
261 G 0.104 -2.343 -0.426 -1.308 -1.306 -2.181 -2.608 5.796 -1.462 -3.201 -3.446 -1.636 -2.652 -2.664 -2.765 -0.988 -1.905 -2.426 -3.134 -2.85
262 F -2.32 -2.882 -2.846 -3.3 -1.36 -3.85 -3.468 -2.86 -0.814 0.291 0.579 -3.29 0.216 6.492 -4.434 -3.016 -2.356 0.866 2.945 -0.493
263 I -1.362 -3.086 -3.248 -3.166 -0.136 -3.195 -3.672 -3.465 -2.697 4.483 1.691 -2.664 1.286 0.232 -3.49 -3.062 -1.06 -2.17 -1.271 2.875
264 L -1.526 -2.172 -3.348 -3.606 -0.136 -2.626 -3.291 -3.368 -2.299 2.019 4.014 -2.464 2.147 0.847 -3.59 -3.144 -1.566 -1.636 -1.042 1.12
265 F -2.32 -2.882 -2.846 -3.3 -1.36 -3.85 -3.468 -2.86 -0.814 0.291 0.579 -3.29 0.216 6.492 -4.434 -3.016 -2.356 0.866 2.945 -0.493
266 S 1.082 -0.727 0.511 -0.234 0.087 -0.555 -0.541 -0.092 -0.446 -1.897 -2.314 -0.271 -1.172 -1.929 -1.461 3.212 1.025 -2.535 -1.741 -1.278
267 L -1.526 -2.172 -3.348 -3.606 -0.136 -2.626 -3.291 -3.368 -2.299 2.019 4.014 -2.464 2.147 0.847 -3.59 -3.144 -1.566 -1.636 -1.042 1.12
268 I -1.362 -3.086 -3.248 -3.166 -0.136 -3.195 -3.672 -3.465 -2.697 4.483 1.691 -2.664 1.286 0.232 -3.49 -3.062 -1.06 -2.17 -1.271 2.875
269 S 1.082 -0.727 0.511 -0.234 0.087 -0.555 -0.541 -0.092 -0.446 -1.897 -2.314 -0.271 -1.172 -1.929 -1.461 3.212 1.025 -2.535 -1.741 -1.278
270 Y -1.798 -1.763 -2.111 -3.008 -1.737 -1.769 -2.349 -2.918 2.119 -0.789 -0.896 -1.859 -0.668 3.363 -3.319 -2.423 -2.075 2.323 6.624 -0.965
271 F -2.32 -2.882 -2.846 -3.3 -1.36 -3.85 -3.468 -2.86 -0.814 0.291 0.579 -3.29 0.216 6.492 -4.434 -3.016 -2.356 0.866 2.945 -0.493
272 R -1.52 5.483 -0.448 -1.549 -2.245 0.532 -0.546 -2.114 0.113 -2.597 -2.013 2.033 -1.209 -2.458 -2.69 -1.392 -1.439 -2.22 -1.758 -2.147
273 E -0.905 -0.107 -0.324 1.532 -2.397 1.361 4.46 -1.935 0.407 -2.75 -2.688 0.691 -1.739 -2.593 -1.867 -0.777 -1.286 -2.373 -1.893 -2.12
274 G 0.104 -2.343 -0.426 -1.308 -1.306 -2.181 -2.608 5.796 -1.462 -3.201 -3.446 -1.636 -2.652 -2.664 -2.765 -0.988 -1.905 -2.426 -3.134 -2.85
275 Y -1.798 -1.763 -2.111 -3.008 -1.737 -1.769 -2.349 -2.918 2.119 -0.789 -0.896 -1.859 -0.668 3.363 -3.319 -2.423 -2.075 2.323 6.624 -0.965
276 E -0.905 -0.107 -0.324 1.532 -2.397 1.361 4.46 -1.935 0.407 -2.75 -2.688 0.691 -1.739 -2.593 -1.867 -0.777 -1.286 -2.373 -1.893 -2.12
277 I -1.362 -3.086 -3.248 -3.166 -0.136 -3.195 -3.672 -3.465 -2.697 4.483 1.691 -2.664 1.286 0.232 -3.49 -3.062 -1.06 -2.17 -1.271 2.875
278 N -1.645 -0.4 5.612 1.296 -1.832 -0.512 -0.711 -0.14 0.983 -2.698 -3.137 -0.281 -2.147 -2.36 -2.573 -0.104 -0.437 -2.952 -2.054 -2.546
279 F -2.32 -2.882 -2.846 -3.3 -1.36 -3.85 -3.468 -2.86 -0.814 0.291 0.579 -3.29 0.216 6.492 -4.434 -3.016 -2.356 0.866 2.945 -0.493
280 I -1.362 -3.086 -3.248 -3.166 -0.136 -3.195 -3.672 -3.465 -2.697 4.483 1.691 -2.664 1.286 0.232 -3.49 -3.062 -1.06 -2.17 -1.271 2.875
281 N -0.973 -0.452 5.183 1.091 -1.41 -0.52 -0.682 -0.132 0.789 -2.548 -2.983 -0.28 -1.96 -2.283 -2.355 0.782 -0.136 -2.878 -2.0 -2.292
282 Y -1.798 -1.763 -2.111 -3.008 -1.737 -1.769 -2.349 -2.918 2.119 -0.789 -0.896 -1.859 -0.668 3.363 -3.319 -2.423 -2.075 2.323 6.624 -0.965
283 L -1.526 -2.172 -3.348 -3.606 -0.136 -2.626 -3.291 -3.368 -2.299 2.019 4.014 -2.464 2.147 0.847 -3.59 -3.144 -1.566 -1.636 -1.042 1.12
284 V -0.219 -2.472 -2.915 -3.15 0.354 -2.573 -2.879 -2.941 -2.9 3.044 0.96 -2.374 0.846 -0.384 -3.157 -2.27 -0.437 -2.373 -1.271 4.086
285 I -1.362 -3.086 -3.248 -3.166 -0.136 -3.195 -3.672 -3.465 -2.697 4.483 1.691 -2.664 1.286 0.232 -3.49 -3.062 -1.06 -2.17 -1.271 2.875
286 V -0.219 -2.472 -2.915 -3.15 0.354 -2.573 -2.879 -2.941 -2.9 3.044 0.96 -2.374 0.846 -0.384 -3.157 -2.27 -0.437 -2.373 -1.271 4.086
287 L -1.526 -2.172 -3.348 -3.606 -0.136 -2.626 -3.291 -3.368 -2.299 2.019 4.014 -2.464 2.147 0.847 -3.59 -3.144 -1.566 -1.636 -1.042 1.12
288 D -1.763 -1.574 1.213 5.811 -2.358 -0.858 1.065 -1.109 -0.522 -2.711 -3.477 -0.815 -2.683 -2.905 -2.275 -0.938 -1.398 -3.517 -3.029 -2.85
289 S 1.082 -0.727 0.511 -0.234 0.087 -0.555 -0.541 -0.092 -0.446 -1.897 -2.314 -0.271 -1.172 -1.929 -1.461 3.212 1.025 -2.535 -1.741 -1.278
290 L -1.526 -2.172 -3.348 -3.606 -0.136 -2.626 -3.291 -3.368 -2.299 2.019 4.014 -2.464 2.147 0.847 -3.59 -3.144 -1.566 -1.636 -1.042 1.12
291 S 1.082 -0.727 0.511 -0.234 0.087 -0.555 -0.541 -0.092 -0.446 -1.897 -2.314 -0.271 -1.172 -1.929 -1.461 3.212 1.025 -2.535 -1.741 -1.278
292 S 1.082 -0.727 0.511 -0.234 0.087 -0.555 -0.541 -0.092 -0.446 -1.897 -2.314 -0.271 -1.172 -1.929 -1.461 3.212 1.025 -2.535 -1.741 -1.278
293 T -0.098 -1.078 -0.124 -1.0 0.136 -1.089 -1.363 -1.314 -1.399 -0.21 -1.043 -0.776 -0.517 -1.566 -1.673 0.719 4.201 -2.17 -1.692 0.244
294 L -1.526 -2.172 -3.348 -3.606 -0.136 -2.626 -3.291 -3.368 -2.299 2.019 4.014 -2.464 2.147 0.847 -3.59 -3.144 -1.566 -1.636 -1.042 1.12
295 A 3.883 -1.469 -1.648 -1.673 0.694 -1.306 -1.284 0.388 -1.197 -0.816 -1.307 -0.834 -0.859 -1.834 -1.461 0.469 -0.408 -2.426 -1.741 0.153
296 G 0.104 -2.343 -0.426 -1.308 -1.306 -2.181 -2.608 5.796 -1.462 -3.201 -3.446 -1.636 -2.652 -2.664 -2.765 -0.988 -1.905 -2.426 -3.134 -2.85
297 L -1.526 -2.172 -3.348 -3.606 -0.136 -2.626 -3.291 -3.368 -2.299 2.019 4.014 -2.464 2.147 0.847 -3.59 -3.144 -1.566 -1.636 -1.042 1.12
298 Q -0.868 1.022 -0.078 -0.342 -1.897 4.831 1.406 -1.465 0.784 -2.226 -1.976 1.236 -0.389 -2.944 -2.137 -0.74 -0.961 -2.17 -1.271 -1.773
299 D -1.763 -1.574 1.213 5.811 -2.358 -0.858 1.065 -1.109 -0.522 -2.711 -3.477 -0.815 -2.683 -2.905 -2.275 -0.938 -1.398 -3.517 -3.029 -2.85
300 V -0.4 -2.42 -2.983 -3.221 0.278 -2.582 -2.944 -3.008 -2.791 2.896 1.747 -2.389 1.108 -0.139 -3.225 -2.398 -0.597 -2.236 -1.231 3.759
301 F -2.32 -2.882 -2.846 -3.3 -1.36 -3.85 -3.468 -2.86 -0.814 0.291 0.579 -3.29 0.216 6.492 -4.434 -3.016 -2.356 0.866 2.945 -0.493
302 L -1.526 -2.172 -3.348 -3.606 -0.136 -2.626 -3.291 -3.368 -2.299 2.019 4.014 -2.464 2.147 0.847 -3.59 -3.144 -1.566 -1.636 -1.042 1.12
303 L -1.526 -2.172 -3.348 -3.606 -0.136 -2.626 -3.291 -3.368 -2.299 2.019 4.014 -2.464 2.147 0.847 -3.59 -3.144 -1.566 -1.636 -1.042 1.12
304 P -0.822 -1.999 -1.919 -1.549 -1.443 -1.919 -1.608 -1.838 -1.593 -2.303 -2.736 -1.05 -2.389 -3.321 6.648 -1.437 -1.334 -4.535 -2.621 -2.147
305 T 1.064 -1.14 -0.329 -1.102 0.237 -1.124 -1.35 -0.952 -1.364 -0.302 -1.085 -0.786 -0.572 -1.609 -1.636 0.679 3.79 -2.211 -1.7 0.229
306 A 3.568 -1.331 -1.156 -1.378 0.601 -1.166 -1.146 0.314 -1.057 -0.97 -1.452 -0.732 -0.909 -1.849 -1.461 1.146 -0.114 -2.444 -1.741 -0.041
307 Q -0.868 1.022 -0.078 -0.342 -1.897 4.831 1.406 -1.465 0.784 -2.226 -1.976 1.236 -0.389 -2.944 -2.137 -0.74 -0.961 -2.17 -1.271 -1.773
308 G 0.104 -2.343 -0.426 -1.308 -1.306 -2.181 -2.608 5.796 -1.462 -3.201 -3.446 -1.636 -2.652 -2.664 -2.765 -0.988 -1.905 -2.426 -3.134 -2.85
309 W -2.635 -2.368 -3.152 -3.606 -2.32 -2.81 -2.954 -2.351 -1.12 -1.839 -1.636 -2.776 -1.266 1.143 -5.394 -3.34 -2.68 10.596 2.184 -2.213
310 D -1.763 -1.574 1.213 5.811 -2.358 -0.858 1.065 -1.109 -0.522 -2.711 -3.477 -0.815 -2.683 -2.905 -2.275 -0.938 -1.398 -3.517 -3.029 -2.85
311 K -0.935 1.814 1.895 -0.262 -1.941 0.638 0.178 -1.093 0.012 -2.199 -2.359 4.037 -1.346 -2.715 -1.804 -0.725 -0.952 -2.6 -1.819 -2.071
312 I -1.362 -3.086 -3.248 -3.166 -0.136 -3.195 -3.672 -3.465 -2.697 4.483 1.691 -2.664 1.286 0.232 -3.49 -3.062 -1.06 -2.17 -1.271 2.875
313 D -1.763 -1.574 1.213 5.811 -2.358 -0.858 1.065 -1.109 -0.522 -2.711 -3.477 -0.815 -2.683 -2.905 -2.275 -0.938 -1.398 -3.517 -3.029 -2.85
314 A 3.468 -1.551 -1.691 -1.652 0.431 -1.399 -1.336 0.117 -1.259 -1.016 -1.501 -0.869 -1.064 -2.034 2.237 0.227 -0.543 -2.687 -1.87 -0.124
315 H -1.702 -0.547 2.045 -0.643 -2.13 -0.427 -0.764 -1.515 6.956 -2.25 -2.298 -0.82 -1.269 0.293 -2.796 -1.378 -1.809 -0.512 3.103 -2.488
316 V -0.381 -2.566 -2.968 -3.153 0.278 -2.668 -2.997 -3.022 -2.865 3.339 1.095 -2.42 0.924 -0.272 -3.21 -2.388 -0.532 -2.338 -1.271 3.916
317 I -1.362 -3.086 -3.248 -3.166 -0.136 -3.195 -3.672 -3.465 -2.697 4.483 1.691 -2.664 1.286 0.232 -3.49 -3.062 -1.06 -2.17 -1.271 2.875
318 L -1.526 -2.172 -3.348 -3.606 -0.136 -2.626 -3.291 -3.368 -2.299 2.019 4.014 -2.464 2.147 0.847 -3.59 -3.144 -1.566 -1.636 -1.042 1.12
319 T -0.098 -1.078 -0.124 -1.0 0.136 -1.089 -1.363 -1.314 -1.399 -0.21 -1.043 -0.776 -0.517 -1.566 -1.673 0.719 4.201 -2.17 -1.692 0.244
320 Q -0.868 1.022 -0.078 -0.342 -1.897 4.831 1.406 -1.465 0.784 -2.226 -1.976 1.236 -0.389 -2.944 -2.137 -0.74 -0.961 -2.17 -1.271 -1.773
321 I -1.362 -3.086 -3.248 -3.166 -0.136 -3.195 -3.672 -3.465 -2.697 4.483 1.691 -2.664 1.286 0.232 -3.49 -3.062 -1.06 -2.17 -1.271 2.875
322 L -1.644 -2.279 -3.258 -3.552 -0.307 -2.797 -3.32 -3.277 -1.992 1.794 3.658 -2.586 1.902 2.865 -3.715 -3.122 -1.684 -1.039 0.122 0.907
323 P -0.822 -1.999 -1.919 -1.549 -1.443 -1.919 -1.608 -1.838 -1.593 -2.303 -2.736 -1.05 -2.389 -3.321 6.648 -1.437 -1.334 -4.535 -2.621 -2.147
324 I -1.362 -3.086 -3.248 -3.166 -0.136 -3.195 -3.672 -3.465 -2.697 4.483 1.691 -2.664 1.286 0.232 -3.49 -3.062 -1.06 -2.17 -1.271 2.875
325 S 1.082 -0.727 0.511 -0.234 0.087 -0.555 -0.541 -0.092 -0.446 -1.897 -2.314 -0.271 -1.172 -1.929 -1.461 3.212 1.025 -2.535 -1.741 -1.278
326 G 0.104 -2.343 -0.426 -1.308 -1.306 -2.181 -2.608 5.796 -1.462 -3.201 -3.446 -1.636 -2.652 -2.664 -2.765 -0.988 -1.905 -2.426 -3.134 -2.85
327 F -2.32 -2.882 -2.846 -3.3 -1.36 -3.85 -3.468 -2.86 -0.814 0.291 0.579 -3.29 0.216 6.492 -4.434 -3.016 -2.356 0.866 2.945 -0.493
328 G 0.292 -2.003 -0.247 -1.099 -1.022 -1.838 -2.144 5.344 -1.266 -2.939 -3.224 -1.359 -2.347 -2.528 -2.503 0.272 -1.162 -2.444 -2.85 -2.521
329 F -2.32 -2.882 -2.846 -3.3 -1.36 -3.85 -3.468 -2.86 -0.814 0.291 0.579 -3.29 0.216 6.492 -4.434 -3.016 -2.356 0.866 2.945 -0.493
330 I -1.362 -3.086 -3.248 -3.166 -0.136 -3.195 -3.672 -3.465 -2.697 4.483 1.691 -2.664 1.286 0.232 -3.49 -3.062 -1.06 -2.17 -1.271 2.875
331 S 1.082 -0.727 0.511 -0.234 0.087 -0.555 -0.541 -0.092 -0.446 -1.897 -2.314 -0.271 -1.172 -1.929 -1.461 3.212 1.025 -2.535 -1.741 -1.278
332 D -1.763 -1.574 1.213 5.811 -2.358 -0.858 1.065 -1.109 -0.522 -2.711 -3.477 -0.815 -2.683 -2.905 -2.275 -0.938 -1.398 -3.517 -3.029 -2.85
333 S 0.781 -0.923 0.133 -0.586 0.051 -0.813 -0.852 -0.438 -0.683 -0.764 0.123 -0.539 -0.285 -1.24 -1.723 2.749 0.725 -2.364 -1.612 -0.714
334 Q -0.868 1.022 -0.078 -0.342 -1.897 4.831 1.406 -1.465 0.784 -2.226 -1.976 1.236 -0.389 -2.944 -2.137 -0.74 -0.961 -2.17 -1.271 -1.773
335 I -1.362 -3.086 -3.248 -3.166 -0.136 -3.195 -3.672 -3.465 -2.697 4.483 1.691 -2.664 1.286 0.232 -3.49 -3.062 -1.06 -2.17 -1.271 2.875
336 Y -1.798 -1.763 -2.111 -3.008 -1.737 -1.769 -2.349 -2.918 2.119 -0.789 -0.896 -1.859 -0.668 3.363 -3.319 -2.423 -2.075 2.323 6.624 -0.965
337 K -0.812 2.108 -0.254 -0.708 -1.963 0.821 0.328 -1.328 -0.229 -2.109 -2.226 4.453 -1.209 -2.791 -1.673 -0.867 -1.068 -2.535 -1.774 -1.984
338 Q -0.868 1.022 -0.078 -0.342 -1.897 4.831 1.406 -1.465 0.784 -2.226 -1.976 1.236 -0.389 -2.944 -2.137 -0.74 -0.961 -2.17 -1.271 -1.773
339 F -2.32 -2.882 -2.846 -3.3 -1.36 -3.85 -3.468 -2.86 -0.814 0.291 0.579 -3.29 0.216 6.492 -4.434 -3.016 -2.356 0.866 2.945 -0.493
340 S 1.082 -0.727 0.511 -0.234 0.087 -0.555 -0.541 -0.092 -0.446 -1.897 -2.314 -0.271 -1.172 -1.929 -1.461 3.212 1.025 -2.535 -1.741 -1.278
341 I -1.311 -2.719 -3.077 -3.102 -0.139 -2.704 -3.403 -3.295 -2.323 4.163 1.773 -2.42 2.57 0.275 -3.445 -2.856 -1.055 -2.004 -1.19 2.636
342 I -1.362 -3.086 -3.248 -3.166 -0.136 -3.195 -3.672 -3.465 -2.697 4.483 1.691 -2.664 1.286 0.232 -3.49 -3.062 -1.06 -2.17 -1.271 2.875
343 V -0.219 -2.472 -2.915 -3.15 0.354 -2.573 -2.879 -2.941 -2.9 3.044 0.96 -2.374 0.846 -0.384 -3.157 -2.27 -0.437 -2.373 -1.271 4.086
344 L -1.526 -2.172 -3.348 -3.606 -0.136 -2.626 -3.291 -3.368 -2.299 2.019 4.014 -2.464 2.147 0.847 -3.59 -3.144 -1.566 -1.636 -1.042 1.12
345 G 0.104 -2.343 -0.426 -1.308 -1.306 -2.181 -2.608 5.796 -1.462 -3.201 -3.446 -1.636 -2.652 -2.664 -2.765 -0.988 -1.905 -2.426 -3.134 -2.85
346 D -1.763 -1.574 1.213 5.811 -2.358 -0.858 1.065 -1.109 -0.522 -2.711 -3.477 -0.815 -2.683 -2.905 -2.275 -0.938 -1.398 -3.517 -3.029 -2.85
347 I -1.362 -3.086 -3.248 -3.166 -0.136 -3.195 -3.672 -3.465 -2.697 4.483 1.691 -2.664 1.286 0.232 -3.49 -3.062 -1.06 -2.17 -1.271 2.875
348 S 1.082 -0.727 0.511 -0.234 0.087 -0.555 -0.541 -0.092 -0.446 -1.897 -2.314 -0.271 -1.172 -1.929 -1.461 3.212 1.025 -2.535 -1.741 -1.278
349 S 1.082 -0.727 0.511 -0.234 0.087 -0.555 -0.541 -0.092 -0.446 -1.897 -2.314 -0.271 -1.172 -1.929 -1.461 3.212 1.025 -2.535 -1.741 -1.278
350 G 0.104 -2.343 -0.426 -1.308 -1.306 -2.181 -2.608 5.796 -1.462 -3.201 -3.446 -1.636 -2.652 -2.664 -2.765 -0.988 -1.905 -2.426 -3.134 -2.85
351 I -1.362 -3.086 -3.248 -3.166 -0.136 -3.195 -3.672 -3.465 -2.697 4.483 1.691 -2.664 1.286 0.232 -3.49 -3.062 -1.06 -2.17 -1.271 2.875
352 A 3.883 -1.469 -1.648 -1.673 0.694 -1.306 -1.284 0.388 -1.197 -0.816 -1.307 -0.834 -0.859 -1.834 -1.461 0.469 -0.408 -2.426 -1.741 0.153
353 L -1.526 -2.172 -3.348 -3.606 -0.136 -2.626 -3.291 -3.368 -2.299 2.019 4.014 -2.464 2.147 0.847 -3.59 -3.144 -1.566 -1.636 -1.042 1.12
354 S 1.082 -0.727 0.511 -0.234 0.087 -0.555 -0.541 -0.092 -0.446 -1.897 -2.314 -0.271 -1.172 -1.929 -1.461 3.212 1.025 -2.535 -1.741 -1.278
355 S 1.082 -0.727 0.511 -0.234 0.087 -0.555 -0.541 -0.092 -0.446 -1.897 -2.314 -0.271 -1.172 -1.929 -1.461 3.212 1.025 -2.535 -1.741 -1.278
356 S 1.082 -0.727 0.511 -0.234 0.087 -0.555 -0.541 -0.092 -0.446 -1.897 -2.314 -0.271 -1.172 -1.929 -1.461 3.212 1.025 -2.535 -1.741 -1.278
357 G 0.104 -2.343 -0.426 -1.308 -1.306 -2.181 -2.608 5.796 -1.462 -3.201 -3.446 -1.636 -2.652 -2.664 -2.765 -0.988 -1.905 -2.426 -3.134 -2.85
358 I -1.362 -3.086 -3.248 -3.166 -0.136 -3.195 -3.672 -3.465 -2.697 4.483 1.691 -2.664 1.286 0.232 -3.49 -3.062 -1.06 -2.17 -1.271 2.875
359 L -1.526 -2.172 -3.348 -3.606 -0.136 -2.626 -3.291 -3.368 -2.299 2.019 4.014 -2.464 2.147 0.847 -3.59 -3.144 -1.566 -1.636 -1.042 1.12
360 E -0.905 -0.107 -0.324 1.532 -2.397 1.361 4.46 -1.935 0.407 -2.75 -2.688 0.691 -1.739 -2.593 -1.867 -0.777 -1.286 -2.373 -1.893 -2.12
361 A 3.499 -1.4 -1.331 -1.549 0.608 -1.268 -1.297 0.165 -1.229 -0.705 -1.261 -0.825 -0.799 -1.787 -1.495 0.512 1.049 -2.382 -1.733 0.168
362 T -0.098 -1.078 -0.124 -1.0 0.136 -1.089 -1.363 -1.314 -1.399 -0.21 -1.043 -0.776 -0.517 -1.566 -1.673 0.719 4.201 -2.17 -1.692 0.244
363 V -0.552 -2.663 -3.022 -3.156 0.2 -2.766 -3.12 -3.105 -2.831 3.607 1.225 -2.467 1.0 -0.164 -3.264 -2.51 -0.63 -2.304 -1.271 3.736
364 L -1.526 -2.172 -3.348 -3.606 -0.136 -2.626 -3.291 -3.368 -2.299 2.019 4.014 -2.464 2.147 0.847 -3.59 -3.144 -1.566 -1.636 -1.042 1.12
365 N -0.973 -0.452 5.183 1.091 -1.41 -0.52 -0.682 -0.132 0.789 -2.548 -2.983 -0.28 -1.96 -2.283 -2.355 0.782 -0.136 -2.878 -2.0 -2.292
366 V -0.735 -2.763 -3.077 -3.158 0.12 -2.867 -3.249 -3.191 -2.797 3.852 1.349 -2.515 1.074 -0.059 -3.319 -2.639 -0.732 -2.27 -1.271 3.544
367 K -0.812 2.108 -0.254 -0.708 -1.963 0.821 0.328 -1.328 -0.229 -2.109 -2.226 4.453 -1.209 -2.791 -1.673 -0.867 -1.068 -2.535 -1.774 -1.984
368 F -2.32 -2.882 -2.846 -3.3 -1.36 -3.85 -3.468 -2.86 -0.814 0.291 0.579 -3.29 0.216 6.492 -4.434 -3.016 -2.356 0.866 2.945 -0.493
369 G -0.123 -1.915 1.829 -0.678 -1.387 -1.827 -2.192 5.342 -0.883 -3.111 -3.392 -1.362 -2.562 -2.611 -2.732 -0.82 -1.602 -2.507 -2.923 -2.797
370 F -2.32 -2.882 -2.846 -3.3 -1.36 -3.85 -3.468 -2.86 -0.814 0.291 0.579 -3.29 0.216 6.492 -4.434 -3.016 -2.356 0.866 2.945 -0.493
371 L -1.514 -2.16 -3.336 -3.594 -0.124 -2.614 -3.279 -3.356 -2.287 2.031 3.993 -2.452 2.159 0.859 -3.578 -3.132 -1.554 -1.624 -1.03 1.132
372 F -2.32 -2.882 -2.846 -3.3 -1.36 -3.85 -3.468 -2.86 -0.814 0.291 0.579 -3.29 0.216 6.492 -4.434 -3.016 -2.356 0.866 2.945 -0.493
373 I -1.362 -3.086 -3.248 -3.166 -0.136 -3.195 -3.672 -3.465 -2.697 4.483 1.691 -2.664 1.286 0.232 -3.49 -3.062 -1.06 -2.17 -1.271 2.875
374 Y -1.798 -1.763 -2.111 -3.008 -1.737 -1.769 -2.349 -2.918 2.119 -0.789 -0.896 -1.859 -0.668 3.363 -3.319 -2.423 -2.075 2.323 6.624 -0.965
375 L -1.644 -2.279 -3.258 -3.552 -0.307 -2.797 -3.32 -3.277 -1.992 1.794 3.658 -2.586 1.902 2.865 -3.715 -3.122 -1.684 -1.039 0.122 0.907
376 F -1.656 -2.521 -2.226 -2.747 -0.831 -3.071 -3.021 -2.621 -1.152 1.498 0.598 -2.596 0.322 5.446 -3.607 -1.966 0.339 0.161 2.072 0.513
377 Y -1.879 -1.922 -2.221 -3.054 -1.671 -2.027 -2.508 -2.908 1.795 -0.579 -0.591 -2.053 -0.5 4.178 -3.477 -2.514 -2.12 2.126 6.255 -0.881
378 L -1.524 -2.17 -3.346 -3.603 -0.133 -2.623 -3.289 -3.366 -2.297 2.022 4.01 -2.461 2.149 0.85 -3.588 -3.142 -1.564 -1.634 -1.039 1.123
379 L -1.524 -2.17 -3.346 -3.603 -0.133 -2.623 -3.289 -3.366 -2.297 2.022 4.01 -2.461 2.149 0.85 -3.588 -3.142 -1.564 -1.634 -1.039 1.123
380 I -1.392 -2.876 -3.266 -3.247 -0.133 -3.069 -3.59 -3.443 -2.61 4.125 2.329 -2.621 1.482 0.369 -3.508 -3.076 -1.152 -2.053 -1.221 2.601
381 L -1.063 -1.366 -2.343 -2.797 -0.151 -1.034 -2.336 -2.566 -0.951 1.62 2.152 -1.435 5.524 0.485 -3.225 -1.999 -1.029 -1.289 -0.815 1.006
382 L -1.524 -2.17 -3.346 -3.603 -0.133 -2.623 -3.289 -3.366 -2.297 2.022 4.01 -2.461 2.149 0.85 -3.588 -3.142 -1.564 -1.634 -1.039 1.123
383 A 2.738 -1.61 -1.447 -1.769 0.271 -1.612 -1.623 -0.342 -1.152 -0.435 -0.77 -1.17 -0.542 2.44 -1.903 0.096 1.103 -1.362 -0.014 0.056
384 L -1.666 -2.298 -3.238 -3.539 -0.34 -2.83 -3.323 -3.257 -1.932 1.749 3.578 -2.609 1.853 3.14 -3.738 -3.116 -1.705 -0.93 0.31 0.864
385 I -1.36 -3.084 -3.246 -3.164 -0.133 -3.193 -3.67 -3.462 -2.694 4.476 1.694 -2.662 1.288 0.235 -3.488 -3.06 -1.058 -2.168 -1.268 2.877
386 Q -0.866 1.024 -0.076 -0.34 -1.894 4.822 1.409 -1.462 0.786 -2.223 -1.974 1.239 -0.386 -2.942 -2.134 -0.738 -0.958 -2.168 -1.268 -1.77
387 K -0.982 1.649 -0.539 -1.041 -1.914 0.46 -0.042 -1.581 0.42 -1.79 -1.904 3.883 -1.09 -0.159 -1.933 -1.116 -1.24 -0.716 2.545 -1.747
388 C -0.431 -3.322 -2.948 -3.402 9.662 -3.442 -3.908 -2.147 -2.933 -0.715 -1.045 -3.096 -1.062 -2.01 -3.19 -1.653 -1.3 -3.218 -2.78 -0.393
389 L -1.524 -2.17 -3.346 -3.603 -0.133 -2.623 -3.289 -3.366 -2.297 2.022 4.01 -2.461 2.149 0.85 -3.588 -3.142 -1.564 -1.634 -1.039 1.123
390 N -1.643 -0.398 5.607 1.298 -1.829 -0.51 -0.708 -0.138 0.985 -2.696 -3.135 -0.279 -2.144 -2.357 -2.571 -0.101 -0.434 -2.949 -2.052 -2.544
391 S 1.085 -0.724 0.514 -0.232 0.089 -0.553 -0.538 -0.089 -0.443 -1.895 -2.312 -0.268 -1.17 -1.926 -1.459 3.203 1.028 -2.532 -1.739 -1.276
392 S 1.085 -0.724 0.514 -0.232 0.089 -0.553 -0.538 -0.089 -0.443 -1.895 -2.312 -0.268 -1.17 -1.926 -1.459 3.203 1.028 -2.532 -1.739 -1.276
393 L -1.523 1.553 -2.487 -3.058 -0.449 -1.658 -2.492 -3.067 -1.627 1.52 3.454 -0.846 1.722 0.427 -3.384 -2.696 -1.538 -1.741 -1.169 0.702
394 N -1.26 -0.521 5.06 0.963 -1.314 -0.616 -0.828 -0.337 0.641 -1.997 -2.577 -0.371 -1.737 -2.18 -2.367 0.083 1.253 -2.775 -1.976 -1.73
395 L -1.666 -2.298 -3.238 -3.539 -0.34 -2.83 -3.323 -3.257 -1.932 1.749 3.578 -2.609 1.853 3.14 -3.738 -3.116 -1.705 -0.93 0.31 0.864
396 L -1.524 -2.17 -3.346 -3.603 -0.133 -2.623 -3.289 -3.366 -2.297 2.022 4.01 -2.461 2.149 0.85 -3.588 -3.142 -1.564 -1.634 -1.039 1.123
397 N -1.643 -0.398 5.607 1.298 -1.829 -0.51 -0.708 -0.138 0.985 -2.696 -3.135 -0.279 -2.144 -2.357 -2.571 -0.101 -0.434 -2.949 -2.052 -2.544
398 F -2.317 -2.879 -2.843 -3.297 -1.357 -3.847 -3.465 -2.858 -0.811 0.294 0.582 -3.287 0.218 6.488 -4.431 -3.014 -2.354 0.869 2.948 -0.491
399 I -1.36 -3.084 -3.246 -3.164 -0.133 -3.193 -3.67 -3.462 -2.694 4.476 1.694 -2.662 1.288 0.235 -3.488 -3.06 -1.058 -2.168 -1.268 2.877
400 A 3.877 -1.467 -1.645 -1.671 0.697 -1.303 -1.282 0.391 -1.194 -0.813 -1.305 -0.832 -0.857 -1.831 -1.459 0.471 -0.405 -2.423 -1.739 0.155
401 I -1.36 -3.084 -3.246 -3.164 -0.133 -3.193 -3.67 -3.462 -2.694 4.476 1.694 -2.662 1.288 0.235 -3.488 -3.06 -1.058 -2.168 -1.268 2.877
402 A 3.877 -1.467 -1.645 -1.671 0.697 -1.303 -1.282 0.391 -1.194 -0.813 -1.305 -0.832 -0.857 -1.831 -1.459 0.471 -0.405 -2.423 -1.739 0.155
403 L -1.063 -1.366 -2.343 -2.797 -0.151 -1.034 -2.336 -2.566 -0.951 1.62 2.152 -1.435 5.524 0.485 -3.225 -1.999 -1.029 -1.289 -0.815 1.006
404 L -1.524 -2.17 -3.346 -3.603 -0.133 -2.623 -3.289 -3.366 -2.297 2.022 4.01 -2.461 2.149 0.85 -3.588 -3.142 -1.564 -1.634 -1.039 1.123
405 P -0.82 -1.997 -1.917 -1.547 -1.44 -1.916 -1.605 -1.835 -1.591 -2.301 -2.733 -1.047 -2.386 -3.319 6.646 -1.435 -1.331 -4.532 -2.619 -2.145
406 G 0.107 -2.341 -0.423 -1.306 -1.303 -2.179 -2.605 5.793 -1.46 -3.199 -3.444 -1.634 -2.65 -2.661 -2.763 -0.986 -1.903 -2.423 -3.131 -2.848
407 L -1.524 -2.17 -3.346 -3.603 -0.133 -2.623 -3.289 -3.366 -2.297 2.022 4.01 -2.461 2.149 0.85 -3.588 -3.142 -1.564 -1.634 -1.039 1.123
408 L -1.666 -2.298 -3.238 -3.539 -0.34 -2.83 -3.323 -3.257 -1.932 1.749 3.578 -2.609 1.853 3.14 -3.738 -3.116 -1.705 -0.93 0.31 0.864
409 Y -1.796 -1.761 -2.109 -3.005 -1.735 -1.767 -2.347 -2.915 2.121 -0.787 -0.893 -1.856 -0.665 3.365 -3.316 -2.42 -2.073 2.325 6.619 -0.963
410 S 1.085 -0.724 0.514 -0.232 0.089 -0.553 -0.538 -0.089 -0.443 -1.895 -2.312 -0.268 -1.17 -1.926 -1.459 3.203 1.028 -2.532 -1.739 -1.276
411 I -1.36 -3.084 -3.246 -3.164 -0.133 -3.193 -3.67 -3.462 -2.694 4.476 1.694 -2.662 1.288 0.235 -3.488 -3.06 -1.058 -2.168 -1.268 2.877
412 R -1.517 5.479 -0.445 -1.547 -2.242 0.535 -0.544 -2.111 0.115 -2.595 -2.011 2.035 -1.207 -2.455 -2.687 -1.389 -1.437 -2.217 -1.755 -2.145
413 G 0.107 -2.341 -0.423 -1.306 -1.303 -2.179 -2.605 5.793 -1.46 -3.199 -3.444 -1.634 -2.65 -2.661 -2.763 -0.986 -1.903 -2.423 -3.131 -2.848
414 E -0.902 -0.105 -0.322 1.535 -2.394 1.363 4.454 -1.933 0.409 -2.747 -2.686 0.694 -1.737 -2.591 -1.865 -0.774 -1.284 -2.37 -1.891 -2.117
415 L -1.524 -2.17 -3.346 -3.603 -0.133 -2.623 -3.289 -3.366 -2.297 2.022 4.01 -2.461 2.149 0.85 -3.588 -3.142 -1.564 -1.634 -1.039 1.123
416 V -0.412 -2.582 -2.976 -3.151 0.265 -2.685 -3.019 -3.036 -2.856 3.395 1.124 -2.427 0.942 -0.247 -3.218 -2.409 -0.549 -2.329 -1.268 3.876
417 L -1.524 -2.17 -3.346 -3.603 -0.133 -2.623 -3.289 -3.366 -2.297 2.022 4.01 -2.461 2.149 0.85 -3.588 -3.142 -1.564 -1.634 -1.039 1.123
418 P -0.82 -1.997 -1.917 -1.547 -1.44 -1.916 -1.605 -1.835 -1.591 -2.301 -2.733 -1.047 -2.386 -3.319 6.646 -1.435 -1.331 -4.532 -2.619 -2.145
419 F -2.317 -2.879 -2.843 -3.297 -1.357 -3.847 -3.465 -2.858 -0.811 0.294 0.582 -3.287 0.218 6.488 -4.431 -3.014 -2.354 0.869 2.948 -0.491
420 A 3.495 -1.302 -1.065 -1.32 0.585 -1.137 -1.117 0.301 -1.028 -1.0 -1.48 -0.71 -0.917 -1.85 -1.459 1.263 -0.056 -2.445 -1.739 -0.08
421 Y -1.796 -1.761 -2.109 -3.005 -1.735 -1.767 -2.347 -2.915 2.121 -0.787 -0.893 -1.856 -0.665 3.365 -3.316 -2.42 -2.073 2.325 6.619 -0.963
422 I -1.092 -2.95 -3.176 -3.161 -0.029 -3.057 -3.493 -3.35 -2.734 4.241 1.561 -2.601 1.205 0.121 -3.418 -2.883 -0.922 -2.207 -1.268 3.161
423 I -1.36 -3.084 -3.246 -3.164 -0.133 -3.193 -3.67 -3.462 -2.694 4.476 1.694 -2.662 1.288 0.235 -3.488 -3.06 -1.058 -2.168 -1.268 2.877
424 K -0.81 2.11 -0.251 -0.705 -1.961 0.824 0.33 -1.325 -0.226 -2.106 -2.223 4.447 -1.207 -2.789 -1.67 -0.864 -1.065 -2.532 -1.772 -1.982
425 S 1.085 -0.724 0.514 -0.232 0.089 -0.553 -0.538 -0.089 -0.443 -1.895 -2.312 -0.268 -1.17 -1.926 -1.459 3.203 1.028 -2.532 -1.739 -1.276
426 L -1.524 -2.17 -3.346 -3.603 -0.133 -2.623 -3.289 -3.366 -2.297 2.022 4.01 -2.461 2.149 0.85 -3.588 -3.142 -1.564 -1.634 -1.039 1.123
427 P -0.82 -1.997 -1.917 -1.547 -1.44 -1.916 -1.605 -1.835 -1.591 -2.301 -2.733 -1.047 -2.386 -3.319 6.646 -1.435 -1.331 -4.532 -2.619 -2.145
428 I -1.36 -3.084 -3.246 -3.164 -0.133 -3.193 -3.67 -3.462 -2.694 4.476 1.694 -2.662 1.288 0.235 -3.488 -3.06 -1.058 -2.168 -1.268 2.877
429 I -1.36 -3.084 -3.246 -3.164 -0.133 -3.193 -3.67 -3.462 -2.694 4.476 1.694 -2.662 1.288 0.235 -3.488 -3.06 -1.058 -2.168 -1.268 2.877
430 F -2.099 -2.919 -2.92 -3.27 -1.068 -3.704 -3.505 -2.969 -1.102 1.742 0.841 -3.151 0.466 5.926 -4.216 -3.023 -2.044 0.466 2.466 0.567
431 L -1.524 -2.17 -3.346 -3.603 -0.133 -2.623 -3.289 -3.366 -2.297 2.022 4.01 -2.461 2.149 0.85 -3.588 -3.142 -1.564 -1.634 -1.039 1.123
432 S 1.9 -0.858 0.193 -0.468 0.221 -0.688 -0.672 0.013 -0.579 -1.643 -2.08 -0.372 -1.105 -1.907 -1.459 2.826 0.793 -2.51 -1.739 -0.927
433 P -0.82 -1.997 -1.917 -1.547 -1.44 -1.916 -1.605 -1.835 -1.591 -2.301 -2.733 -1.047 -2.386 -3.319 6.646 -1.435 -1.331 -4.532 -2.619 -2.145
434 F -2.317 -2.879 -2.843 -3.297 -1.357 -3.847 -3.465 -2.858 -0.811 0.294 0.582 -3.287 0.218 6.488 -4.431 -3.014 -2.354 0.869 2.948 -0.491
435 L -1.524 -2.17 -3.346 -3.603 -0.133 -2.623 -3.289 -3.366 -2.297 2.022 4.01 -2.461 2.149 0.85 -3.588 -3.142 -1.564 -1.634 -1.039 1.123
436 T -0.096 -1.076 -0.122 -0.998 0.138 -1.086 -1.361 -1.312 -1.396 -0.207 -1.04 -0.774 -0.515 -1.564 -1.67 0.722 4.194 -2.168 -1.69 0.246
437 S 1.085 -0.724 0.514 -0.232 0.089 -0.553 -0.538 -0.089 -0.443 -1.895 -2.312 -0.268 -1.17 -1.926 -1.459 3.203 1.028 -2.532 -1.739 -1.276
438 T -0.56 1.724 -0.603 -1.434 -0.265 -0.953 -1.493 -1.793 -1.214 1.326 -0.376 -0.169 -0.16 -1.237 -2.149 -0.108 2.998 -2.178 -1.613 0.736
439 N -1.208 -0.912 4.305 0.401 -0.952 -1.004 -1.242 -0.795 0.13 0.899 -1.022 -0.727 -0.772 -1.482 -2.517 -0.287 1.19 -2.611 -1.805 0.024
440 K -0.81 2.11 -0.251 -0.705 -1.961 0.824 0.33 -1.325 -0.226 -2.106 -2.223 4.447 -1.207 -2.789 -1.67 -0.864 -1.065 -2.532 -1.772 -1.982