#Seq2Logo.py -f /work3/idamei/ssn-clusterings/clustering/2205181327/clusters/0016_6/sequences.afa -o /work3/idamei/ssn-clusterings/clustering/2205181327/clusters/0016_6/sequences.logo
Last position-specific scoring matrix computed, values are in halfbits
A R N D C Q E G H I L K M F P S T W Y V
0 L -1.066 -1.369 -2.345 -2.799 -0.154 -1.037 -2.339 -2.569 -0.954 1.618 2.149 -1.438 5.537 0.482 -3.228 -2.002 -1.031 -1.292 -0.818 1.004
1 S 1.082 -0.727 0.511 -0.234 0.087 -0.555 -0.541 -0.092 -0.446 -1.897 -2.314 -0.271 -1.172 -1.929 -1.461 3.212 1.025 -2.535 -1.741 -1.278
2 A 3.447 -1.392 -1.294 -1.534 0.597 -1.264 -1.299 0.136 -1.233 -0.692 -1.255 -0.823 -0.792 -1.782 -1.499 0.518 1.188 -2.376 -1.732 0.17
3 L -1.526 -2.172 -3.348 -3.606 -0.136 -2.626 -3.291 -3.368 -2.299 2.019 4.014 -2.464 2.147 0.847 -3.59 -3.144 -1.566 -1.636 -1.042 1.12
4 L -1.705 -2.334 -3.214 -3.526 -0.397 -2.887 -3.334 -3.233 -1.85 1.674 3.462 -2.649 1.771 3.512 -3.779 -3.111 -1.744 -0.781 0.566 0.793
5 N -0.899 -0.459 5.124 1.064 -1.361 -0.52 -0.678 -0.131 0.763 -2.53 -2.964 -0.279 -1.937 -2.274 -2.329 0.876 -0.1 -2.869 -1.993 -2.262
6 F -2.208 -2.783 -2.904 -3.336 -1.175 -3.665 -3.445 -2.919 -0.963 0.573 1.305 -3.173 0.54 6.164 -4.314 -3.032 -2.245 0.649 2.662 -0.235
7 F -2.32 -2.882 -2.846 -3.3 -1.36 -3.85 -3.468 -2.86 -0.814 0.291 0.579 -3.29 0.216 6.492 -4.434 -3.016 -2.356 0.866 2.945 -0.493
8 Y -1.798 -1.763 -2.111 -3.008 -1.737 -1.769 -2.349 -2.918 2.119 -0.789 -0.896 -1.859 -0.668 3.363 -3.319 -2.423 -2.075 2.323 6.624 -0.965
9 L -1.526 -2.172 -3.348 -3.606 -0.136 -2.626 -3.291 -3.368 -2.299 2.019 4.014 -2.464 2.147 0.847 -3.59 -3.144 -1.566 -1.636 -1.042 1.12
10 Y -1.798 -1.763 -2.111 -3.008 -1.737 -1.769 -2.349 -2.918 2.119 -0.789 -0.896 -1.859 -0.668 3.363 -3.319 -2.423 -2.075 2.323 6.624 -0.965
11 D -1.763 -1.574 1.213 5.811 -2.358 -0.858 1.065 -1.109 -0.522 -2.711 -3.477 -0.815 -2.683 -2.905 -2.275 -0.938 -1.398 -3.517 -3.029 -2.85
12 P -0.822 -1.999 -1.919 -1.549 -1.443 -1.919 -1.608 -1.838 -1.593 -2.303 -2.736 -1.05 -2.389 -3.321 6.648 -1.437 -1.334 -4.535 -2.621 -2.147
13 W -2.635 -2.368 -3.152 -3.606 -2.32 -2.81 -2.954 -2.351 -1.12 -1.839 -1.636 -2.776 -1.266 1.143 -5.394 -3.34 -2.68 10.596 2.184 -2.213
14 L -1.526 -2.172 -3.348 -3.606 -0.136 -2.626 -3.291 -3.368 -2.299 2.019 4.014 -2.464 2.147 0.847 -3.59 -3.144 -1.566 -1.636 -1.042 1.12
15 A 2.295 -1.317 -1.478 -0.699 -0.301 -0.7 1.299 -0.671 -0.62 -0.831 -0.94 -0.746 -0.726 2.907 -2.082 -0.411 -1.01 -1.185 0.267 -0.442
16 H -1.693 -0.343 0.474 -0.947 -2.32 -0.151 -0.486 -1.683 7.972 -2.647 -2.581 -0.751 -1.247 -0.838 -2.735 -1.565 -2.212 -1.44 1.681 -3.021
17 V -0.49 -2.536 -2.666 -3.019 0.014 -2.745 -2.962 -0.622 -2.281 2.504 0.744 -2.47 0.603 2.598 -3.329 -2.292 -0.793 -1.428 0.069 3.421
18 F -1.977 -2.709 -2.938 -3.345 -0.957 -3.487 -3.394 -2.954 -1.142 0.943 1.627 -3.053 0.727 5.783 -4.163 -2.987 -2.034 0.394 2.343 0.444
19 R -1.52 5.483 -0.448 -1.549 -2.245 0.532 -0.546 -2.114 0.113 -2.597 -2.013 2.033 -1.209 -2.458 -2.69 -1.392 -1.439 -2.22 -1.758 -2.147
20 L -1.092 -1.413 -2.399 -2.844 -0.153 -1.114 -2.39 -2.613 -1.022 1.644 2.309 -1.492 5.41 0.506 -3.249 -2.061 -1.062 -1.312 -0.831 1.011
21 A 3.555 -1.482 -1.093 1.025 0.449 -1.246 -0.863 0.238 -1.103 -0.995 -1.504 -0.832 -1.033 -1.948 -1.551 0.326 -0.515 -2.542 -1.874 -0.09
22 F -2.32 -2.882 -2.846 -3.3 -1.36 -3.85 -3.468 -2.86 -0.814 0.291 0.579 -3.29 0.216 6.492 -4.434 -3.016 -2.356 0.866 2.945 -0.493
23 F -1.678 -2.878 -2.867 -3.293 4.12 -3.605 -3.438 -2.771 -1.214 0.726 0.473 -3.135 0.174 5.731 -4.064 -2.709 -1.895 0.297 2.288 0.659
24 S 1.18 -1.028 -0.003 -0.682 0.18 -0.887 -0.904 -0.416 -0.82 -0.075 -1.299 -0.601 -0.653 -1.564 -1.712 2.576 0.725 -2.497 -1.647 0.802
25 G 0.104 -2.343 -0.426 -1.308 -1.306 -2.181 -2.608 5.796 -1.462 -3.201 -3.446 -1.636 -2.652 -2.664 -2.765 -0.988 -1.905 -2.426 -3.134 -2.85
26 V -0.214 -2.482 -2.271 -2.704 0.077 -2.53 -2.869 1.509 -2.559 2.657 0.562 -2.237 0.472 -0.648 -3.099 -2.021 -0.699 -2.37 -1.54 3.471
27 I -1.372 -3.02 -3.254 -3.192 -0.136 -3.156 -3.647 -3.458 -2.67 4.377 1.906 -2.651 1.348 0.275 -3.496 -3.067 -1.089 -2.134 -1.256 2.791
28 A 3.607 -1.565 -1.463 -1.625 0.508 -1.402 -1.42 1.901 -1.229 -1.026 -1.502 -0.923 -1.031 -1.925 -1.595 0.322 -0.558 -2.426 -1.883 -0.09
29 C -0.462 -3.119 -2.969 -3.383 9.09 -3.264 -3.719 -2.302 -2.887 0.323 -0.027 -2.955 -0.432 -1.485 -3.211 -1.801 -1.194 -2.976 -2.41 0.792
30 V 0.656 -2.229 -2.709 -2.921 0.342 -2.267 -2.613 -2.248 -2.434 2.625 1.186 -2.072 1.455 -0.367 -2.909 -1.773 -0.527 -2.248 -1.279 3.534
31 V -0.66 -2.446 -2.972 -3.257 -0.118 -2.63 -2.898 -2.782 -2.342 2.386 0.496 -2.469 0.445 0.08 -3.575 -2.502 -0.856 6.691 0.045 3.362
32 L -1.526 -2.172 -3.348 -3.606 -0.136 -2.626 -3.291 -3.368 -2.299 2.019 4.014 -2.464 2.147 0.847 -3.59 -3.144 -1.566 -1.636 -1.042 1.12
33 A 3.407 -1.685 -1.874 -1.9 0.582 -1.553 -1.578 -0.03 -1.433 0.935 -0.543 -1.089 -0.362 -1.377 -1.736 0.079 -0.484 -2.389 -1.647 1.078
34 Y -1.798 -1.763 -2.111 -3.008 -1.737 -1.769 -2.349 -2.918 2.119 -0.789 -0.896 -1.859 -0.668 3.363 -3.319 -2.423 -2.075 2.323 6.624 -0.965
35 R -1.52 5.483 -0.448 -1.549 -2.245 0.532 -0.546 -2.114 0.113 -2.597 -2.013 2.033 -1.209 -2.458 -2.69 -1.392 -1.439 -2.22 -1.758 -2.147
36 V -0.423 -2.413 -2.991 -3.23 0.269 -2.583 -2.952 -3.016 -2.778 2.878 1.832 -2.39 1.139 -0.11 -3.233 -2.415 -0.618 -2.22 -1.226 3.716
37 Y -1.798 -1.763 -2.111 -3.008 -1.737 -1.769 -2.349 -2.918 2.119 -0.789 -0.896 -1.859 -0.668 3.363 -3.319 -2.423 -2.075 2.323 6.624 -0.965
38 Q -0.792 1.535 -0.117 -0.503 -1.571 4.171 1.013 -1.473 0.487 -1.895 -1.858 1.472 -0.496 -2.692 -2.074 -0.553 0.415 -2.195 -1.378 -1.46
39 K -0.821 1.95 -0.247 -0.481 -1.984 1.35 0.919 -1.371 -0.111 -2.152 -2.236 4.189 -1.18 -2.788 -1.711 -0.853 -1.074 -2.5 -1.747 -1.979
40 Q -0.865 1.103 -0.089 -0.364 -1.901 4.692 1.35 -1.456 0.73 -2.218 -1.991 1.584 -0.434 -2.934 -2.105 -0.748 -0.967 -2.192 -1.3 -1.785
41 L -1.455 -2.128 -2.969 -3.334 -0.181 -2.562 -3.135 -3.154 -2.118 1.835 3.725 -2.367 1.943 1.701 -3.468 -2.669 -0.629 -1.426 -0.579 0.993
42 P -0.516 -1.711 -1.288 -1.34 -0.964 -1.643 -1.482 -1.591 -1.47 -1.755 -2.309 -0.942 -1.853 -2.805 5.872 -0.347 0.899 -3.777 -2.363 -1.472
43 Q -0.868 1.022 -0.078 -0.342 -1.897 4.831 1.406 -1.465 0.784 -2.226 -1.976 1.236 -0.389 -2.944 -2.137 -0.74 -0.961 -2.17 -1.271 -1.773
44 G 0.104 -2.343 -0.426 -1.308 -1.306 -2.181 -2.608 5.796 -1.462 -3.201 -3.446 -1.636 -2.652 -2.664 -2.765 -0.988 -1.905 -2.426 -3.134 -2.85
45 I -1.276 -3.044 -3.226 -3.165 -0.103 -3.152 -3.616 -3.429 -2.709 4.411 1.651 -2.645 1.26 0.197 -3.468 -3.006 -1.017 -2.183 -1.271 2.967
46 L 1.023 -2.043 -2.791 -2.94 0.126 -2.26 -2.64 -1.876 -2.033 1.885 3.042 -1.968 1.501 0.257 -2.866 -1.702 -1.124 -1.891 -1.231 1.378
47 L -1.14 -2.244 -3.234 -3.485 -0.005 -2.613 -3.183 -3.255 -2.438 2.312 3.499 -2.441 1.872 0.585 -3.476 -2.899 -1.24 -1.803 -1.097 2.19
48 P -0.822 -1.999 -1.919 -1.549 -1.443 -1.919 -1.608 -1.838 -1.593 -2.303 -2.736 -1.05 -2.389 -3.321 6.648 -1.437 -1.334 -4.535 -2.621 -2.147
49 L -1.288 -2.413 -3.265 -3.431 -0.07 -2.751 -3.325 -3.334 -2.464 2.97 3.297 -2.501 1.811 0.571 -3.507 -2.999 -1.271 -1.847 -1.125 2.16
50 D -1.763 -1.574 1.213 5.811 -2.358 -0.858 1.065 -1.109 -0.522 -2.711 -3.477 -0.815 -2.683 -2.905 -2.275 -0.938 -1.398 -3.517 -3.029 -2.85
51 S 1.082 -0.727 0.511 -0.234 0.087 -0.555 -0.541 -0.092 -0.446 -1.897 -2.314 -0.271 -1.172 -1.929 -1.461 3.212 1.025 -2.535 -1.741 -1.278
52 I -1.372 -3.02 -3.254 -3.192 -0.136 -3.156 -3.647 -3.458 -2.67 4.377 1.906 -2.651 1.348 0.275 -3.496 -3.067 -1.089 -2.134 -1.256 2.791
53 G -0.225 -2.299 -0.926 -1.734 -0.966 -2.286 -2.764 5.005 -1.65 -0.828 0.602 -1.822 -0.554 -1.318 -2.95 -1.395 -1.816 -2.207 -2.453 -1.252
54 V -0.34 -2.542 -2.955 -3.152 0.297 -2.644 -2.967 -3.001 -2.874 3.268 1.062 -2.409 0.905 -0.299 -3.197 -2.358 -0.508 -2.347 -1.271 3.96
55 I -1.362 -3.086 -3.248 -3.166 -0.136 -3.195 -3.672 -3.465 -2.697 4.483 1.691 -2.664 1.286 0.232 -3.49 -3.062 -1.06 -2.17 -1.271 2.875
56 L -1.317 -2.258 -3.284 -3.516 -0.07 -2.652 -3.258 -3.317 -2.392 2.391 3.657 -2.464 1.964 0.683 -3.526 -3.014 -1.366 -1.75 -1.083 1.825
57 A 3.6 -1.417 -1.407 -1.58 0.63 -1.278 -1.294 0.223 -1.221 -0.733 -1.273 -0.827 -0.814 -1.799 -1.487 0.502 0.748 -2.393 -1.735 0.164
58 L -1.526 -2.172 -3.348 -3.606 -0.136 -2.626 -3.291 -3.368 -2.299 2.019 4.014 -2.464 2.147 0.847 -3.59 -3.144 -1.566 -1.636 -1.042 1.12
59 I -1.362 -3.086 -3.248 -3.166 -0.136 -3.195 -3.672 -3.465 -2.697 4.483 1.691 -2.664 1.286 0.232 -3.49 -3.062 -1.06 -2.17 -1.271 2.875
60 L -1.425 -2.19 -3.319 -3.575 -0.103 -2.623 -3.264 -3.34 -2.333 2.095 3.893 -2.458 2.081 0.784 -3.561 -3.081 -1.481 -1.677 -1.056 1.427
61 L -1.425 -2.19 -3.319 -3.575 -0.103 -2.623 -3.264 -3.34 -2.333 2.095 3.893 -2.458 2.081 0.784 -3.561 -3.081 -1.481 -1.677 -1.056 1.427
62 S 1.082 -0.727 0.511 -0.234 0.087 -0.555 -0.541 -0.092 -0.446 -1.897 -2.314 -0.271 -1.172 -1.929 -1.461 3.212 1.025 -2.535 -1.741 -1.278
63 L -0.712 -2.353 -3.125 -3.319 -0.201 -2.745 -3.2 -2.878 -2.053 2.441 3.209 -2.453 1.678 2.353 -3.468 -2.698 -1.462 -1.294 -0.187 1.357
64 I -1.192 -3.002 -3.204 -3.164 -0.07 -3.11 -3.56 -3.394 -2.721 4.337 1.609 -2.626 1.234 0.162 -3.446 -2.95 -0.975 -2.195 -1.271 3.057
65 P -0.822 -1.999 -1.919 -1.549 -1.443 -1.919 -1.608 -1.838 -1.593 -2.303 -2.736 -1.05 -2.389 -3.321 6.648 -1.437 -1.334 -4.535 -2.621 -2.147
66 T -0.51 -1.679 -0.947 -1.637 0.037 -1.712 -2.031 -1.948 -1.82 2.471 0.299 -1.349 0.296 -0.755 -2.229 -0.204 3.112 -2.17 -1.527 1.524
67 L -1.516 -2.221 -3.342 -3.576 -0.136 -2.658 -3.314 -3.374 -2.322 2.253 3.912 -2.476 2.1 0.812 -3.584 -3.139 -1.532 -1.667 -1.056 1.267
68 I -1.276 -3.044 -3.226 -3.165 -0.103 -3.152 -3.616 -3.429 -2.709 4.411 1.651 -2.645 1.26 0.197 -3.468 -3.006 -1.017 -2.183 -1.271 2.967
69 N -1.645 -0.4 5.612 1.296 -1.832 -0.512 -0.711 -0.14 0.983 -2.698 -3.137 -0.281 -2.147 -2.36 -2.573 -0.104 -0.437 -2.952 -2.054 -2.546
70 G 0.104 -2.343 -0.426 -1.308 -1.306 -2.181 -2.608 5.796 -1.462 -3.201 -3.446 -1.636 -2.652 -2.664 -2.765 -0.988 -1.905 -2.426 -3.134 -2.85
71 T -0.098 -1.078 -0.124 -1.0 0.136 -1.089 -1.363 -1.314 -1.399 -0.21 -1.043 -0.776 -0.517 -1.566 -1.673 0.719 4.201 -2.17 -1.692 0.244
72 N -0.825 -0.553 4.51 0.695 -1.093 -0.593 -0.785 -0.401 2.129 -1.946 -2.483 -0.395 -1.584 -2.025 -2.236 0.668 1.262 -2.623 -1.516 -1.648
73 E -0.905 -0.107 -0.324 1.532 -2.397 1.361 4.46 -1.935 0.407 -2.75 -2.688 0.691 -1.739 -2.593 -1.867 -0.777 -1.286 -2.373 -1.893 -2.12
74 F -2.153 -2.735 -2.934 -3.355 -1.087 -3.577 -3.434 -2.949 -1.04 0.704 1.609 -3.116 0.69 5.985 -4.256 -3.04 -2.191 0.534 2.509 -0.114
75 G 2.96 -1.767 -1.127 -1.531 0.095 -1.604 -1.712 3.623 -1.293 -1.499 -1.938 -1.11 -1.409 -2.118 -1.884 0.005 -0.883 -2.426 -2.188 -0.649
76 V -0.219 -2.472 -2.915 -3.15 0.354 -2.573 -2.879 -2.941 -2.9 3.044 0.96 -2.374 0.846 -0.384 -3.157 -2.27 -0.437 -2.373 -1.271 4.086
77 A 2.882 -1.767 -2.046 -2.127 0.518 -1.651 -1.789 -0.47 -1.603 1.345 -0.029 -1.285 0.807 -1.064 -2.003 -0.297 -0.488 -2.311 -1.522 1.923
78 K -0.891 2.815 -0.277 -0.8 -1.997 0.787 0.232 -1.415 -0.184 -2.165 -2.198 4.241 -1.209 -2.747 -1.782 -0.927 -1.112 -2.493 -1.772 -2.004
79 L -1.083 -1.451 -2.394 -2.821 -0.153 -1.133 -2.406 -2.617 -1.037 1.909 2.123 -1.501 5.394 0.467 -3.243 -2.058 -1.033 -1.339 -0.844 1.164
80 Y -1.798 -1.763 -2.111 -3.008 -1.737 -1.769 -2.349 -2.918 2.119 -0.789 -0.896 -1.859 -0.668 3.363 -3.319 -2.423 -2.075 2.323 6.624 -0.965
81 V -0.34 -2.542 -2.955 -3.152 0.297 -2.644 -2.967 -3.001 -2.874 3.268 1.062 -2.409 0.905 -0.299 -3.197 -2.358 -0.508 -2.347 -1.271 3.96
82 K -0.812 2.108 -0.254 -0.708 -1.963 0.821 0.328 -1.328 -0.229 -2.109 -2.226 4.453 -1.209 -2.791 -1.673 -0.867 -1.068 -2.535 -1.774 -1.984
83 T 0.079 -1.032 -0.037 -0.892 0.13 -1.016 -1.247 -1.13 -1.261 -0.374 -1.174 -0.708 -0.592 -1.609 -1.645 1.176 3.95 -2.213 -1.698 0.092
84 L -1.526 -2.172 -3.348 -3.606 -0.136 -2.626 -3.291 -3.368 -2.299 2.019 4.014 -2.464 2.147 0.847 -3.59 -3.144 -1.566 -1.636 -1.042 1.12
85 L -1.307 -2.309 -3.278 -3.487 -0.07 -2.684 -3.28 -3.323 -2.416 2.597 3.542 -2.476 1.914 0.646 -3.52 -3.009 -1.334 -1.782 -1.097 1.941
86 L -1.526 -2.172 -3.348 -3.606 -0.136 -2.626 -3.291 -3.368 -2.299 2.019 4.014 -2.464 2.147 0.847 -3.59 -3.144 -1.566 -1.636 -1.042 1.12
87 F -2.32 -2.882 -2.846 -3.3 -1.36 -3.85 -3.468 -2.86 -0.814 0.291 0.579 -3.29 0.216 6.492 -4.434 -3.016 -2.356 0.866 2.945 -0.493
88 L -1.086 -2.128 -3.093 -3.375 -0.007 -2.36 -3.05 -3.147 -2.222 2.269 3.287 -2.292 2.646 0.538 -3.43 -2.743 -1.175 -1.755 -1.068 2.18
89 F -2.32 -2.882 -2.846 -3.3 -1.36 -3.85 -3.468 -2.86 -0.814 0.291 0.579 -3.29 0.216 6.492 -4.434 -3.016 -2.356 0.866 2.945 -0.493
90 G 0.104 -2.343 -0.426 -1.308 -1.306 -2.181 -2.608 5.796 -1.462 -3.201 -3.446 -1.636 -2.652 -2.664 -2.765 -0.988 -1.905 -2.426 -3.134 -2.85
91 V -0.402 -2.578 -2.975 -3.153 0.269 -2.68 -3.012 -3.032 -2.861 3.374 1.112 -2.426 0.934 -0.258 -3.217 -2.403 -0.544 -2.334 -1.271 3.894
92 A 3.302 -1.664 -1.29 -1.577 0.309 -1.501 -1.562 2.888 -1.261 -1.253 -1.712 -1.015 -1.214 -2.02 -1.736 0.168 -0.716 -2.426 -2.031 -0.356
93 I -1.362 -3.086 -3.248 -3.166 -0.136 -3.195 -3.672 -3.465 -2.697 4.483 1.691 -2.664 1.286 0.232 -3.49 -3.062 -1.06 -2.17 -1.271 2.875
94 Y -1.798 -1.763 -2.111 -3.008 -1.737 -1.769 -2.349 -2.918 2.119 -0.789 -0.896 -1.859 -0.668 3.363 -3.319 -2.423 -2.075 2.323 6.624 -0.965
95 H -1.681 -0.357 2.793 -0.203 -2.19 -0.237 -0.541 -1.213 7.226 -2.66 -2.71 -0.626 -1.447 -1.15 -2.693 -1.125 -1.656 -1.75 1.103 -2.895
96 V -0.495 -2.394 -3.017 -3.257 0.239 -2.586 -2.977 -3.042 -2.738 2.82 2.072 -2.396 1.23 -0.024 -3.259 -2.465 -0.68 -2.17 -1.212 3.581
97 F -2.32 -2.882 -2.846 -3.3 -1.36 -3.85 -3.468 -2.86 -0.814 0.291 0.579 -3.29 0.216 6.492 -4.434 -3.016 -2.356 0.866 2.945 -0.493
98 Y -1.798 -1.763 -2.111 -3.008 -1.737 -1.769 -2.349 -2.918 2.119 -0.789 -0.896 -1.859 -0.668 3.363 -3.319 -2.423 -2.075 2.323 6.624 -0.965
99 C -0.498 -3.015 -2.566 -3.171 9.481 -3.083 -3.526 -2.118 0.821 -0.807 -1.122 -2.881 -1.075 -1.924 -3.161 -1.65 -1.351 -3.07 -2.182 -0.505
100 H -1.693 -0.343 0.474 -0.947 -2.32 -0.151 -0.486 -1.683 7.972 -2.647 -2.581 -0.751 -1.247 -0.838 -2.735 -1.565 -2.212 -1.44 1.681 -3.021
101 H -0.685 -0.684 -0.055 -1.324 -1.45 -0.546 -0.882 -1.717 7.171 -0.725 -0.191 -1.006 -0.369 -0.585 -2.752 -1.572 -1.837 -1.568 1.179 -0.75
102 Q 0.835 0.584 -0.318 -0.589 -1.059 4.115 0.93 -1.006 0.394 -1.745 -1.774 0.843 -0.479 -2.601 -1.967 -0.365 -0.092 -2.216 -1.378 -1.149
103 G 0.104 -2.343 -0.426 -1.308 -1.306 -2.181 -2.608 5.796 -1.462 -3.201 -3.446 -1.636 -2.652 -2.664 -2.765 -0.988 -1.905 -2.426 -3.134 -2.85
104 K -0.819 1.992 -0.231 -0.659 -1.955 1.744 0.487 -1.345 -0.081 -2.123 -2.193 4.2 -1.093 -2.81 -1.727 -0.851 -1.054 -2.487 -1.706 -1.957
105 T 0.375 -1.318 -0.566 -1.341 0.216 -1.329 -1.588 -1.404 -1.613 0.719 -0.559 -1.02 -0.226 -1.319 -1.884 0.33 3.558 -2.223 -1.611 1.453
106 Q -0.868 1.022 -0.078 -0.342 -1.897 4.831 1.406 -1.465 0.784 -2.226 -1.976 1.236 -0.389 -2.944 -2.137 -0.74 -0.961 -2.17 -1.271 -1.773
107 L -1.659 -2.292 -3.247 -3.546 -0.329 -2.819 -3.323 -3.266 -1.956 1.765 3.61 -2.602 1.87 3.041 -3.731 -3.12 -1.699 -0.972 0.24 0.879
108 I -1.192 -3.002 -3.204 -3.164 -0.07 -3.11 -3.56 -3.394 -2.721 4.337 1.609 -2.626 1.234 0.162 -3.446 -2.95 -0.975 -2.195 -1.271 3.057
109 R -0.756 4.747 -0.341 -1.331 2.426 0.21 -0.672 -1.613 -0.108 -2.299 -1.995 1.547 -1.193 -2.322 -2.442 0.192 -0.782 -2.331 -1.809 -1.825
110 D -1.763 -1.574 1.213 5.811 -2.358 -0.858 1.065 -1.109 -0.522 -2.711 -3.477 -0.815 -2.683 -2.905 -2.275 -0.938 -1.398 -3.517 -3.029 -2.85
111 L -1.425 -2.19 -3.319 -3.575 -0.103 -2.623 -3.264 -3.34 -2.333 2.095 3.893 -2.458 2.081 0.784 -3.561 -3.081 -1.481 -1.677 -1.056 1.427
112 K -0.812 2.108 -0.254 -0.708 -1.963 0.821 0.328 -1.328 -0.229 -2.109 -2.226 4.453 -1.209 -2.791 -1.673 -0.867 -1.068 -2.535 -1.774 -1.984
113 I -1.343 -2.943 -3.183 -3.142 -0.137 -3.001 -3.568 -3.4 -2.551 4.367 1.722 -2.57 1.836 0.249 -3.473 -2.983 -1.059 -2.107 -1.24 2.787
114 G 0.104 -2.343 -0.426 -1.308 -1.306 -2.181 -2.608 5.796 -1.462 -3.201 -3.446 -1.636 -2.652 -2.664 -2.765 -0.988 -1.905 -2.426 -3.134 -2.85
115 I -1.382 -2.955 -3.261 -3.218 -0.136 -3.117 -3.622 -3.452 -2.644 4.268 2.106 -2.638 1.408 0.317 -3.503 -3.072 -1.119 -2.098 -1.241 2.705
116 V -0.347 -2.487 -2.96 -3.178 0.297 -2.611 -2.947 -2.996 -2.846 3.106 1.327 -2.397 0.975 -0.248 -3.202 -2.362 -0.532 -2.308 -1.256 3.903
117 V -0.409 -2.522 -2.98 -3.179 0.269 -2.647 -2.992 -3.027 -2.833 3.218 1.372 -2.414 1.004 -0.208 -3.222 -2.407 -0.568 -2.295 -1.256 3.836
118 Q -0.868 1.022 -0.078 -0.342 -1.897 4.831 1.406 -1.465 0.784 -2.226 -1.976 1.236 -0.389 -2.944 -2.137 -0.74 -0.961 -2.17 -1.271 -1.773
119 A 3.745 -1.443 -1.525 -1.626 0.662 -1.292 -1.289 0.307 -1.209 -0.774 -1.29 -0.831 -0.837 -1.816 -1.474 0.485 0.227 -2.409 -1.738 0.159
120 V 0.81 -2.187 -2.362 -2.641 0.383 -2.215 -2.425 -2.019 -2.412 2.597 0.622 -1.958 0.583 -0.61 -2.754 -0.999 -0.317 -2.389 -1.353 3.632
121 V -0.473 -2.557 -3.0 -3.18 0.239 -2.683 -3.037 -3.058 -2.82 3.326 1.417 -2.432 1.032 -0.168 -3.242 -2.452 -0.605 -2.282 -1.256 3.768
122 G 0.104 -2.343 -0.426 -1.308 -1.306 -2.181 -2.608 5.796 -1.462 -3.201 -3.446 -1.636 -2.652 -2.664 -2.765 -0.988 -1.905 -2.426 -3.134 -2.85
123 I -1.434 -2.942 -3.234 -3.226 -0.199 -3.153 -3.609 -3.411 -2.485 4.115 2.055 -2.673 1.354 1.43 -3.553 -3.069 -1.186 -1.787 -0.703 2.571
124 V -0.453 -2.456 -2.961 -3.213 0.214 -2.645 -2.962 -2.986 -2.638 2.817 1.551 -2.435 1.011 1.115 -3.274 -2.408 -0.649 -1.93 -0.703 3.684
125 A 3.883 -1.469 -1.648 -1.673 0.694 -1.306 -1.284 0.388 -1.197 -0.816 -1.307 -0.834 -0.859 -1.834 -1.461 0.469 -0.408 -2.426 -1.741 0.153
126 L -1.526 -2.172 -3.348 -3.606 -0.136 -2.626 -3.291 -3.368 -2.299 2.019 4.014 -2.464 2.147 0.847 -3.59 -3.144 -1.566 -1.636 -1.042 1.12
127 L -0.443 -1.526 -2.354 -2.771 -0.216 -1.288 -2.376 -2.295 -0.95 1.372 1.858 -1.57 5.031 2.248 -3.199 -1.868 -1.122 -0.968 -0.02 0.805
128 G 0.246 -2.084 -0.29 -1.15 -1.09 -1.92 -2.253 5.463 -1.314 -3.002 -3.278 -1.426 -2.42 -2.561 -2.566 0.005 -1.331 -2.439 -2.918 -2.6
129 V -0.423 -2.413 -2.991 -3.23 0.269 -2.583 -2.952 -3.016 -2.778 2.878 1.832 -2.39 1.139 -0.11 -3.233 -2.415 -0.618 -2.22 -1.226 3.716
130 A 2.743 -1.121 -0.469 -0.971 0.412 -0.976 -0.991 0.042 -0.914 -1.081 -1.606 -0.603 -0.926 -1.834 -1.487 1.837 1.18 -2.432 -1.735 -0.291
131 F -1.868 -2.596 -2.349 -2.883 -1.038 -3.285 -3.115 -2.647 -0.971 0.78 0.508 -2.791 0.216 5.945 -3.849 -2.193 -0.183 0.491 2.483 -0.029
132 L -0.248 -1.492 -2.361 -2.755 -0.026 -1.207 -2.321 -2.303 -1.152 1.743 1.89 -1.496 5.047 0.282 -3.071 -1.797 -0.908 -1.468 -0.921 1.584
133 I -1.276 -3.044 -3.226 -3.165 -0.103 -3.152 -3.616 -3.429 -2.709 4.411 1.651 -2.645 1.26 0.197 -3.468 -3.006 -1.017 -2.183 -1.271 2.967
134 D -1.763 -1.574 1.213 5.811 -2.358 -0.858 1.065 -1.109 -0.522 -2.711 -3.477 -0.815 -2.683 -2.905 -2.275 -0.938 -1.398 -3.517 -3.029 -2.85
135 F -2.208 -2.783 -2.904 -3.336 -1.175 -3.665 -3.445 -2.919 -0.963 0.573 1.305 -3.173 0.54 6.164 -4.314 -3.032 -2.245 0.649 2.662 -0.235
136 A 3.43 -1.466 -1.671 -1.458 0.531 -1.163 -0.435 0.019 -1.224 -0.013 -0.966 -0.858 -0.626 -1.646 -1.651 0.17 -0.459 -2.416 -1.687 0.975
137 L -1.526 -2.172 -3.348 -3.606 -0.136 -2.626 -3.291 -3.368 -2.299 2.019 4.014 -2.464 2.147 0.847 -3.59 -3.144 -1.566 -1.636 -1.042 1.12
138 S 1.082 -0.727 0.511 -0.234 0.087 -0.555 -0.541 -0.092 -0.446 -1.897 -2.314 -0.271 -1.172 -1.929 -1.461 3.212 1.025 -2.535 -1.741 -1.278
139 T -0.105 -1.148 -0.238 -1.096 0.15 -1.162 -1.438 -1.393 -1.473 0.144 -0.867 -0.854 -0.411 -1.476 -1.746 0.601 4.053 -2.183 -1.664 0.707
140 N -1.657 -0.386 4.94 0.877 -1.946 -0.418 -0.653 -0.455 4.653 -2.685 -2.988 -0.392 -1.894 -1.898 -2.613 -0.405 -0.789 -2.493 -0.588 -2.658
141 T 0.394 -1.101 -0.199 -1.038 0.174 -1.102 -1.358 -1.173 -1.385 -0.244 -1.058 -0.78 -0.538 -1.582 -1.659 0.704 4.054 -2.186 -1.695 0.238
142 L -1.464 -2.262 -3.256 -3.462 -0.137 -2.59 -3.288 -3.329 -2.262 2.651 3.6 -2.423 2.399 0.719 -3.547 -3.043 -1.429 -1.705 -1.069 1.535
143 L -1.404 -1.949 -3.063 -3.382 -0.14 -2.139 -3.022 -3.147 -1.9 1.924 3.648 -2.171 3.429 0.76 -3.495 -2.813 -1.423 -1.546 -0.984 1.092
144 P -0.822 -1.999 -1.919 -1.549 -1.443 -1.919 -1.608 -1.838 -1.593 -2.303 -2.736 -1.05 -2.389 -3.321 6.648 -1.437 -1.334 -4.535 -2.621 -2.147
145 R -1.438 5.306 -0.554 -1.636 2.289 0.394 -0.673 -2.116 -0.007 -2.436 -1.943 1.879 -1.2 -2.428 -2.719 -1.408 -1.431 -2.273 -1.812 -2.0
146 F -2.32 -2.882 -2.846 -3.3 -1.36 -3.85 -3.468 -2.86 -0.814 0.291 0.579 -3.29 0.216 6.492 -4.434 -3.016 -2.356 0.866 2.945 -0.493
147 Y -1.798 -1.763 -2.111 -3.008 -1.737 -1.769 -2.349 -2.918 2.119 -0.789 -0.896 -1.859 -0.668 3.363 -3.319 -2.423 -2.075 2.323 6.624 -0.965
148 Q -0.926 0.668 1.584 -0.158 -1.872 4.137 0.965 0.199 2.259 -2.36 -2.211 0.862 -0.715 -2.665 -2.259 -0.711 -1.003 -2.22 -1.125 -1.984
149 S 1.082 -0.727 0.511 -0.234 0.087 -0.555 -0.541 -0.092 -0.446 -1.897 -2.314 -0.271 -1.172 -1.929 -1.461 3.212 1.025 -2.535 -1.741 -1.278
150 E -0.905 -0.107 -0.324 1.532 -2.397 1.361 4.46 -1.935 0.407 -2.75 -2.688 0.691 -1.739 -2.593 -1.867 -0.777 -1.286 -2.373 -1.893 -2.12
151 Q -0.868 1.022 -0.078 -0.342 -1.897 4.831 1.406 -1.465 0.784 -2.226 -1.976 1.236 -0.389 -2.944 -2.137 -0.74 -0.961 -2.17 -1.271 -1.773
152 E -0.905 -0.107 -0.324 1.532 -2.397 1.361 4.46 -1.935 0.407 -2.75 -2.688 0.691 -1.739 -2.593 -1.867 -0.777 -1.286 -2.373 -1.893 -2.12
153 Y -1.798 -1.763 -2.111 -3.008 -1.737 -1.769 -2.349 -2.918 2.119 -0.789 -0.896 -1.859 -0.668 3.363 -3.319 -2.423 -2.075 2.323 6.624 -0.965
154 R -1.52 5.483 -0.448 -1.549 -2.245 0.532 -0.546 -2.114 0.113 -2.597 -2.013 2.033 -1.209 -2.458 -2.69 -1.392 -1.439 -2.22 -1.758 -2.147
155 L -1.526 -2.172 -3.348 -3.606 -0.136 -2.626 -3.291 -3.368 -2.299 2.019 4.014 -2.464 2.147 0.847 -3.59 -3.144 -1.566 -1.636 -1.042 1.12
156 Y -1.798 -1.763 -2.111 -3.008 -1.737 -1.769 -2.349 -2.918 2.119 -0.789 -0.896 -1.859 -0.668 3.363 -3.319 -2.423 -2.075 2.323 6.624 -0.965
157 N -1.645 -0.4 5.612 1.296 -1.832 -0.512 -0.711 -0.14 0.983 -2.698 -3.137 -0.281 -2.147 -2.36 -2.573 -0.104 -0.437 -2.952 -2.054 -2.546
158 L -1.614 -2.252 -3.28 -3.566 -0.263 -2.753 -3.313 -3.3 -2.066 1.852 3.751 -2.555 1.965 2.477 -3.683 -3.128 -1.654 -1.177 -0.128 0.961
159 T -0.098 -1.078 -0.124 -1.0 0.136 -1.089 -1.363 -1.314 -1.399 -0.21 -1.043 -0.776 -0.517 -1.566 -1.673 0.719 4.201 -2.17 -1.692 0.244
160 S 1.082 -0.727 0.511 -0.234 0.087 -0.555 -0.541 -0.092 -0.446 -1.897 -2.314 -0.271 -1.172 -1.929 -1.461 3.212 1.025 -2.535 -1.741 -1.278
161 S 1.082 -0.727 0.511 -0.234 0.087 -0.555 -0.541 -0.092 -0.446 -1.897 -2.314 -0.271 -1.172 -1.929 -1.461 3.212 1.025 -2.535 -1.741 -1.278
162 A 3.883 -1.469 -1.648 -1.673 0.694 -1.306 -1.284 0.388 -1.197 -0.816 -1.307 -0.834 -0.859 -1.834 -1.461 0.469 -0.408 -2.426 -1.741 0.153
163 F -2.32 -2.882 -2.846 -3.3 -1.36 -3.85 -3.468 -2.86 -0.814 0.291 0.579 -3.29 0.216 6.492 -4.434 -3.016 -2.356 0.866 2.945 -0.493
164 F -2.32 -2.882 -2.846 -3.3 -1.36 -3.85 -3.468 -2.86 -0.814 0.291 0.579 -3.29 0.216 6.492 -4.434 -3.016 -2.356 0.866 2.945 -0.493
165 Q -0.868 1.022 -0.078 -0.342 -1.897 4.831 1.406 -1.465 0.784 -2.226 -1.976 1.236 -0.389 -2.944 -2.137 -0.74 -0.961 -2.17 -1.271 -1.773
166 L -1.526 -2.172 -3.348 -3.606 -0.136 -2.626 -3.291 -3.368 -2.299 2.019 4.014 -2.464 2.147 0.847 -3.59 -3.144 -1.566 -1.636 -1.042 1.12
167 S 1.082 -0.727 0.511 -0.234 0.087 -0.555 -0.541 -0.092 -0.446 -1.897 -2.314 -0.271 -1.172 -1.929 -1.461 3.212 1.025 -2.535 -1.741 -1.278
168 I -0.556 -2.954 -3.118 -3.047 -0.076 -3.033 -3.449 -2.999 -2.576 4.327 1.572 -2.509 1.189 0.139 -3.312 -2.659 -1.015 -2.186 -1.298 2.762
169 F -2.32 -2.882 -2.846 -3.3 -1.36 -3.85 -3.468 -2.86 -0.814 0.291 0.579 -3.29 0.216 6.492 -4.434 -3.016 -2.356 0.866 2.945 -0.493
170 Y -1.798 -1.763 -2.111 -3.008 -1.737 -1.769 -2.349 -2.918 2.119 -0.789 -0.896 -1.859 -0.668 3.363 -3.319 -2.423 -2.075 2.323 6.624 -0.965
171 L -1.425 -2.19 -3.319 -3.575 -0.103 -2.623 -3.264 -3.34 -2.333 2.095 3.893 -2.458 2.081 0.784 -3.561 -3.081 -1.481 -1.677 -1.056 1.427
172 L -1.066 -1.369 -2.345 -2.799 -0.154 -1.037 -2.339 -2.569 -0.954 1.618 2.149 -1.438 5.537 0.482 -3.228 -2.002 -1.031 -1.292 -0.818 1.004
173 L -1.526 -2.172 -3.348 -3.606 -0.136 -2.626 -3.291 -3.368 -2.299 2.019 4.014 -2.464 2.147 0.847 -3.59 -3.144 -1.566 -1.636 -1.042 1.12
174 L -1.526 -2.172 -3.348 -3.606 -0.136 -2.626 -3.291 -3.368 -2.299 2.019 4.014 -2.464 2.147 0.847 -3.59 -3.144 -1.566 -1.636 -1.042 1.12
175 H -1.693 -0.343 0.474 -0.947 -2.32 -0.151 -0.486 -1.683 7.972 -2.647 -2.581 -0.751 -1.247 -0.838 -2.735 -1.565 -2.212 -1.44 1.681 -3.021
176 F -2.32 -2.882 -2.846 -3.3 -1.36 -3.85 -3.468 -2.86 -0.814 0.291 0.579 -3.29 0.216 6.492 -4.434 -3.016 -2.356 0.866 2.945 -0.493
177 L -1.526 -2.172 -3.348 -3.606 -0.136 -2.626 -3.291 -3.368 -2.299 2.019 4.014 -2.464 2.147 0.847 -3.59 -3.144 -1.566 -1.636 -1.042 1.12
178 L -1.526 -2.172 -3.348 -3.606 -0.136 -2.626 -3.291 -3.368 -2.299 2.019 4.014 -2.464 2.147 0.847 -3.59 -3.144 -1.566 -1.636 -1.042 1.12
179 A 3.883 -1.469 -1.648 -1.673 0.694 -1.306 -1.284 0.388 -1.197 -0.816 -1.307 -0.834 -0.859 -1.834 -1.461 0.469 -0.408 -2.426 -1.741 0.153
180 Y -1.798 -1.763 -2.111 -3.008 -1.737 -1.769 -2.349 -2.918 2.119 -0.789 -0.896 -1.859 -0.668 3.363 -3.319 -2.423 -2.075 2.323 6.624 -0.965
181 N -1.66 -0.524 5.315 2.413 -1.893 -0.553 -0.419 -0.245 0.832 -2.7 -3.178 -0.343 -2.209 -2.423 -2.534 -0.196 -0.541 -3.017 -2.16 -2.582
182 A 3.44 -1.633 -1.847 -1.898 0.633 -1.505 -1.523 -0.008 -1.449 0.405 -0.724 -1.067 -0.453 -1.501 -1.712 0.117 -0.413 -2.416 -1.647 1.409
183 K -0.812 2.108 -0.254 -0.708 -1.963 0.821 0.328 -1.328 -0.229 -2.109 -2.226 4.453 -1.209 -2.791 -1.673 -0.867 -1.068 -2.535 -1.774 -1.984
184 T -0.178 -0.429 -0.14 -0.962 -0.057 -0.768 -1.089 -1.316 -1.224 -0.389 -1.166 0.652 -0.595 -1.694 -1.673 0.563 3.882 -2.213 -1.702 0.043
185 N -1.645 -0.4 5.612 1.296 -1.832 -0.512 -0.711 -0.14 0.983 -2.698 -3.137 -0.281 -2.147 -2.36 -2.573 -0.104 -0.437 -2.952 -2.054 -2.546
186 Q -0.942 2.117 -0.122 -0.468 -1.938 4.537 1.223 -1.538 0.708 -2.27 -1.981 1.349 -0.479 -2.879 -2.2 -0.814 -1.016 -2.176 -1.327 -1.817
187 I -1.343 -2.943 -3.183 -3.142 -0.137 -3.001 -3.568 -3.4 -2.551 4.367 1.722 -2.57 1.836 0.249 -3.473 -2.983 -1.059 -2.107 -1.24 2.787
188 S 0.94 -0.872 0.355 -0.359 -0.06 -0.705 -0.693 0.858 -0.561 -1.988 -2.398 -0.383 -1.31 -2.041 0.471 2.914 0.801 -2.619 -1.86 -1.403
189 P 0.919 -1.797 -1.641 -1.469 -0.8 -1.691 -1.466 -1.148 -1.43 -1.935 -2.383 -0.953 -1.951 -2.88 5.875 -0.413 -0.931 -3.858 -2.375 -1.502
190 I -1.476 -2.994 -3.201 -3.208 -0.263 -3.229 -3.621 -3.376 -2.359 4.075 1.797 -2.722 1.236 2.209 -3.599 -3.061 -1.224 -1.536 -0.261 2.524
191 F -2.32 -2.882 -2.846 -3.3 -1.36 -3.85 -3.468 -2.86 -0.814 0.291 0.579 -3.29 0.216 6.492 -4.434 -3.016 -2.356 0.866 2.945 -0.493
192 V -0.423 -2.413 -2.991 -3.23 0.269 -2.583 -2.952 -3.016 -2.778 2.878 1.832 -2.39 1.139 -0.11 -3.233 -2.415 -0.618 -2.22 -1.226 3.716
193 F -2.32 -2.882 -2.846 -3.3 -1.36 -3.85 -3.468 -2.86 -0.814 0.291 0.579 -3.29 0.216 6.492 -4.434 -3.016 -2.356 0.866 2.945 -0.493
194 L -1.526 -2.172 -3.348 -3.606 -0.136 -2.626 -3.291 -3.368 -2.299 2.019 4.014 -2.464 2.147 0.847 -3.59 -3.144 -1.566 -1.636 -1.042 1.12
195 L -1.516 -2.221 -3.342 -3.576 -0.136 -2.658 -3.314 -3.374 -2.322 2.253 3.912 -2.476 2.1 0.812 -3.584 -3.139 -1.532 -1.667 -1.056 1.267
196 L -1.526 -2.172 -3.348 -3.606 -0.136 -2.626 -3.291 -3.368 -2.299 2.019 4.014 -2.464 2.147 0.847 -3.59 -3.144 -1.566 -1.636 -1.042 1.12
197 F -2.32 -2.882 -2.846 -3.3 -1.36 -3.85 -3.468 -2.86 -0.814 0.291 0.579 -3.29 0.216 6.492 -4.434 -3.016 -2.356 0.866 2.945 -0.493
198 I -1.362 -3.086 -3.248 -3.166 -0.136 -3.195 -3.672 -3.465 -2.697 4.483 1.691 -2.664 1.286 0.232 -3.49 -3.062 -1.06 -2.17 -1.271 2.875
199 G 0.104 -2.343 -0.426 -1.308 -1.306 -2.181 -2.608 5.796 -1.462 -3.201 -3.446 -1.636 -2.652 -2.664 -2.765 -0.988 -1.905 -2.426 -3.134 -2.85
200 L -1.304 -2.01 -2.688 -3.12 -0.1 -2.383 -2.967 -3.016 -2.17 1.818 3.699 -2.19 1.921 0.635 -3.268 -2.274 0.126 -1.698 -1.115 1.024
201 I -1.362 -3.086 -3.248 -3.166 -0.136 -3.195 -3.672 -3.465 -2.697 4.483 1.691 -2.664 1.286 0.232 -3.49 -3.062 -1.06 -2.17 -1.271 2.875
202 S 1.082 -0.727 0.511 -0.234 0.087 -0.555 -0.541 -0.092 -0.446 -1.897 -2.314 -0.271 -1.172 -1.929 -1.461 3.212 1.025 -2.535 -1.741 -1.278
203 G 0.104 -2.343 -0.426 -1.308 -1.306 -2.181 -2.608 5.796 -1.462 -3.201 -3.446 -1.636 -2.652 -2.664 -2.765 -0.988 -1.905 -2.426 -3.134 -2.85
204 R -1.52 5.483 -0.448 -1.549 -2.245 0.532 -0.546 -2.114 0.113 -2.597 -2.013 2.033 -1.209 -2.458 -2.69 -1.392 -1.439 -2.22 -1.758 -2.147
205 T -0.098 -1.078 -0.124 -1.0 0.136 -1.089 -1.363 -1.314 -1.399 -0.21 -1.043 -0.776 -0.517 -1.566 -1.673 0.719 4.201 -2.17 -1.692 0.244
206 F -2.32 -2.882 -2.846 -3.3 -1.36 -3.85 -3.468 -2.86 -0.814 0.291 0.579 -3.29 0.216 6.492 -4.434 -3.016 -2.356 0.866 2.945 -0.493
207 F -2.32 -2.882 -2.846 -3.3 -1.36 -3.85 -3.468 -2.86 -0.814 0.291 0.579 -3.29 0.216 6.492 -4.434 -3.016 -2.356 0.866 2.945 -0.493
208 L -0.945 -1.486 -2.411 -2.841 -0.085 -1.19 -2.401 -2.613 -1.136 1.839 2.025 -1.54 5.232 0.387 -3.219 -2.034 -0.95 -1.407 -0.871 1.622
209 L -1.526 -2.172 -3.348 -3.606 -0.136 -2.626 -3.291 -3.368 -2.299 2.019 4.014 -2.464 2.147 0.847 -3.59 -3.144 -1.566 -1.636 -1.042 1.12
210 S 1.082 -0.727 0.511 -0.234 0.087 -0.555 -0.541 -0.092 -0.446 -1.897 -2.314 -0.271 -1.172 -1.929 -1.461 3.212 1.025 -2.535 -1.741 -1.278
211 V -0.402 -2.578 -2.975 -3.153 0.269 -2.68 -3.012 -3.032 -2.861 3.374 1.112 -2.426 0.934 -0.258 -3.217 -2.403 -0.544 -2.334 -1.271 3.894
212 V -0.465 -2.614 -2.995 -3.154 0.239 -2.716 -3.058 -3.063 -2.848 3.476 1.161 -2.444 0.962 -0.217 -3.237 -2.448 -0.581 -2.321 -1.271 3.828
213 S 1.082 -0.727 0.511 -0.234 0.087 -0.555 -0.541 -0.092 -0.446 -1.897 -2.314 -0.271 -1.172 -1.929 -1.461 3.212 1.025 -2.535 -1.741 -1.278
214 I -1.111 -2.961 -3.183 -3.163 -0.037 -3.068 -3.506 -3.359 -2.734 4.262 1.567 -2.608 1.208 0.126 -3.425 -2.896 -0.933 -2.207 -1.271 3.144
215 L -1.307 -2.309 -3.278 -3.487 -0.07 -2.684 -3.28 -3.323 -2.416 2.597 3.542 -2.476 1.914 0.646 -3.52 -3.009 -1.334 -1.782 -1.097 1.941
216 I -1.402 -2.829 -3.273 -3.27 -0.136 -3.042 -3.572 -3.44 -2.592 4.035 2.468 -2.613 1.526 0.399 -3.515 -3.082 -1.179 -2.027 -1.212 2.526
217 Y -1.798 -1.763 -2.111 -3.008 -1.737 -1.769 -2.349 -2.918 2.119 -0.789 -0.896 -1.859 -0.668 3.363 -3.319 -2.423 -2.075 2.323 6.624 -0.965
218 F -2.32 -2.882 -2.846 -3.3 -1.36 -3.85 -3.468 -2.86 -0.814 0.291 0.579 -3.29 0.216 6.492 -4.434 -3.016 -2.356 0.866 2.945 -0.493
219 K -0.812 2.108 -0.254 -0.708 -1.963 0.821 0.328 -1.328 -0.229 -2.109 -2.226 4.453 -1.209 -2.791 -1.673 -0.867 -1.068 -2.535 -1.774 -1.984
220 W -2.635 -2.368 -3.152 -3.606 -2.32 -2.81 -2.954 -2.351 -1.12 -1.839 -1.636 -2.776 -1.266 1.143 -5.394 -3.34 -2.68 10.596 2.184 -2.213
221 R -1.52 5.483 -0.448 -1.549 -2.245 0.532 -0.546 -2.114 0.113 -2.597 -2.013 2.033 -1.209 -2.458 -2.69 -1.392 -1.439 -2.22 -1.758 -2.147
222 Y -1.798 -1.763 -2.111 -3.008 -1.737 -1.769 -2.349 -2.918 2.119 -0.789 -0.896 -1.859 -0.668 3.363 -3.319 -2.423 -2.075 2.323 6.624 -0.965
223 L -1.526 -2.172 -3.348 -3.606 -0.136 -2.626 -3.291 -3.368 -2.299 2.019 4.014 -2.464 2.147 0.847 -3.59 -3.144 -1.566 -1.636 -1.042 1.12
224 P -0.822 -1.999 -1.919 -1.549 -1.443 -1.919 -1.608 -1.838 -1.593 -2.303 -2.736 -1.05 -2.389 -3.321 6.648 -1.437 -1.334 -4.535 -2.621 -2.147
225 V 1.756 -2.12 -2.456 -2.603 0.465 -2.114 -2.28 -1.447 -2.253 2.288 0.422 -1.799 0.413 -0.764 -2.513 -1.11 -0.428 -2.389 -1.41 3.322
226 L -1.526 -2.172 -3.348 -3.606 -0.136 -2.626 -3.291 -3.368 -2.299 2.019 4.014 -2.464 2.147 0.847 -3.59 -3.144 -1.566 -1.636 -1.042 1.12
227 F -1.959 -2.77 -3.007 -3.329 -0.838 -3.454 -3.471 -3.056 -1.335 1.935 1.782 -2.995 0.889 5.349 -4.065 -3.048 -1.915 0.109 1.98 0.781
228 L -0.504 -1.964 -2.575 -2.978 -0.042 -2.288 -2.81 -2.618 -2.091 1.695 3.524 -2.069 1.792 0.515 -3.097 -1.959 0.175 -1.742 -1.156 0.971
229 F -2.32 -2.882 -2.846 -3.3 -1.36 -3.85 -3.468 -2.86 -0.814 0.291 0.579 -3.29 0.216 6.492 -4.434 -3.016 -2.356 0.866 2.945 -0.493
230 A 3.728 -1.548 -1.725 -1.747 0.649 -1.394 -1.387 0.252 -1.271 0.006 -0.995 -0.92 -0.667 -1.651 -1.553 0.339 -0.445 -2.409 -1.709 0.423
231 G 1.288 -2.158 -0.619 -1.373 -0.81 -1.995 -2.309 5.297 -1.41 -2.578 -2.906 -1.468 -2.22 -2.489 -2.471 -0.653 -1.559 -2.426 -2.816 -1.998
232 L -1.484 -2.375 -3.323 -3.489 -0.136 -2.758 -3.382 -3.392 -2.394 2.857 3.584 -2.512 1.954 0.705 -3.565 -3.123 -1.431 -1.761 -1.097 1.668
233 V -0.219 -2.472 -2.915 -3.15 0.354 -2.573 -2.879 -2.941 -2.9 3.044 0.96 -2.374 0.846 -0.384 -3.157 -2.27 -0.437 -2.373 -1.271 4.086
234 L -1.526 -2.172 -3.348 -3.606 -0.136 -2.626 -3.291 -3.368 -2.299 2.019 4.014 -2.464 2.147 0.847 -3.59 -3.144 -1.566 -1.636 -1.042 1.12
235 F -2.32 -2.882 -2.846 -3.3 -1.36 -3.85 -3.468 -2.86 -0.814 0.291 0.579 -3.29 0.216 6.492 -4.434 -3.016 -2.356 0.866 2.945 -0.493
236 F -2.1 -2.687 -2.963 -3.373 -1.002 -3.492 -3.423 -2.979 -1.12 0.829 1.884 -3.06 0.832 5.795 -4.199 -3.048 -2.138 0.414 2.347 0.002
237 A 3.65 -1.365 -1.272 -1.449 0.625 -1.2 -1.18 0.332 -1.091 -0.931 -1.415 -0.757 -0.896 -1.846 -1.461 0.991 -0.185 -2.439 -1.741 0.008
238 L -1.516 -2.221 -3.342 -3.576 -0.136 -2.658 -3.314 -3.374 -2.322 2.253 3.912 -2.476 2.1 0.812 -3.584 -3.139 -1.532 -1.667 -1.056 1.267
239 N -1.645 -0.4 5.612 1.296 -1.832 -0.512 -0.711 -0.14 0.983 -2.698 -3.137 -0.281 -2.147 -2.36 -2.573 -0.104 -0.437 -2.952 -2.054 -2.546
240 F -2.32 -2.882 -2.846 -3.3 -1.36 -3.85 -3.468 -2.86 -0.814 0.291 0.579 -3.29 0.216 6.492 -4.434 -3.016 -2.356 0.866 2.945 -0.493
241 P 0.588 -1.739 -1.448 -1.362 -0.858 -1.63 -1.411 -1.196 -1.373 -2.02 -2.461 -0.913 -1.978 -2.888 5.875 -0.049 -0.795 -3.869 -2.375 -1.63
242 Q -0.924 0.725 -0.021 1.079 -2.012 4.241 2.263 -1.523 0.649 -2.346 -2.174 1.045 -0.707 -2.873 -2.092 -0.759 -1.045 -2.276 -1.464 -1.892
243 H -1.693 -0.343 0.474 -0.947 -2.32 -0.151 -0.486 -1.683 7.972 -2.647 -2.581 -0.751 -1.247 -0.838 -2.735 -1.565 -2.212 -1.44 1.681 -3.021
244 K -0.812 2.108 -0.254 -0.708 -1.963 0.821 0.328 -1.328 -0.229 -2.109 -2.226 4.453 -1.209 -2.791 -1.673 -0.867 -1.068 -2.535 -1.774 -1.984
245 Y -1.798 -1.763 -2.111 -3.008 -1.737 -1.769 -2.349 -2.918 2.119 -0.789 -0.896 -1.859 -0.668 3.363 -3.319 -2.423 -2.075 2.323 6.624 -0.965
246 V -0.219 -2.472 -2.915 -3.15 0.354 -2.573 -2.879 -2.941 -2.9 3.044 0.96 -2.374 0.846 -0.384 -3.157 -2.27 -0.437 -2.373 -1.271 4.086
247 A 3.883 -1.469 -1.648 -1.673 0.694 -1.306 -1.284 0.388 -1.197 -0.816 -1.307 -0.834 -0.859 -1.834 -1.461 0.469 -0.408 -2.426 -1.741 0.153
248 H -1.693 -0.343 0.474 -0.947 -2.32 -0.151 -0.486 -1.683 7.972 -2.647 -2.581 -0.751 -1.247 -0.838 -2.735 -1.565 -2.212 -1.44 1.681 -3.021
249 A 3.883 -1.469 -1.648 -1.673 0.694 -1.306 -1.284 0.388 -1.197 -0.816 -1.307 -0.834 -0.859 -1.834 -1.461 0.469 -0.408 -2.426 -1.741 0.153
250 L -1.614 -2.252 -3.28 -3.566 -0.263 -2.753 -3.313 -3.3 -2.066 1.852 3.751 -2.555 1.965 2.477 -3.683 -3.128 -1.654 -1.177 -0.128 0.961
251 E -0.905 -0.107 -0.324 1.532 -2.397 1.361 4.46 -1.935 0.407 -2.75 -2.688 0.691 -1.739 -2.593 -1.867 -0.777 -1.286 -2.373 -1.893 -2.12
252 P -0.822 -1.999 -1.919 -1.549 -1.443 -1.919 -1.608 -1.838 -1.593 -2.303 -2.736 -1.05 -2.389 -3.321 6.648 -1.437 -1.334 -4.535 -2.621 -2.147
253 V -0.219 -2.472 -2.915 -3.15 0.354 -2.573 -2.879 -2.941 -2.9 3.044 0.96 -2.374 0.846 -0.384 -3.157 -2.27 -0.437 -2.373 -1.271 4.086
254 I -1.362 -3.086 -3.248 -3.166 -0.136 -3.195 -3.672 -3.465 -2.697 4.483 1.691 -2.664 1.286 0.232 -3.49 -3.062 -1.06 -2.17 -1.271 2.875
255 N -1.645 -0.4 5.612 1.296 -1.832 -0.512 -0.711 -0.14 0.983 -2.698 -3.137 -0.281 -2.147 -2.36 -2.573 -0.104 -0.437 -2.952 -2.054 -2.546
256 L -1.526 -2.172 -3.348 -3.606 -0.136 -2.626 -3.291 -3.368 -2.299 2.019 4.014 -2.464 2.147 0.847 -3.59 -3.144 -1.566 -1.636 -1.042 1.12
257 L -1.614 -2.252 -3.28 -3.566 -0.263 -2.753 -3.313 -3.3 -2.066 1.852 3.751 -2.555 1.965 2.477 -3.683 -3.128 -1.654 -1.177 -0.128 0.961
258 S 1.082 -0.727 0.511 -0.234 0.087 -0.555 -0.541 -0.092 -0.446 -1.897 -2.314 -0.271 -1.172 -1.929 -1.461 3.212 1.025 -2.535 -1.741 -1.278
259 H -1.7 -0.414 0.365 -1.04 -2.28 -0.229 -0.573 -1.746 7.811 -2.489 -2.441 -0.809 -1.207 -0.299 -2.768 -1.612 -2.203 -0.992 2.403 -2.84
260 Q -0.868 1.022 -0.078 -0.342 -1.897 4.831 1.406 -1.465 0.784 -2.226 -1.976 1.236 -0.389 -2.944 -2.137 -0.74 -0.961 -2.17 -1.271 -1.773
261 D -1.763 -1.574 1.213 5.811 -2.358 -0.858 1.065 -1.109 -0.522 -2.711 -3.477 -0.815 -2.683 -2.905 -2.275 -0.938 -1.398 -3.517 -3.029 -2.85
262 V -0.36 -2.23 -2.799 -3.081 0.266 -2.216 -2.77 -2.867 -2.421 2.825 1.223 -2.174 2.486 -0.201 -3.17 -2.218 -0.539 -2.137 -1.18 3.707
263 A 2.936 -1.145 -0.554 -1.009 0.447 -0.988 -0.987 0.131 -0.903 -1.128 -1.625 -0.606 -0.949 -1.851 -1.474 1.827 0.738 -2.449 -1.738 -0.298
264 R -1.189 4.447 -0.361 -1.151 -2.118 0.662 -0.131 -1.743 -0.032 -2.373 -2.104 3.343 -1.209 -2.599 -2.2 -1.15 -1.271 -2.353 -1.765 -2.075
265 I -1.372 -3.02 -3.254 -3.192 -0.136 -3.156 -3.647 -3.458 -2.67 4.377 1.906 -2.651 1.348 0.275 -3.496 -3.067 -1.089 -2.134 -1.256 2.791
266 S 0.97 -0.705 1.276 -0.111 -0.002 -0.553 -0.551 -0.095 -0.332 -1.941 -2.359 -0.271 -1.224 -1.954 -1.519 3.086 0.953 -2.559 -1.76 -1.343
267 S 1.082 -0.727 0.511 -0.234 0.087 -0.555 -0.541 -0.092 -0.446 -1.897 -2.314 -0.271 -1.172 -1.929 -1.461 3.212 1.025 -2.535 -1.741 -1.278
268 S 1.082 -0.727 0.511 -0.234 0.087 -0.555 -0.541 -0.092 -0.446 -1.897 -2.314 -0.271 -1.172 -1.929 -1.461 3.212 1.025 -2.535 -1.741 -1.278
269 S 1.082 -0.727 0.511 -0.234 0.087 -0.555 -0.541 -0.092 -0.446 -1.897 -2.314 -0.271 -1.172 -1.929 -1.461 3.212 1.025 -2.535 -1.741 -1.278
270 E -0.905 -0.107 -0.324 1.532 -2.397 1.361 4.46 -1.935 0.407 -2.75 -2.688 0.691 -1.739 -2.593 -1.867 -0.777 -1.286 -2.373 -1.893 -2.12
271 N -1.645 -0.4 5.612 1.296 -1.832 -0.512 -0.711 -0.14 0.983 -2.698 -3.137 -0.281 -2.147 -2.36 -2.573 -0.104 -0.437 -2.952 -2.054 -2.546
272 L -1.526 -2.172 -3.348 -3.606 -0.136 -2.626 -3.291 -3.368 -2.299 2.019 4.014 -2.464 2.147 0.847 -3.59 -3.144 -1.566 -1.636 -1.042 1.12
273 I -1.362 -3.086 -3.248 -3.166 -0.136 -3.195 -3.672 -3.465 -2.697 4.483 1.691 -2.664 1.286 0.232 -3.49 -3.062 -1.06 -2.17 -1.271 2.875
274 K -0.812 2.108 -0.254 -0.708 -1.963 0.821 0.328 -1.328 -0.229 -2.109 -2.226 4.453 -1.209 -2.791 -1.673 -0.867 -1.068 -2.535 -1.774 -1.984
275 N -1.645 -0.4 5.612 1.296 -1.832 -0.512 -0.711 -0.14 0.983 -2.698 -3.137 -0.281 -2.147 -2.36 -2.573 -0.104 -0.437 -2.952 -2.054 -2.546
276 H -1.519 -0.033 0.378 -0.823 -2.236 1.65 -0.024 -1.641 7.427 -2.563 -2.457 -0.259 -1.065 -1.133 -2.613 -1.391 -1.932 -1.563 1.312 -2.742
277 L -1.526 -2.172 -3.348 -3.606 -0.136 -2.626 -3.291 -3.368 -2.299 2.019 4.014 -2.464 2.147 0.847 -3.59 -3.144 -1.566 -1.636 -1.042 1.12
278 F -2.32 -2.882 -2.846 -3.3 -1.36 -3.85 -3.468 -2.86 -0.814 0.291 0.579 -3.29 0.216 6.492 -4.434 -3.016 -2.356 0.866 2.945 -0.493
279 I -1.276 -3.044 -3.226 -3.165 -0.103 -3.152 -3.616 -3.429 -2.709 4.411 1.651 -2.645 1.26 0.197 -3.468 -3.006 -1.017 -2.183 -1.271 2.967
280 P -0.822 -1.999 -1.919 -1.549 -1.443 -1.919 -1.608 -1.838 -1.593 -2.303 -2.736 -1.05 -2.389 -3.321 6.648 -1.437 -1.334 -4.535 -2.621 -2.147
281 T -0.169 0.177 -0.144 -1.032 0.033 -0.956 -1.305 -1.358 -1.277 -0.313 -1.095 -0.494 -0.556 -1.614 -1.727 0.624 4.042 -2.173 -1.696 0.14
282 L -0.82 -2.465 -3.004 -3.286 -0.025 -2.787 -3.082 -3.026 -2.241 2.436 2.026 -2.548 1.136 2.764 -3.467 -2.6 -0.982 -1.278 0.159 3.017
283 K -0.812 2.108 -0.254 -0.708 -1.963 0.821 0.328 -1.328 -0.229 -2.109 -2.226 4.453 -1.209 -2.791 -1.673 -0.867 -1.068 -2.535 -1.774 -1.984
284 Q -0.868 1.022 -0.078 -0.342 -1.897 4.831 1.406 -1.465 0.784 -2.226 -1.976 1.236 -0.389 -2.944 -2.137 -0.74 -0.961 -2.17 -1.271 -1.773
285 F -2.32 -2.882 -2.846 -3.3 -1.36 -3.85 -3.468 -2.86 -0.814 0.291 0.579 -3.29 0.216 6.492 -4.434 -3.016 -2.356 0.866 2.945 -0.493
286 L -1.526 -2.172 -3.348 -3.606 -0.136 -2.626 -3.291 -3.368 -2.299 2.019 4.014 -2.464 2.147 0.847 -3.59 -3.144 -1.566 -1.636 -1.042 1.12
287 L -1.165 -1.762 -2.603 -2.933 -0.148 -1.533 -2.675 -2.815 -1.378 2.658 2.207 -1.759 4.761 0.446 -3.313 -2.297 -1.069 -1.509 -0.939 1.603
288 G 0.104 -2.343 -0.426 -1.308 -1.306 -2.181 -2.608 5.796 -1.462 -3.201 -3.446 -1.636 -2.652 -2.664 -2.765 -0.988 -1.905 -2.426 -3.134 -2.85
289 D -1.763 -1.574 1.213 5.811 -2.358 -0.858 1.065 -1.109 -0.522 -2.711 -3.477 -0.815 -2.683 -2.905 -2.275 -0.938 -1.398 -3.517 -3.029 -2.85
290 G 0.104 -2.343 -0.426 -1.308 -1.306 -2.181 -2.608 5.796 -1.462 -3.201 -3.446 -1.636 -2.652 -2.664 -2.765 -0.988 -1.905 -2.426 -3.134 -2.85
291 Y -1.664 -1.394 -1.59 -1.756 -1.846 -1.03 -0.002 -2.685 2.999 -1.065 -1.154 -1.317 -0.816 2.87 -3.055 -2.101 -1.972 1.868 6.088 -1.184
292 Y -1.798 -1.763 -2.111 -3.008 -1.737 -1.769 -2.349 -2.918 2.119 -0.789 -0.896 -1.859 -0.668 3.363 -3.319 -2.423 -2.075 2.323 6.624 -0.965
293 Y -1.858 -1.881 -2.193 -3.043 -1.687 -1.961 -2.467 -2.91 1.879 -0.63 -0.665 -2.003 -0.541 3.994 -3.437 -2.491 -2.109 2.176 6.352 -0.902
294 T -0.098 -1.078 -0.124 -1.0 0.136 -1.089 -1.363 -1.314 -1.399 -0.21 -1.043 -0.776 -0.517 -1.566 -1.673 0.719 4.201 -2.17 -1.692 0.244
295 P 1.499 -1.779 -1.272 1.016 -0.588 -1.602 -1.082 -0.922 -1.348 -1.309 -1.108 -1.019 -1.327 -2.284 4.796 -0.706 -1.031 -3.369 -2.242 -1.005
296 D -1.356 -0.839 0.638 4.62 -2.375 0.324 3.038 -1.442 -0.078 -2.728 -3.105 -0.058 -2.232 -2.765 -2.089 -0.866 -1.349 -2.96 -2.477 -2.507
297 G 0.104 -2.343 -0.426 -1.308 -1.306 -2.181 -2.608 5.796 -1.462 -3.201 -3.446 -1.636 -2.652 -2.664 -2.765 -0.988 -1.905 -2.426 -3.134 -2.85
298 K -0.812 2.108 -0.254 -0.708 -1.963 0.821 0.328 -1.328 -0.229 -2.109 -2.226 4.453 -1.209 -2.791 -1.673 -0.867 -1.068 -2.535 -1.774 -1.984
299 Y -1.798 -1.763 -2.111 -3.008 -1.737 -1.769 -2.349 -2.918 2.119 -0.789 -0.896 -1.859 -0.668 3.363 -3.319 -2.423 -2.075 2.323 6.624 -0.965
300 Y -1.798 -1.763 -2.111 -3.008 -1.737 -1.769 -2.349 -2.918 2.119 -0.789 -0.896 -1.859 -0.668 3.363 -3.319 -2.423 -2.075 2.323 6.624 -0.965
301 G 0.104 -2.343 -0.426 -1.308 -1.306 -2.181 -2.608 5.796 -1.462 -3.201 -3.446 -1.636 -2.652 -2.664 -2.765 -0.988 -1.905 -2.426 -3.134 -2.85
302 G 2.357 -1.928 -0.898 -1.462 -0.259 -1.765 -1.953 4.461 -1.343 -1.913 -2.314 -1.258 -1.729 -2.271 -2.121 -0.259 -1.153 -2.426 -2.441 -1.152
303 T -0.098 -1.078 -0.124 -1.0 0.136 -1.089 -1.363 -1.314 -1.399 -0.21 -1.043 -0.776 -0.517 -1.566 -1.673 0.719 4.201 -2.17 -1.692 0.244
304 D -1.763 -1.574 1.213 5.811 -2.358 -0.858 1.065 -1.109 -0.522 -2.711 -3.477 -0.815 -2.683 -2.905 -2.275 -0.938 -1.398 -3.517 -3.029 -2.85
305 S 1.082 -0.727 0.511 -0.234 0.087 -0.555 -0.541 -0.092 -0.446 -1.897 -2.314 -0.271 -1.172 -1.929 -1.461 3.212 1.025 -2.535 -1.741 -1.278
306 G 0.104 -2.343 -0.426 -1.308 -1.306 -2.181 -2.608 5.796 -1.462 -3.201 -3.446 -1.636 -2.652 -2.664 -2.765 -0.988 -1.905 -2.426 -3.134 -2.85
307 F -2.32 -2.882 -2.846 -3.3 -1.36 -3.85 -3.468 -2.86 -0.814 0.291 0.579 -3.29 0.216 6.492 -4.434 -3.016 -2.356 0.866 2.945 -0.493
308 L -1.423 -2.709 -3.285 -3.323 -0.136 -2.968 -3.523 -3.428 -2.541 3.783 2.79 -2.587 1.639 0.478 -3.527 -3.092 -1.24 -1.958 -1.183 2.334
309 R -1.52 5.483 -0.448 -1.549 -2.245 0.532 -0.546 -2.114 0.113 -2.597 -2.013 2.033 -1.209 -2.458 -2.69 -1.392 -1.439 -2.22 -1.758 -2.147
310 Q -0.868 1.022 -0.078 -0.342 -1.897 4.831 1.406 -1.465 0.784 -2.226 -1.976 1.236 -0.389 -2.944 -2.137 -0.74 -0.961 -2.17 -1.271 -1.773
311 V -0.219 -2.472 -2.915 -3.15 0.354 -2.573 -2.879 -2.941 -2.9 3.044 0.96 -2.374 0.846 -0.384 -3.157 -2.27 -0.437 -2.373 -1.271 4.086
312 L -1.526 -2.172 -3.348 -3.606 -0.136 -2.626 -3.291 -3.368 -2.299 2.019 4.014 -2.464 2.147 0.847 -3.59 -3.144 -1.566 -1.636 -1.042 1.12
313 Y -1.798 -1.763 -2.111 -3.008 -1.737 -1.769 -2.349 -2.918 2.119 -0.789 -0.896 -1.859 -0.668 3.363 -3.319 -2.423 -2.075 2.323 6.624 -0.965
314 G 0.104 -2.343 -0.426 -1.308 -1.306 -2.181 -2.608 5.796 -1.462 -3.201 -3.446 -1.636 -2.652 -2.664 -2.765 -0.988 -1.905 -2.426 -3.134 -2.85
315 G 0.104 -2.343 -0.426 -1.308 -1.306 -2.181 -2.608 5.796 -1.462 -3.201 -3.446 -1.636 -2.652 -2.664 -2.765 -0.988 -1.905 -2.426 -3.134 -2.85
316 L -1.423 -2.709 -3.285 -3.323 -0.136 -2.968 -3.523 -3.428 -2.541 3.783 2.79 -2.587 1.639 0.478 -3.527 -3.092 -1.24 -1.958 -1.183 2.334
317 G 1.275 -2.165 -0.732 -1.462 -0.694 -2.017 -2.323 5.085 -1.481 -1.631 -2.412 -1.507 -1.875 -2.292 -2.492 -0.711 -1.454 -2.422 -2.673 -0.89
318 Y -1.798 -1.763 -2.111 -3.008 -1.737 -1.769 -2.349 -2.918 2.119 -0.789 -0.896 -1.859 -0.668 3.363 -3.319 -2.423 -2.075 2.323 6.624 -0.965
319 L -1.526 -2.172 -3.348 -3.606 -0.136 -2.626 -3.291 -3.368 -2.299 2.019 4.014 -2.464 2.147 0.847 -3.59 -3.144 -1.566 -1.636 -1.042 1.12
320 L -0.803 -1.599 -2.138 -2.641 -0.013 -1.447 -2.388 -2.525 -1.445 1.839 2.051 -1.608 4.309 0.193 -3.008 -1.628 0.437 -1.613 -1.025 1.836
321 V 0.262 -2.219 -2.314 -2.673 0.322 -2.281 -2.559 -2.367 -2.522 2.771 0.724 -2.02 0.653 -0.538 -2.811 -1.488 0.708 -2.337 -1.348 3.583
322 C -0.433 -3.324 -2.95 -3.404 9.664 -3.444 -3.91 -2.149 -2.936 -0.717 -1.047 -3.099 -1.064 -2.013 -3.192 -1.656 -1.302 -3.22 -2.782 -0.395
323 F -2.32 -2.882 -2.846 -3.3 -1.36 -3.85 -3.468 -2.86 -0.814 0.291 0.579 -3.29 0.216 6.492 -4.434 -3.016 -2.356 0.866 2.945 -0.493
324 L 0.524 -2.027 -2.943 -3.131 0.039 -2.328 -2.793 -2.195 -2.058 1.659 3.518 -2.08 1.774 0.5 -3.053 -2.036 -1.311 -1.769 -1.161 0.962
325 F -2.32 -2.882 -2.846 -3.3 -1.36 -3.85 -3.468 -2.86 -0.814 0.291 0.579 -3.29 0.216 6.492 -4.434 -3.016 -2.356 0.866 2.945 -0.493
326 T -0.098 -1.078 -0.124 -1.0 0.136 -1.089 -1.363 -1.314 -1.399 -0.21 -1.043 -0.776 -0.517 -1.566 -1.673 0.719 4.201 -2.17 -1.692 0.244
327 V 0.833 -2.379 -2.633 -2.843 0.056 -2.567 -2.664 -1.963 -1.887 2.208 0.608 -2.211 0.469 3.147 -3.006 -1.684 -0.844 -1.166 0.425 2.799
328 Y -1.798 -1.763 -2.111 -3.008 -1.737 -1.769 -2.349 -2.918 2.119 -0.789 -0.896 -1.859 -0.668 3.363 -3.319 -2.423 -2.075 2.323 6.624 -0.965
329 F -2.32 -2.882 -2.846 -3.3 -1.36 -3.85 -3.468 -2.86 -0.814 0.291 0.579 -3.29 0.216 6.492 -4.434 -3.016 -2.356 0.866 2.945 -0.493
330 V -0.219 -2.472 -2.915 -3.15 0.354 -2.573 -2.879 -2.941 -2.9 3.044 0.96 -2.374 0.846 -0.384 -3.157 -2.27 -0.437 -2.373 -1.271 4.086
331 K -0.812 2.108 -0.254 -0.708 -1.963 0.821 0.328 -1.328 -0.229 -2.109 -2.226 4.453 -1.209 -2.791 -1.673 -0.867 -1.068 -2.535 -1.774 -1.984
332 R -1.52 5.483 -0.448 -1.549 -2.245 0.532 -0.546 -2.114 0.113 -2.597 -2.013 2.033 -1.209 -2.458 -2.69 -1.392 -1.439 -2.22 -1.758 -2.147
333 V -0.219 -2.472 -2.915 -3.15 0.354 -2.573 -2.879 -2.941 -2.9 3.044 0.96 -2.374 0.846 -0.384 -3.157 -2.27 -0.437 -2.373 -1.271 4.086
334 A 3.883 -1.469 -1.648 -1.673 0.694 -1.306 -1.284 0.388 -1.197 -0.816 -1.307 -0.834 -0.859 -1.834 -1.461 0.469 -0.408 -2.426 -1.741 0.153
335 D -1.703 -1.468 1.008 5.482 -2.317 -0.702 1.331 -1.241 -0.202 -2.547 -3.176 -0.747 -2.442 -1.748 -2.302 -1.001 -1.429 -2.463 -0.119 -2.64
336 N -1.651 -0.393 5.295 1.094 -1.889 -0.465 -0.682 -0.293 3.366 -2.692 -3.061 -0.336 -2.018 -2.12 -2.593 -0.251 -0.608 -2.714 -1.229 -2.601
337 W -2.635 -2.368 -3.152 -3.606 -2.32 -2.81 -2.954 -2.351 -1.12 -1.839 -1.636 -2.776 -1.266 1.143 -5.394 -3.34 -2.68 10.596 2.184 -2.213
338 F -2.32 -2.882 -2.846 -3.3 -1.36 -3.85 -3.468 -2.86 -0.814 0.291 0.579 -3.29 0.216 6.492 -4.434 -3.016 -2.356 0.866 2.945 -0.493
339 D -1.574 -1.156 1.609 5.188 -2.329 -0.272 2.019 -1.173 -0.21 -2.717 -3.291 -0.434 -2.447 -2.808 -2.211 -0.848 -1.307 -3.229 -2.713 -2.679
340 G 0.104 -2.343 -0.426 -1.308 -1.306 -2.181 -2.608 5.796 -1.462 -3.201 -3.446 -1.636 -2.652 -2.664 -2.765 -0.988 -1.905 -2.426 -3.134 -2.85
341 S 0.97 -0.705 1.276 -0.111 -0.002 -0.553 -0.551 -0.095 -0.332 -1.941 -2.359 -0.271 -1.224 -1.954 -1.519 3.086 0.953 -2.559 -1.76 -1.343
342 W -2.635 -2.368 -3.152 -3.606 -2.32 -2.81 -2.954 -2.351 -1.12 -1.839 -1.636 -2.776 -1.266 1.143 -5.394 -3.34 -2.68 10.596 2.184 -2.213
343 R -1.266 4.892 -0.389 -1.336 -1.971 0.512 -0.403 -1.895 -0.024 -2.283 -1.98 2.577 -1.161 -2.451 -2.4 -1.104 -0.459 -2.273 -1.757 -1.895
344 F -2.32 -2.882 -2.846 -3.3 -1.36 -3.85 -3.468 -2.86 -0.814 0.291 0.579 -3.29 0.216 6.492 -4.434 -3.016 -2.356 0.866 2.945 -0.493
345 L -0.959 -1.495 -2.041 -2.542 -0.114 -1.24 -2.327 -2.47 -1.177 2.03 1.839 -1.47 4.871 0.261 -3.01 -1.58 0.396 -1.488 -0.968 1.24
346 L -1.526 -2.172 -3.348 -3.606 -0.136 -2.626 -3.291 -3.368 -2.299 2.019 4.014 -2.464 2.147 0.847 -3.59 -3.144 -1.566 -1.636 -1.042 1.12
347 S 1.082 -0.727 0.511 -0.234 0.087 -0.555 -0.541 -0.092 -0.446 -1.897 -2.314 -0.271 -1.172 -1.929 -1.461 3.212 1.025 -2.535 -1.741 -1.278
348 T -0.098 -1.078 -0.124 -1.0 0.136 -1.089 -1.363 -1.314 -1.399 -0.21 -1.043 -0.776 -0.517 -1.566 -1.673 0.719 4.201 -2.17 -1.692 0.244
349 V -0.495 -2.394 -3.017 -3.257 0.239 -2.586 -2.977 -3.042 -2.738 2.82 2.072 -2.396 1.23 -0.024 -3.259 -2.465 -0.68 -2.17 -1.212 3.581
350 F -2.32 -2.882 -2.846 -3.3 -1.36 -3.85 -3.468 -2.86 -0.814 0.291 0.579 -3.29 0.216 6.492 -4.434 -3.016 -2.356 0.866 2.945 -0.493
351 I -1.362 -3.086 -3.248 -3.166 -0.136 -3.195 -3.672 -3.465 -2.697 4.483 1.691 -2.664 1.286 0.232 -3.49 -3.062 -1.06 -2.17 -1.271 2.875
352 L -1.57 -2.212 -3.314 -3.586 -0.199 -2.689 -3.302 -3.334 -2.18 1.937 3.885 -2.509 2.057 1.776 -3.636 -3.136 -1.61 -1.397 -0.549 1.042
353 S 1.082 -0.727 0.511 -0.234 0.087 -0.555 -0.541 -0.092 -0.446 -1.897 -2.314 -0.271 -1.172 -1.929 -1.461 3.212 1.025 -2.535 -1.741 -1.278
354 V -0.219 -2.472 -2.915 -3.15 0.354 -2.573 -2.879 -2.941 -2.9 3.044 0.96 -2.374 0.846 -0.384 -3.157 -2.27 -0.437 -2.373 -1.271 4.086
355 L -1.526 -2.172 -3.348 -3.606 -0.136 -2.626 -3.291 -3.368 -2.299 2.019 4.014 -2.464 2.147 0.847 -3.59 -3.144 -1.566 -1.636 -1.042 1.12
356 H -1.576 -0.133 0.41 -0.864 -2.263 1.165 -0.17 -1.655 7.62 -2.591 -2.498 -0.414 -1.124 -1.031 -2.653 -1.448 -2.023 -1.522 1.44 -2.832
357 V -0.465 -2.614 -2.995 -3.154 0.239 -2.716 -3.058 -3.063 -2.848 3.476 1.161 -2.444 0.962 -0.217 -3.237 -2.448 -0.581 -2.321 -1.271 3.828
358 K -0.812 2.108 -0.254 -0.708 -1.963 0.821 0.328 -1.328 -0.229 -2.109 -2.226 4.453 -1.209 -2.791 -1.673 -0.867 -1.068 -2.535 -1.774 -1.984
359 A 3.883 -1.469 -1.648 -1.673 0.694 -1.306 -1.284 0.388 -1.197 -0.816 -1.307 -0.834 -0.859 -1.834 -1.461 0.469 -0.408 -2.426 -1.741 0.153
360 D -1.763 -1.574 1.213 5.811 -2.358 -0.858 1.065 -1.109 -0.522 -2.711 -3.477 -0.815 -2.683 -2.905 -2.275 -0.938 -1.398 -3.517 -3.029 -2.85
361 T -0.098 -1.078 -0.124 -1.0 0.136 -1.089 -1.363 -1.314 -1.399 -0.21 -1.043 -0.776 -0.517 -1.566 -1.673 0.719 4.201 -2.17 -1.692 0.244
362 Y -1.798 -1.763 -2.111 -3.008 -1.737 -1.769 -2.349 -2.918 2.119 -0.789 -0.896 -1.859 -0.668 3.363 -3.319 -2.423 -2.075 2.323 6.624 -0.965
363 A 3.883 -1.469 -1.648 -1.673 0.694 -1.306 -1.284 0.388 -1.197 -0.816 -1.307 -0.834 -0.859 -1.834 -1.461 0.469 -0.408 -2.426 -1.741 0.153
364 F -2.32 -2.882 -2.846 -3.3 -1.36 -3.85 -3.468 -2.86 -0.814 0.291 0.579 -3.29 0.216 6.492 -4.434 -3.016 -2.356 0.866 2.945 -0.493
365 P -0.822 -1.999 -1.919 -1.549 -1.443 -1.919 -1.608 -1.838 -1.593 -2.303 -2.736 -1.05 -2.389 -3.321 6.648 -1.437 -1.334 -4.535 -2.621 -2.147
366 G 0.104 -2.343 -0.426 -1.308 -1.306 -2.181 -2.608 5.796 -1.462 -3.201 -3.446 -1.636 -2.652 -2.664 -2.765 -0.988 -1.905 -2.426 -3.134 -2.85
367 I -1.362 -3.086 -3.248 -3.166 -0.136 -3.195 -3.672 -3.465 -2.697 4.483 1.691 -2.664 1.286 0.232 -3.49 -3.062 -1.06 -2.17 -1.271 2.875
368 L -1.066 -1.369 -2.345 -2.799 -0.154 -1.037 -2.339 -2.569 -0.954 1.618 2.149 -1.438 5.537 0.482 -3.228 -2.002 -1.031 -1.292 -0.818 1.004
369 L -1.526 -2.172 -3.348 -3.606 -0.136 -2.626 -3.291 -3.368 -2.299 2.019 4.014 -2.464 2.147 0.847 -3.59 -3.144 -1.566 -1.636 -1.042 1.12
370 V -0.34 -2.542 -2.955 -3.152 0.297 -2.644 -2.967 -3.001 -2.874 3.268 1.062 -2.409 0.905 -0.299 -3.197 -2.358 -0.508 -2.347 -1.271 3.96
371 L -1.705 -2.334 -3.214 -3.526 -0.397 -2.887 -3.334 -3.233 -1.85 1.674 3.462 -2.649 1.771 3.512 -3.779 -3.111 -1.744 -0.781 0.566 0.793
372 L -1.404 -2.29 -3.306 -3.517 -0.103 -2.688 -3.308 -3.351 -2.381 2.534 3.678 -2.482 1.984 0.712 -3.548 -3.071 -1.415 -1.739 -1.083 1.686
373 L -1.066 -1.369 -2.345 -2.799 -0.154 -1.037 -2.339 -2.569 -0.954 1.618 2.149 -1.438 5.537 0.482 -3.228 -2.002 -1.031 -1.292 -0.818 1.004
374 F -2.32 -2.882 -2.846 -3.3 -1.36 -3.85 -3.468 -2.86 -0.814 0.291 0.579 -3.29 0.216 6.492 -4.434 -3.016 -2.356 0.866 2.945 -0.493
375 L -1.526 -2.172 -3.348 -3.606 -0.136 -2.626 -3.291 -3.368 -2.299 2.019 4.014 -2.464 2.147 0.847 -3.59 -3.144 -1.566 -1.636 -1.042 1.12
376 S 1.082 -0.727 0.511 -0.234 0.087 -0.555 -0.541 -0.092 -0.446 -1.897 -2.314 -0.271 -1.172 -1.929 -1.461 3.212 1.025 -2.535 -1.741 -1.278
377 L -1.526 -2.172 -3.348 -3.606 -0.136 -2.626 -3.291 -3.368 -2.299 2.019 4.014 -2.464 2.147 0.847 -3.59 -3.144 -1.566 -1.636 -1.042 1.12
378 F -2.32 -2.882 -2.846 -3.3 -1.36 -3.85 -3.468 -2.86 -0.814 0.291 0.579 -3.29 0.216 6.492 -4.434 -3.016 -2.356 0.866 2.945 -0.493
379 G 0.104 -2.343 -0.426 -1.308 -1.306 -2.181 -2.608 5.796 -1.462 -3.201 -3.446 -1.636 -2.652 -2.664 -2.765 -0.988 -1.905 -2.426 -3.134 -2.85
380 T -0.178 -0.429 -0.14 -0.962 -0.057 -0.768 -1.089 -1.316 -1.224 -0.389 -1.166 0.652 -0.595 -1.694 -1.673 0.563 3.882 -2.213 -1.702 0.043
381 T -0.264 -0.016 -0.145 -0.898 -0.261 0.267 -0.719 -1.326 -0.959 -0.584 -1.284 1.258 -0.627 -1.834 -1.699 0.402 3.523 -2.235 -1.679 -0.166
382 G 0.104 -2.343 -0.426 -1.308 -1.306 -2.181 -2.608 5.796 -1.462 -3.201 -3.446 -1.636 -2.652 -2.664 -2.765 -0.988 -1.905 -2.426 -3.134 -2.85
383 K -0.812 2.108 -0.254 -0.708 -1.963 0.821 0.328 -1.328 -0.229 -2.109 -2.226 4.453 -1.209 -2.791 -1.673 -0.867 -1.068 -2.535 -1.774 -1.984
384 Y -1.606 -1.735 -1.873 -2.727 -1.485 -1.782 -2.271 -2.591 1.573 -0.819 -0.997 -1.794 -0.716 2.827 -3.228 -1.867 -0.145 5.468 5.921 -0.905
385 R -1.242 4.718 -0.867 -1.868 -1.519 0.036 -0.958 -2.298 -0.062 -0.333 -1.11 1.414 -0.665 -1.093 -2.808 -1.595 -1.256 -1.623 0.402 0.462
386 I -1.389 -2.495 -2.88 -2.941 2.739 -1.255 -2.847 -3.043 -2.094 3.767 1.158 -2.222 0.865 0.147 -3.537 -2.774 -1.228 4.823 -0.596 2.245
387 F -2.062 -2.619 -2.899 -3.32 -1.003 -3.318 -3.35 -2.929 -1.049 0.794 1.699 -2.967 1.407 5.791 -4.169 -2.964 -2.093 0.426 2.352 -0.008
388 C -0.768 -3.151 -2.953 -3.396 8.858 -3.456 -3.78 -2.335 -2.364 -0.246 0.006 -3.089 -0.461 2.322 -3.413 -1.946 -1.489 -1.809 -0.469 -0.29
389 Q -0.9 1.194 0.842 -0.27 -1.905 4.21 1.131 -1.336 0.633 -2.231 -2.083 2.121 -0.613 -2.875 -2.068 -0.719 -0.944 -2.279 -1.403 -1.854
390 T 1.05 -0.931 1.361 -0.735 -0.007 -0.092 -1.057 -0.828 -0.827 -0.235 -1.147 -0.619 -0.618 -1.68 -1.832 0.377 2.951 -2.318 -1.687 0.411
391 R -1.327 4.885 -0.482 -1.372 -2.134 0.486 -0.413 -1.932 -0.032 -2.48 -2.093 2.572 -1.27 -2.565 0.075 -1.289 -1.359 -2.379 -1.808 -2.116
392 E -0.939 0.804 -0.332 1.412 -2.387 1.315 4.308 -1.946 0.389 -2.74 -2.641 0.796 -1.703 -2.585 -1.912 -0.811 -1.296 -2.363 -1.885 -2.121
393 G -0.582 3.647 -0.424 -1.414 -1.725 -0.504 -1.384 3.965 -0.556 -2.871 -2.629 0.759 -1.829 -2.546 -2.715 -1.17 -1.65 -2.308 -2.352 -2.465
394 L -1.053 -1.356 -2.333 -2.787 -0.141 -1.024 -2.326 -2.556 -0.941 1.63 2.162 -1.425 5.47 0.495 -3.215 -1.989 -1.019 -1.279 -0.805 1.017
395 V -0.239 -1.861 0.987 -1.465 -0.2 -1.854 -2.198 1.855 -1.434 1.699 0.057 -1.622 0.88 -0.954 -2.853 -0.831 -0.578 -2.375 -1.657 2.601
396 H -1.68 -0.33 0.487 -0.933 -2.306 -0.137 -0.473 -1.669 7.947 -2.634 -2.567 -0.738 -1.233 -0.825 -2.721 -1.552 -2.199 -1.426 1.695 -3.008
397 N -1.632 -0.387 5.583 1.309 -1.818 -0.499 -0.697 -0.127 0.996 -2.684 -3.124 -0.268 -2.133 -2.346 -2.56 -0.09 -0.423 -2.938 -2.041 -2.532
398 A 3.111 -1.655 -1.62 -1.822 0.506 -1.54 -1.602 0.886 -1.479 0.366 -0.788 -1.111 -0.506 -1.525 -1.799 0.054 0.164 -2.399 -1.711 1.336