#Seq2Logo.py -f /work3/idamei/ssn-clusterings/2206011120/clusters/0003_323/sequences.afa -m 0.0001 -b 50 -o /work3/idamei/ssn-clusterings/2206011120/clusters/0003_323/sequences.logo
Last position-specific scoring matrix computed, values are in halfbits
A R N D C Q E G H I L K M F P S T W Y V
0 M -1.179 -1.482 -2.459 -2.913 -0.267 -1.15 -2.452 -2.682 -1.067 1.504 2.036 -1.551 6.065 0.369 -3.341 -2.115 -1.145 -1.405 -0.931 0.891
1 P -1.148 -0.068 -1.679 -1.832 -1.188 -0.948 -1.265 -2.169 -1.356 -0.166 1.527 2.106 0.072 -1.229 3.808 -1.778 -1.429 -2.78 -1.854 -0.695
2 L -1.526 -2.172 -3.348 -3.606 -0.136 -2.626 -3.291 -3.368 -2.299 2.019 4.014 -2.464 2.147 0.847 -3.59 -3.144 -1.566 -1.636 -1.042 1.12
3 I -1.362 -3.086 -3.248 -3.166 -0.136 -3.195 -3.672 -3.465 -2.697 4.483 1.691 -2.664 1.286 0.232 -3.49 -3.062 -1.06 -2.17 -1.271 2.875
4 T -0.098 -1.078 -0.124 -1.0 0.136 -1.089 -1.363 -1.314 -1.399 -0.21 -1.043 -0.776 -0.517 -1.566 -1.673 0.719 4.201 -2.17 -1.692 0.244
5 I -1.362 -3.086 -3.248 -3.166 -0.136 -3.195 -3.672 -3.465 -2.697 4.483 1.691 -2.664 1.286 0.232 -3.49 -3.062 -1.06 -2.17 -1.271 2.875
6 K -0.812 2.108 -0.254 -0.708 -1.963 0.821 0.328 -1.328 -0.229 -2.109 -2.226 4.453 -1.209 -2.791 -1.673 -0.867 -1.068 -2.535 -1.774 -1.984
7 I -1.362 -3.086 -3.248 -3.166 -0.136 -3.195 -3.672 -3.465 -2.697 4.483 1.691 -2.664 1.286 0.232 -3.49 -3.062 -1.06 -2.17 -1.271 2.875
8 L -1.066 -1.369 -2.345 -2.799 -0.154 -1.037 -2.339 -2.569 -0.954 1.618 2.149 -1.438 5.537 0.482 -3.228 -2.002 -1.031 -1.292 -0.818 1.004
9 K -0.812 2.108 -0.254 -0.708 -1.963 0.821 0.328 -1.328 -0.229 -2.109 -2.226 4.453 -1.209 -2.791 -1.673 -0.867 -1.068 -2.535 -1.774 -1.984
10 N -1.645 -0.4 5.612 1.296 -1.832 -0.512 -0.711 -0.14 0.983 -2.698 -3.137 -0.281 -2.147 -2.36 -2.573 -0.104 -0.437 -2.952 -2.054 -2.546
11 Y -1.798 -1.763 -2.111 -3.008 -1.737 -1.769 -2.349 -2.918 2.119 -0.789 -0.896 -1.859 -0.668 3.363 -3.319 -2.423 -2.075 2.323 6.624 -0.965
12 V -0.219 -2.472 -2.915 -3.15 0.354 -2.573 -2.879 -2.941 -2.9 3.044 0.96 -2.374 0.846 -0.384 -3.157 -2.27 -0.437 -2.373 -1.271 4.086
13 P -0.822 -1.999 -1.919 -1.549 -1.443 -1.919 -1.608 -1.838 -1.593 -2.303 -2.736 -1.05 -2.389 -3.321 6.648 -1.437 -1.334 -4.535 -2.621 -2.147
14 I -1.362 -3.086 -3.248 -3.166 -0.136 -3.195 -3.672 -3.465 -2.697 4.483 1.691 -2.664 1.286 0.232 -3.49 -3.062 -1.06 -2.17 -1.271 2.875
15 L -1.526 -2.172 -3.348 -3.606 -0.136 -2.626 -3.291 -3.368 -2.299 2.019 4.014 -2.464 2.147 0.847 -3.59 -3.144 -1.566 -1.636 -1.042 1.12
16 P -0.822 -1.999 -1.919 -1.549 -1.443 -1.919 -1.608 -1.838 -1.593 -2.303 -2.736 -1.05 -2.389 -3.321 6.648 -1.437 -1.334 -4.535 -2.621 -2.147
17 V -0.219 -2.472 -2.915 -3.15 0.354 -2.573 -2.879 -2.941 -2.9 3.044 0.96 -2.374 0.846 -0.384 -3.157 -2.27 -0.437 -2.373 -1.271 4.086
18 F -2.32 -2.882 -2.846 -3.3 -1.36 -3.85 -3.468 -2.86 -0.814 0.291 0.579 -3.29 0.216 6.492 -4.434 -3.016 -2.356 0.866 2.945 -0.493
19 F -2.32 -2.882 -2.846 -3.3 -1.36 -3.85 -3.468 -2.86 -0.814 0.291 0.579 -3.29 0.216 6.492 -4.434 -3.016 -2.356 0.866 2.945 -0.493
20 L -0.856 -2.375 -3.181 -3.426 0.063 -2.656 -3.135 -3.204 -2.641 2.52 2.928 -2.475 1.512 0.24 -3.423 -2.731 -1.004 -2.038 -1.211 3.065
21 A 2.628 -1.324 -0.844 -1.374 0.371 -1.252 -1.381 -0.396 -1.353 -0.554 -1.229 -0.862 -0.74 -1.754 -1.622 0.54 2.864 -2.352 -1.774 0.142
22 T 0.495 -0.954 0.154 -0.649 0.054 -0.867 -0.98 -0.696 -0.94 -0.989 -1.666 -0.57 -0.883 -1.799 -1.622 2.348 3.143 -2.404 -1.774 -0.475
23 L -0.856 -2.375 -3.181 -3.426 0.063 -2.656 -3.135 -3.204 -2.641 2.52 2.928 -2.475 1.512 0.24 -3.423 -2.731 -1.004 -2.038 -1.211 3.065
24 A 2.467 -1.476 -2.033 -2.239 0.244 -1.225 -1.821 -0.784 -1.13 0.593 0.853 -1.177 4.085 -0.507 -2.268 -0.567 -0.76 -1.861 -1.3 0.553
25 T -0.155 -1.135 -0.182 -1.057 0.079 -1.146 -1.421 -1.372 -1.456 -0.267 -1.1 -0.834 -0.575 -1.623 -1.73 0.662 4.369 -2.227 -1.749 0.187
26 L -1.953 -2.562 -3.143 -3.506 -0.741 -3.231 -3.435 -3.16 -1.519 1.226 2.838 -2.904 1.283 4.944 -4.038 -3.137 -1.991 -0.179 1.535 0.368
27 P -0.562 -2.283 -2.431 -2.297 -0.464 -2.284 -2.231 -2.394 -2.231 1.407 -0.39 -1.693 -0.397 -1.551 4.797 -1.881 -0.908 -3.313 -1.925 2.53
28 R -1.577 5.589 -0.505 -1.606 -2.302 0.475 -0.603 -2.171 0.056 -2.654 -2.071 1.976 -1.266 -2.515 -2.747 -1.449 -1.497 -2.277 -1.815 -2.204
29 A 4.018 -1.526 -1.705 -1.73 0.637 -1.363 -1.341 0.331 -1.254 -0.873 -1.364 -0.891 -0.916 -1.891 -1.518 0.412 -0.465 -2.483 -1.798 0.096
30 F -2.104 -2.326 -2.512 -3.207 -1.599 -2.683 -2.912 -2.946 0.953 -0.256 -0.122 -2.544 -0.249 5.384 -3.88 -2.761 -2.269 1.628 5.417 -0.776
31 L -0.782 -1.631 -1.365 -2.075 -0.054 -1.813 -2.226 -2.219 -1.871 1.058 2.546 -1.556 1.055 -0.171 -2.532 -0.666 2.71 -1.948 -1.406 0.658
32 A 2.491 -0.766 -0.968 0.297 -0.513 0.268 2.939 -0.603 -0.342 -1.681 -1.973 -0.029 -1.323 -2.246 -1.714 -0.144 -0.871 -2.456 -1.873 -0.822
33 V -0.792 -2.82 -3.134 -3.215 0.063 -2.924 -3.306 -3.248 -2.854 3.924 1.291 -2.573 1.017 -0.117 -3.376 -2.696 -0.789 -2.327 -1.328 3.613
34 K -0.869 2.051 -0.311 -0.765 -2.02 0.764 0.271 -1.385 -0.286 -2.166 -2.283 4.596 -1.266 -2.848 -1.73 -0.924 -1.125 -2.592 -1.831 -2.042
35 L -1.5 -2.65 -3.355 -3.435 -0.193 -2.954 -3.533 -3.473 -2.548 3.595 3.127 -2.619 1.691 0.499 -3.597 -3.16 -1.359 -1.948 -1.211 2.072
36 L 2.405 -1.856 -2.431 -2.538 0.252 -1.948 -2.174 -0.975 -1.753 0.88 2.51 -1.593 0.962 -0.25 -2.391 -0.863 -0.986 -2.061 -1.427 0.62
37 L -1.953 -2.562 -3.143 -3.506 -0.741 -3.231 -3.435 -3.16 -1.519 1.226 2.838 -2.904 1.283 4.944 -4.038 -3.137 -1.991 -0.179 1.535 0.368
38 L -1.583 -2.229 -3.405 -3.663 -0.193 -2.683 -3.348 -3.425 -2.356 1.962 4.106 -2.521 2.09 0.79 -3.647 -3.201 -1.623 -1.693 -1.099 1.063
39 A 2.606 -1.984 -2.269 -2.375 0.472 -1.927 -2.03 -0.878 -1.982 1.659 -0.014 -1.56 0.06 -1.076 -2.243 -0.644 -0.479 -2.456 -1.553 2.852
40 L 2.405 -1.856 -2.431 -2.538 0.252 -1.948 -2.174 -0.975 -1.753 0.88 2.51 -1.593 0.962 -0.25 -2.391 -0.863 -0.986 -2.061 -1.427 0.62
41 F -1.682 -2.084 -2.642 -3.096 -0.751 -2.17 -2.906 -2.768 -0.94 0.973 1.413 -2.275 4.198 4.903 -3.825 -2.522 -1.676 -0.073 1.581 0.294
42 L -1.344 -1.8 -2.861 -3.232 -0.202 -1.78 -2.833 -2.998 -1.606 1.768 3.272 -1.963 4.519 0.613 -3.46 -2.574 -1.344 -1.516 -0.985 1.006
43 G 0.104 -2.343 -0.426 -1.308 -1.306 -2.181 -2.608 5.796 -1.462 -3.201 -3.446 -1.636 -2.652 -2.664 -2.765 -0.988 -1.905 -2.426 -3.134 -2.85
44 L 2.405 -1.856 -2.431 -2.538 0.252 -1.948 -2.174 -0.975 -1.753 0.88 2.51 -1.593 0.962 -0.25 -2.391 -0.863 -0.986 -2.061 -1.427 0.62
45 H 2.385 -0.909 -0.453 -1.344 -0.493 -0.728 -0.915 -0.522 6.184 -1.646 -1.931 -0.85 -1.104 -1.35 -2.085 -0.429 -1.228 -1.948 0.393 -1.075
46 L -1.953 -2.562 -3.143 -3.506 -0.741 -3.231 -3.435 -3.16 -1.519 1.226 2.838 -2.904 1.283 4.944 -4.038 -3.137 -1.991 -0.179 1.535 0.368
47 L -1.583 -2.229 -3.405 -3.663 -0.193 -2.683 -3.348 -3.425 -2.356 1.962 4.106 -2.521 2.09 0.79 -3.647 -3.201 -1.623 -1.693 -1.099 1.063
48 T 0.495 -0.954 0.154 -0.649 0.054 -0.867 -0.98 -0.696 -0.94 -0.989 -1.666 -0.57 -0.883 -1.799 -1.622 2.348 3.143 -2.404 -1.774 -0.475
49 L -1.344 -1.8 -2.861 -3.232 -0.202 -1.78 -2.833 -2.998 -1.606 1.768 3.272 -1.963 4.519 0.613 -3.46 -2.574 -1.344 -1.516 -0.985 1.006
50 C 2.567 -2.307 -2.283 -2.468 7.845 -2.238 -2.365 -0.667 -1.994 -0.823 -1.231 -1.807 -1.017 -1.979 -2.256 -0.459 -0.878 -2.853 -2.272 -0.165
51 Q -1.022 0.01 -1.052 -1.374 -0.953 3.357 0.046 -2.021 -0.013 0.236 0.711 0.141 4.13 -0.807 -2.688 -1.36 -1.053 -1.755 -1.092 -0.12
52 R -1.201 4.331 -0.406 -1.155 -2.158 0.623 -0.133 -1.751 -0.11 -2.4 -2.175 3.574 -1.266 -2.677 -2.194 -1.174 -1.305 -2.43 -1.823 -2.122
53 R -1.233 4.118 -0.314 -0.94 -2.123 3.571 0.535 -1.828 0.411 -2.463 -2.052 1.605 -0.827 -2.748 -2.457 -1.105 -1.247 -2.252 -1.561 -2.011
54 R -0.779 3.856 -0.339 -1.319 -0.873 -0.223 -0.983 -1.744 -0.602 -1.22 -1.544 0.9 -0.9 -2.035 -2.194 -0.204 2.724 -2.252 -1.782 -0.768
55 V -0.792 -2.82 -3.134 -3.215 0.063 -2.924 -3.306 -3.248 -2.854 3.924 1.291 -2.573 1.017 -0.117 -3.376 -2.696 -0.789 -2.327 -1.328 3.613
56 F -2.248 -2.572 -2.693 -3.312 -1.593 -3.092 -3.158 -2.992 0.407 -0.139 0.053 -2.843 -0.163 5.904 -4.126 -2.918 -2.373 1.324 4.846 -0.755
57 N -0.687 -1.307 3.12 -0.515 -0.408 -1.381 -1.63 -1.36 -0.772 0.854 -0.723 -1.128 -0.469 -1.434 -2.515 -0.414 2.207 -2.593 -1.768 1.998
58 Y -0.607 -1.488 -1.066 -1.878 -1.107 -1.419 -1.726 -1.758 1.375 -1.227 -1.409 -1.34 -0.94 2.301 -2.672 1.032 -0.756 1.296 5.753 -1.179
59 P -1.207 3.786 -1.148 -1.606 -1.873 -0.498 -1.086 -2.03 -0.673 -2.504 -2.409 0.828 -1.796 -2.914 4.813 -1.472 -1.443 -3.208 -2.214 -2.204
60 L -1.714 2.897 -0.425 3.095 -1.5 -0.82 -0.533 -2.166 -0.848 -0.301 1.498 0.075 0.034 -1.097 -2.914 -1.793 -1.58 -2.469 -1.944 -0.852
61 L -1.529 -2.861 -3.394 -3.419 -0.249 -3.106 -3.653 -3.545 -2.671 4.088 2.732 -2.709 1.489 0.339 -3.636 -3.202 -1.332 -2.094 -1.305 2.286
62 L -1.168 -1.642 2.91 -1.022 -0.51 -1.839 -2.172 -1.883 -0.979 1.517 1.972 -1.632 0.659 -0.462 -3.19 -1.658 -0.88 -2.383 -1.537 2.172
63 G -1.196 -2.693 -2.07 -2.626 -1.229 -2.811 -3.158 2.986 -1.797 2.021 -0.452 -2.425 -0.52 -0.145 -3.8 -2.374 -1.919 7.599 -0.007 0.368
64 F -2.433 -2.995 -2.959 -3.413 -1.473 -3.963 -3.581 -2.973 -0.927 0.178 0.466 -3.403 0.103 6.663 -4.547 -3.129 -2.469 0.753 2.832 -0.606
65 Y -1.911 -1.876 -2.224 -3.121 -1.85 -1.882 -2.462 -3.031 2.006 -0.902 -1.009 -1.972 -0.781 3.25 -3.432 -2.536 -2.188 2.21 6.853 -1.078
66 L -1.88 -2.503 -3.284 -3.613 -0.602 -3.092 -3.462 -3.302 -1.828 1.437 3.394 -2.827 1.522 4.151 -3.958 -3.214 -1.919 -0.657 0.836 0.563
67 I 1.697 -2.555 -2.724 -2.692 0.055 -2.533 -2.755 -1.675 -2.219 3.79 0.878 -2.031 0.618 -0.42 -2.759 -1.479 -0.939 -2.366 -1.532 2.105
68 L -1.88 -2.503 -3.284 -3.613 -0.602 -3.092 -3.462 -3.302 -1.828 1.437 3.394 -2.827 1.522 4.151 -3.958 -3.214 -1.919 -0.657 0.836 0.563
69 G 1.902 -2.337 -1.665 -2.058 -0.249 -2.239 -2.469 3.207 -1.828 2.122 -0.379 -1.73 -0.414 -1.268 -2.561 -0.966 -1.173 -2.451 -2.059 0.813
70 I -1.042 -2.98 -3.246 -3.274 -0.076 -3.086 -3.496 -3.392 -2.876 4.274 1.354 -2.677 1.033 -0.072 -3.488 -2.886 -0.95 -2.349 -1.384 3.404
71 V -0.878 -2.715 -3.005 -3.312 -0.225 -3.052 -3.176 -3.027 -2.14 2.269 0.725 -2.761 0.538 3.939 -3.636 -2.611 -1.06 -0.97 0.762 3.449
72 G 0.355 -1.812 -0.191 -1.017 -0.877 -1.645 -1.857 4.899 -1.195 -2.811 -3.131 -1.219 -2.184 -2.511 -2.375 1.371 -0.686 -2.575 -2.705 -2.339
73 C -0.744 -3.051 -3.147 -3.351 6.799 -3.16 -3.566 -2.913 -2.956 3.082 0.634 -2.81 0.408 -0.689 -3.389 -2.386 -1.023 -2.666 -1.805 2.828
74 V -0.665 -2.776 -3.135 -3.269 0.087 -2.879 -3.233 -3.218 -2.944 3.68 1.111 -2.581 0.887 -0.277 -3.377 -2.624 -0.743 -2.417 -1.384 3.929
75 W 1.459 -2.15 -2.672 -2.922 -1.052 -2.33 -2.398 -1.241 -1.258 -1.569 -1.635 -2.088 -1.237 0.333 -3.552 -1.579 -1.824 9.553 1.249 -1.307
76 G 2.274 -1.552 -0.502 -1.118 -0.173 -1.385 -1.469 3.404 -1.115 -1.924 -2.339 -0.973 -1.575 -2.232 -1.947 1.627 -0.3 -2.575 -2.248 -1.185
77 L -1.088 -2.665 -3.278 -3.413 -0.076 -2.898 -3.376 -3.362 -2.734 3.449 2.584 -2.611 1.364 0.162 -3.52 -2.911 -1.097 -2.156 -1.305 3.03
78 L -0.659 -1.956 -1.864 -2.462 0.012 -2.117 -2.5 -2.512 -2.246 1.797 2.135 -1.875 0.913 -0.314 -2.798 -1.177 2.084 -2.156 -1.436 2.451
79 G -0.009 -2.456 -0.539 -1.422 -1.419 -2.294 -2.721 5.9 -1.575 -3.314 -3.559 -1.75 -2.766 -2.777 -2.878 -1.101 -2.018 -2.539 -3.247 -2.963
80 L -1.135 -2.382 -3.31 -3.559 -0.076 -2.721 -3.26 -3.332 -2.599 2.29 3.443 -2.546 1.662 0.379 -3.552 -2.935 -1.252 -1.975 -1.229 2.6
81 L -1.381 -0.096 -2.032 -2.405 -0.74 -1.096 -1.653 -2.631 -1.547 1.062 3.169 1.984 1.283 -0.054 -2.914 -2.285 -1.503 -2.019 -1.379 0.291
82 R -1.732 3.127 3.335 -0.239 -2.237 -0.124 -0.693 -1.296 5.371 -2.76 -2.654 0.493 -1.616 -1.898 -2.778 -1.056 -1.384 -2.251 -0.286 -2.663
83 Q -0.868 1.022 -0.078 -0.342 -1.897 4.831 1.406 -1.465 0.784 -2.226 -1.976 1.236 -0.389 -2.944 -2.137 -0.74 -0.961 -2.17 -1.271 -1.773
84 G -0.308 -1.506 -0.504 -0.141 -1.739 -0.591 1.951 4.821 -0.81 -3.156 -3.284 -0.751 -2.428 -2.753 -2.547 -1.029 -1.797 -2.521 -2.772 -2.699
85 N 1.637 -0.828 4.774 0.487 -0.84 -0.866 -1.003 -0.066 0.309 -2.039 -2.504 -0.567 -1.764 -2.287 -2.266 -0.013 -0.54 -2.879 -2.059 -1.458
86 Y -1.548 -1.953 -2.159 -2.549 -1.749 -1.931 -2.193 -2.624 1.209 -1.324 -1.502 -1.676 -1.249 2.219 3.754 -2.169 -1.919 1.171 5.735 -1.421
87 V -0.734 -1.719 2.927 -0.958 -0.321 -1.826 -2.077 -1.796 -1.091 1.952 0.006 -1.61 0.034 -1.018 -3.062 -1.469 -0.55 -2.666 -1.622 3.327
88 G -0.036 -1.765 -0.793 -1.517 -0.503 -1.757 -2.012 3.157 -1.416 -0.25 1.473 -1.426 0.045 -0.942 -2.583 1.148 -0.611 -2.283 -1.961 -0.652
89 G 2.093 -2.135 -0.891 -1.538 -0.589 -1.972 -2.209 4.929 -1.484 -2.285 -2.659 -1.457 -2.037 -2.473 -2.375 -0.53 -1.429 -2.539 -2.705 -1.588
90 V -0.665 -2.776 -3.135 -3.269 0.087 -2.879 -3.233 -3.218 -2.944 3.68 1.111 -2.581 0.887 -0.277 -3.377 -2.624 -0.743 -2.417 -1.384 3.929
91 L -1.584 -2.559 -3.428 -3.565 -0.249 -2.917 -3.526 -3.513 -2.539 3.198 3.554 -2.642 1.774 0.543 -3.67 -3.23 -1.501 -1.917 -1.229 1.717
92 D -1.876 -1.687 1.1 5.975 -2.471 -0.971 0.951 -1.222 -0.635 -2.824 -3.59 -0.928 -2.796 -3.018 -2.388 -1.051 -1.512 -3.63 -3.142 -2.963
93 G 1.874 -1.408 3.153 -0.351 -0.712 -1.367 -1.543 3.399 -0.451 -2.16 -2.58 -0.978 -1.897 -2.378 -2.32 -0.26 -0.95 -2.704 -2.364 -1.523
94 L -1.336 -2.607 -3.141 -3.459 -0.408 -3.072 -3.315 -3.161 -1.98 1.883 2.358 -2.794 1.071 4.047 -3.793 -2.897 -1.458 -0.81 0.799 2.353
95 R -1.377 4.892 -0.495 -1.354 -2.261 0.519 -0.338 -1.94 -0.11 -2.538 -2.196 3.182 -1.322 -2.678 -2.423 -1.319 -1.423 -2.434 -1.876 -2.205
96 L -1.639 -2.285 -3.461 -3.719 -0.249 -2.739 -3.404 -3.481 -2.412 1.906 4.193 -2.577 2.034 0.734 -3.703 -3.257 -1.679 -1.749 -1.155 1.007
97 Y -2.075 -2.203 -2.449 -3.215 -1.719 -2.424 -2.789 -3.011 1.316 -0.496 -0.429 -2.375 -0.455 4.872 -3.758 -2.721 -2.279 1.801 6.021 -0.912
98 V -0.665 -2.776 -3.135 -3.269 0.087 -2.879 -3.233 -3.218 -2.944 3.68 1.111 -2.581 0.887 -0.277 -3.377 -2.624 -0.743 -2.417 -1.384 3.929
99 L -1.088 -2.665 -3.278 -3.413 -0.076 -2.898 -3.376 -3.362 -2.734 3.449 2.584 -2.611 1.364 0.162 -3.52 -2.911 -1.097 -2.156 -1.305 3.03
100 W -2.748 -2.482 -3.265 -3.719 -2.433 -2.923 -3.068 -2.464 -1.233 -1.952 -1.749 -2.89 -1.379 1.03 -5.507 -3.454 -2.794 10.708 2.071 -2.326
101 S 0.969 -0.84 0.398 -0.347 -0.026 -0.669 -0.654 -0.205 -0.559 -2.01 -2.427 -0.384 -1.285 -2.042 -1.574 3.581 0.912 -2.648 -1.854 -1.391
102 L -1.82 -2.799 -3.252 -3.465 -0.602 -3.294 -3.586 -3.332 -1.931 2.907 2.518 -2.898 1.209 4.094 -3.921 -3.187 -1.726 -0.771 0.799 1.375
103 L 1.679 -2.281 -2.75 -2.805 0.055 -2.377 -2.661 -1.658 -2.105 2.786 2.282 -1.978 0.997 -0.157 -2.783 -1.494 -1.085 -2.172 -1.45 1.494
104 F -2.077 -3.062 -3.087 -3.368 -1.005 -3.728 -3.648 -3.161 -1.429 2.583 0.886 -3.179 0.505 5.638 -4.197 -3.145 -1.97 0.047 1.979 0.988
105 L -1.336 -2.607 -3.141 -3.459 -0.408 -3.072 -3.315 -3.161 -1.98 1.883 2.358 -2.794 1.071 4.047 -3.793 -2.897 -1.458 -0.81 0.799 2.353
106 V -0.878 -2.715 -3.005 -3.312 -0.225 -3.052 -3.176 -3.027 -2.14 2.269 0.725 -2.761 0.538 3.939 -3.636 -2.611 -1.06 -0.97 0.762 3.449
107 I -1.042 -2.98 -3.246 -3.274 -0.076 -3.086 -3.496 -3.392 -2.876 4.274 1.354 -2.677 1.033 -0.072 -3.488 -2.886 -0.95 -2.349 -1.384 3.404
108 Y -1.818 -2.006 -2.581 -3.307 -1.213 -2.141 -2.743 -3.173 1.132 0.36 1.845 -2.16 0.485 2.627 -3.52 -2.757 -2.008 1.384 5.772 -0.205
109 T -0.211 -1.191 -0.238 -1.113 0.023 -1.202 -1.477 -1.428 -1.512 -0.323 -1.156 -0.89 -0.631 -1.679 -1.786 0.606 4.522 -2.283 -1.805 0.131
110 Y -1.818 -2.006 -2.581 -3.307 -1.213 -2.141 -2.743 -3.173 1.132 0.36 1.845 -2.16 0.485 2.627 -3.52 -2.757 -2.008 1.384 5.772 -0.205
111 L -1.529 -2.861 -3.394 -3.419 -0.249 -3.106 -3.653 -3.545 -2.671 4.088 2.732 -2.709 1.489 0.339 -3.636 -3.202 -1.332 -2.094 -1.305 2.286
112 R -1.723 4.62 -1.016 -2.072 -2.179 -0.165 -1.145 -2.471 0.833 -1.975 -1.704 1.102 -1.13 0.76 -2.998 -1.809 -1.749 0.04 3.951 -1.81
113 S 0.453 -0.133 0.215 -0.383 -0.549 2.709 0.15 -0.594 -0.088 -2.116 -2.31 0.21 -1.0 -2.342 -1.782 2.706 0.389 -2.521 -1.689 -1.547
114 E -1.417 -0.886 -1.06 0.508 -2.121 0.306 3.622 -2.325 -0.059 -1.466 -1.269 -0.25 -1.045 3.709 -2.611 -1.462 -1.714 -0.97 0.579 -1.583
115 A 1.667 -1.564 2.981 -0.685 -0.358 -1.581 -1.748 -0.76 -0.687 2.15 -0.343 -1.207 -0.334 -1.205 -2.502 -0.654 -0.733 -2.611 -1.784 0.841
116 D 2.059 -1.344 0.146 3.282 -0.37 -1.003 -0.195 -0.319 -0.815 -1.816 -2.346 -0.741 -1.582 -2.297 -1.821 1.634 -0.2 -2.899 -2.223 -1.185
117 L -0.489 -1.719 -1.554 -2.122 -0.173 -1.874 -2.175 -1.943 -1.655 1.085 3.165 -1.649 1.288 0.069 -2.808 0.905 -0.538 -2.019 -1.37 0.406
118 G -0.036 -1.765 -0.793 -1.517 -0.503 -1.757 -2.012 3.157 -1.416 -0.25 1.473 -1.426 0.045 -0.942 -2.583 1.148 -0.611 -2.283 -1.961 -0.652
119 F 1.605 -2.499 -2.611 -2.727 -0.261 -2.686 -2.706 -1.561 -1.575 2.447 0.457 -2.18 0.232 3.906 -2.966 -1.471 -1.279 -0.94 0.692 1.124
120 I -1.614 -2.688 -2.931 -3.226 -0.691 -2.751 -3.274 -3.384 -0.241 3.792 0.944 -2.483 0.656 1.569 -3.545 -2.946 -1.474 0.055 3.998 1.95
121 H -1.806 -0.456 0.361 -1.06 -2.433 -0.264 -0.599 -1.796 8.167 -2.76 -2.694 -0.864 -1.36 -0.951 -2.848 -1.678 -2.325 -1.553 1.568 -3.134
122 R 1.635 2.928 -1.428 -2.119 -0.906 -0.781 -1.414 -1.3 0.557 -1.399 -1.482 0.159 -1.017 0.833 -2.497 -0.975 -1.338 0.011 3.952 -0.949
123 A 2.228 -1.582 -1.111 -1.559 0.276 -1.476 -1.526 -0.67 -1.456 0.819 -0.664 -1.144 -0.365 -1.405 -2.037 1.49 0.032 -2.557 -1.689 2.087
124 L -1.529 -2.861 -3.394 -3.419 -0.249 -3.106 -3.653 -3.545 -2.671 4.088 2.732 -2.709 1.489 0.339 -3.636 -3.202 -1.332 -2.094 -1.305 2.286
125 L -1.529 -2.861 -3.394 -3.419 -0.249 -3.106 -3.653 -3.545 -2.671 4.088 2.732 -2.709 1.489 0.339 -3.636 -3.202 -1.332 -2.094 -1.305 2.286
126 L -1.035 -2.109 -1.935 -2.466 -0.156 -2.274 -2.702 -2.648 -2.192 2.847 2.307 -1.95 1.058 -0.107 -2.888 -1.333 2.008 -2.094 -1.436 1.513
127 A 3.417 -1.313 -0.85 -1.223 0.392 -1.146 -1.128 0.124 -1.037 -1.246 -1.718 -0.747 -1.073 -1.978 -1.574 1.863 0.04 -2.575 -1.854 -0.363
128 G 2.093 -2.135 -0.891 -1.538 -0.589 -1.972 -2.209 4.929 -1.484 -2.285 -2.659 -1.457 -2.037 -2.473 -2.375 -0.53 -1.429 -2.539 -2.705 -1.588
129 V -0.665 -2.776 -3.135 -3.269 0.087 -2.879 -3.233 -3.218 -2.944 3.68 1.111 -2.581 0.887 -0.277 -3.377 -2.624 -0.743 -2.417 -1.384 3.929
130 L -0.659 -1.956 -1.864 -2.462 0.012 -2.117 -2.5 -2.512 -2.246 1.797 2.135 -1.875 0.913 -0.314 -2.798 -1.177 2.084 -2.156 -1.436 2.451
131 I -1.476 -3.2 -3.361 -3.28 -0.249 -3.308 -3.786 -3.578 -2.81 4.767 1.578 -2.777 1.172 0.119 -3.603 -3.175 -1.173 -2.283 -1.384 2.761
132 P 0.463 -1.205 -0.209 -0.723 -0.452 -1.056 -0.968 -0.678 -0.893 -2.139 -2.561 -0.621 -1.637 -2.436 3.894 2.645 0.318 -3.174 -2.119 -1.653
133 L 1.661 -2.031 -2.777 -2.922 0.055 -2.229 -2.571 -1.641 -1.996 1.231 3.222 -1.926 1.333 0.084 -2.808 -1.509 -1.239 -1.989 -1.37 0.719
134 I -1.476 -3.2 -3.361 -3.28 -0.249 -3.308 -3.786 -3.578 -2.81 4.767 1.578 -2.777 1.172 0.119 -3.603 -3.175 -1.173 -2.283 -1.384 2.761
135 N -1.759 -0.514 5.842 1.183 -1.945 -0.626 -0.824 -0.253 0.87 -2.811 -3.25 -0.394 -2.26 -2.473 -2.686 -0.217 -0.55 -3.065 -2.167 -2.659
136 F -2.077 -3.062 -3.087 -3.368 -1.005 -3.728 -3.648 -3.161 -1.429 2.583 0.886 -3.179 0.505 5.638 -4.197 -3.145 -1.97 0.047 1.979 0.988
137 V -0.291 -2.042 -1.776 -2.357 0.17 -2.102 -2.394 -2.405 -2.422 2.194 0.32 -1.851 0.346 -0.84 -2.686 -1.016 2.207 -2.417 -1.518 3.517
138 G -0.298 -0.864 -0.418 -1.062 -1.603 2.44 -0.711 4.836 -0.62 -2.951 -2.982 -0.45 -1.801 -2.867 -2.653 -1.016 -1.668 -2.451 -2.484 -2.558
139 L -1.425 -2.238 -3.057 -3.285 -0.255 -2.249 -3.158 -3.218 -1.996 3.117 2.841 -2.25 3.929 0.419 -3.545 -2.8 -1.322 -1.79 -1.151 1.687
140 A 4.143 -1.582 -1.761 -1.786 0.581 -1.419 -1.397 0.275 -1.31 -0.929 -1.42 -0.947 -0.972 -1.947 -1.574 0.356 -0.521 -2.539 -1.854 0.04
141 D -0.592 -1.376 0.885 4.962 -1.41 -0.866 0.509 -0.842 -0.609 -2.526 -3.148 -0.735 -2.201 -2.655 -2.09 1.385 -0.462 -3.264 -2.646 -2.339
142 S 0.597 -1.313 -0.362 -1.035 0.066 -1.198 -1.245 -0.882 -1.17 0.65 -0.891 -0.93 -0.446 -1.431 -2.037 2.588 0.502 -2.593 -1.689 1.896
143 Y -1.284 -2.094 -2.468 -3.168 -0.974 -2.126 -2.628 -3.038 1.079 0.987 -0.25 -2.134 -0.184 2.449 -3.377 -2.484 -1.533 1.31 5.765 1.965
144 F 1.558 -2.09 -2.273 -2.683 -0.705 -2.229 -2.344 -1.463 0.331 -0.503 -0.536 -1.938 -0.511 4.374 -2.919 -1.341 -1.591 0.73 4.434 -0.512
145 G 2.274 -1.552 -0.502 -1.118 -0.173 -1.385 -1.469 3.404 -1.115 -1.924 -2.339 -0.973 -1.575 -2.232 -1.947 1.627 -0.3 -2.575 -2.248 -1.185
146 I -1.841 -2.94 -3.329 -3.419 -0.811 -3.174 -3.526 -3.157 -2.184 3.734 0.831 -2.814 0.544 0.456 -4.11 -3.265 -1.619 7.601 0.264 1.829
147 G -0.813 -1.564 3.137 -0.326 -1.631 -1.553 -1.653 3.218 -0.544 -2.824 -3.205 -1.049 -2.502 -2.867 3.794 -0.902 -1.274 -3.287 -2.683 -2.613
148 F -2.144 -2.738 -3.117 -3.511 -1.005 -3.495 -3.521 -3.133 -1.343 0.875 2.287 -3.101 0.898 5.672 -4.237 -3.171 -2.181 0.133 2.003 0.037
149 V -1.286 -2.915 -3.111 -3.318 -0.408 -3.272 -3.433 -3.19 -2.088 3.183 1.001 -2.864 0.702 3.988 -3.758 -2.872 -1.292 -0.929 0.762 2.818
150 P -0.153 -1.623 -0.979 -1.155 -0.951 -1.503 -1.32 -1.245 -1.271 -2.274 -2.701 -0.879 -2.037 -2.892 5.669 1.251 -0.432 -3.818 -2.41 -1.941
151 D -1.435 -1.452 -0.374 3.441 -1.537 -0.443 2.352 -2.126 -0.783 1.983 -0.65 -0.731 -0.636 -1.498 -2.579 -1.535 -1.358 -2.742 -2.089 0.381
152 W -0.289 -1.423 -0.654 -1.407 -0.609 -1.449 -1.568 -1.218 -1.073 -1.317 -1.731 -1.203 -1.079 -0.549 -2.489 1.471 2.251 7.597 0.104 -1.015
153 F -1.648 -2.452 -2.903 -3.194 -0.609 -2.544 -3.211 -3.054 -1.484 2.818 1.432 -2.472 3.675 4.058 -3.786 -2.764 -1.533 -0.685 0.839 1.342
154 R -1.58 4.582 -1.23 -2.108 -1.473 -0.379 -1.378 -2.611 -0.671 2.0 -0.32 1.02 -0.234 -1.375 -3.046 -1.962 -1.421 -2.316 -1.699 0.459
155 E -1.018 -0.221 -0.437 1.419 -2.51 1.248 4.712 -2.048 0.294 -2.863 -2.802 0.578 -1.852 -2.707 -1.98 -0.89 -1.4 -2.486 -2.007 -2.233
156 E -0.194 -0.413 -0.131 0.941 -1.428 0.738 3.758 -1.296 0.037 -2.55 -2.671 0.292 -1.651 -2.468 -1.838 1.432 -0.409 -2.539 -1.955 -1.924
157 L -1.478 -1.992 -3.087 -3.424 -0.255 -2.107 -3.051 -3.19 -1.891 1.778 3.636 -2.193 4.055 0.617 -3.577 -2.824 -1.49 -1.63 -1.078 0.969
158 D -1.756 -1.399 3.277 3.39 -1.392 -1.308 -0.585 -1.364 -0.427 -0.316 1.409 -1.16 -0.138 -1.077 -2.873 -1.249 -1.203 -2.704 -2.042 -0.93
159 L -1.324 -1.726 -2.756 -3.157 -0.261 -1.589 -2.736 -2.925 -1.45 1.645 2.946 -1.854 5.232 0.496 -3.457 -2.448 -1.312 -1.515 -1.004 0.93
160 R -1.723 4.62 -1.016 -2.072 -2.179 -0.165 -1.145 -2.471 0.833 -1.975 -1.704 1.102 -1.13 0.76 -2.998 -1.809 -1.749 0.04 3.951 -1.81
161 V -0.878 -2.715 -3.005 -3.312 -0.225 -3.052 -3.176 -3.027 -2.14 2.269 0.725 -2.761 0.538 3.939 -3.636 -2.611 -1.06 -0.97 0.762 3.449
162 G -0.009 -2.456 -0.539 -1.422 -1.419 -2.294 -2.721 5.9 -1.575 -3.314 -3.559 -1.75 -2.766 -2.777 -2.878 -1.101 -2.018 -2.539 -3.247 -2.963
163 F -1.552 -2.852 -2.982 -3.362 -0.782 -3.472 -3.371 -3.0 -1.47 1.409 0.598 -3.064 0.328 5.611 -4.056 -2.858 -1.679 0.018 1.979 2.082
164 H -1.806 -0.456 0.361 -1.06 -2.433 -0.264 -0.599 -1.796 8.167 -2.76 -2.694 -0.864 -1.36 -0.951 -2.848 -1.678 -2.325 -1.553 1.568 -3.134
165 E -1.286 -0.674 -0.919 0.534 -2.273 0.528 3.66 -2.34 0.983 -2.053 -2.073 -0.05 -1.449 0.732 -2.388 -1.341 -1.639 -0.004 3.939 -1.795
166 G -0.508 -2.176 0.116 3.218 -1.729 -1.783 -0.935 4.85 -1.227 -3.141 -3.57 -1.449 -2.776 -2.855 -2.705 -1.084 -1.839 -2.859 -3.212 -2.963
167 Y -1.911 -1.876 -2.224 -3.121 -1.85 -1.882 -2.462 -3.031 2.006 -0.902 -1.009 -1.972 -0.781 3.25 -3.432 -2.536 -2.188 2.21 6.853 -1.078
168 L -1.088 -2.665 -3.278 -3.413 -0.076 -2.898 -3.376 -3.362 -2.734 3.449 2.584 -2.611 1.364 0.162 -3.52 -2.911 -1.097 -2.156 -1.305 3.03
169 Q -0.981 0.908 -0.191 -0.456 -2.01 5.21 1.293 -1.578 0.671 -2.339 -2.09 1.123 -0.502 -3.057 -2.25 -0.853 -1.074 -2.283 -1.384 -1.886
170 V -0.588 -2.169 -2.826 -3.142 0.082 -2.079 -2.801 -2.925 -2.21 2.529 1.3 -2.14 3.686 -0.179 -3.294 -2.291 -0.735 -2.079 -1.225 3.605
171 A 1.84 -1.062 3.182 -0.277 -0.261 -1.062 -1.218 -0.385 -0.436 -1.175 -1.804 -0.733 -1.207 -2.015 -1.977 0.269 2.211 -2.611 -1.938 -0.575
172 S 2.445 -1.067 -0.159 -0.752 0.191 -0.898 -0.881 -0.036 -0.788 -1.603 -2.051 -0.56 -1.177 -2.01 -1.574 2.848 0.509 -2.611 -1.854 -0.832
173 H -1.227 -1.008 -0.395 -1.625 -1.246 -0.87 -1.2 -2.158 7.026 0.469 -0.992 -1.311 -0.483 -0.792 -2.982 -1.895 -1.605 -1.832 0.875 1.602
174 N -1.759 -0.514 5.842 1.183 -1.945 -0.626 -0.824 -0.253 0.87 -2.811 -3.25 -0.394 -2.26 -2.473 -2.686 -0.217 -0.55 -3.065 -2.167 -2.659
175 I -1.476 -3.2 -3.361 -3.28 -0.249 -3.308 -3.786 -3.578 -2.81 4.767 1.578 -2.777 1.172 0.119 -3.603 -3.175 -1.173 -2.283 -1.384 2.761
176 G 0.355 -1.812 -0.191 -1.017 -0.877 -1.645 -1.857 4.899 -1.195 -2.811 -3.131 -1.219 -2.184 -2.511 -2.375 1.371 -0.686 -2.575 -2.705 -2.339
177 A 2.125 -1.282 -1.005 -1.491 0.118 -1.062 -1.409 -0.613 -0.961 -0.091 0.065 -0.922 3.337 -0.977 -2.052 1.514 -0.119 -2.14 -1.513 -0.007
178 L -1.639 -2.285 -3.461 -3.719 -0.249 -2.739 -3.404 -3.481 -2.412 1.906 4.193 -2.577 2.034 0.734 -3.703 -3.257 -1.679 -1.749 -1.155 1.007
179 F -2.144 -2.738 -3.117 -3.511 -1.005 -3.495 -3.521 -3.133 -1.343 0.875 2.287 -3.101 0.898 5.672 -4.237 -3.171 -2.181 0.133 2.003 0.037
180 V -1.286 -2.915 -3.111 -3.318 -0.408 -3.272 -3.433 -3.19 -2.088 3.183 1.001 -2.864 0.702 3.988 -3.758 -2.872 -1.292 -0.929 0.762 2.818
181 I -1.476 -3.2 -3.361 -3.28 -0.249 -3.308 -3.786 -3.578 -2.81 4.767 1.578 -2.777 1.172 0.119 -3.603 -3.175 -1.173 -2.283 -1.384 2.761
182 V -0.665 -2.776 -3.135 -3.269 0.087 -2.879 -3.233 -3.218 -2.944 3.68 1.111 -2.581 0.887 -0.277 -3.377 -2.624 -0.743 -2.417 -1.384 3.929
183 P -0.935 -2.112 -2.032 -1.662 -1.556 -2.032 -1.721 -1.951 -1.706 -2.416 -2.849 -1.163 -2.502 -3.434 6.76 -1.551 -1.447 -4.648 -2.734 -2.26
184 Y -1.911 -1.876 -2.224 -3.121 -1.85 -1.882 -2.462 -3.031 2.006 -0.902 -1.009 -1.972 -0.781 3.25 -3.432 -2.536 -2.188 2.21 6.853 -1.078
185 L -1.639 -2.285 -3.461 -3.719 -0.249 -2.739 -3.404 -3.481 -2.412 1.906 4.193 -2.577 2.034 0.734 -3.703 -3.257 -1.679 -1.749 -1.155 1.007
186 L -1.478 -1.992 -3.087 -3.424 -0.255 -2.107 -3.051 -3.19 -1.891 1.778 3.636 -2.193 4.055 0.617 -3.577 -2.824 -1.49 -1.63 -1.078 0.969
187 A 3.263 -1.88 -2.125 -2.2 0.472 -1.783 -1.838 -0.472 -1.774 0.978 -0.454 -1.375 -0.286 -1.379 -2.037 -0.304 -0.531 -2.521 -1.689 2.266
188 V -0.291 -2.042 -1.776 -2.357 0.17 -2.102 -2.394 -2.405 -2.422 2.194 0.32 -1.851 0.346 -0.84 -2.686 -1.016 2.207 -2.417 -1.518 3.517
189 L -0.935 -0.854 -1.837 -2.093 -0.523 2.389 -0.859 -2.584 -1.103 1.555 2.048 -0.757 0.938 -0.552 -3.008 -1.99 -1.064 -2.156 -1.305 2.227
190 V -0.044 -1.549 -1.281 -1.862 -0.01 -1.381 -1.851 -1.685 -1.369 1.441 0.68 -1.345 3.506 -0.56 -2.606 1.09 -0.127 -2.125 -1.365 2.245
191 R -1.474 4.634 -1.066 -2.022 -1.482 -0.016 -1.143 -2.371 -0.314 -0.565 -0.017 1.153 3.31 -1.233 -2.971 -1.694 -1.41 -1.989 -1.522 -0.798
192 F 1.574 -1.524 2.997 -0.703 -0.726 -1.69 -1.713 -0.677 -0.291 -0.94 -1.014 -1.318 -0.886 3.749 -2.691 -0.647 -1.048 -1.086 0.579 -0.866
193 D -1.876 -1.687 1.1 5.975 -2.471 -0.971 0.951 -1.222 -0.635 -2.824 -3.59 -0.928 -2.796 -3.018 -2.388 -1.051 -1.512 -3.63 -3.142 -2.963
194 G -0.652 3.764 -0.494 -1.483 -1.794 -0.574 -1.454 4.023 -0.626 -2.941 -2.699 0.689 -1.899 -2.616 -2.784 -1.24 -1.72 -2.378 -2.422 -2.534
195 R -1.253 3.957 -0.442 0.328 -2.377 0.919 3.033 -2.08 0.206 -2.73 -2.388 1.382 -1.519 -2.582 -2.306 -1.125 -1.419 -2.352 -1.882 -2.191
196 N -1.288 0.34 4.086 0.534 -1.921 3.418 0.481 -0.784 0.828 -2.509 -2.556 0.519 -1.193 -2.694 -2.404 -0.461 -0.744 -2.592 -1.693 -2.191
197 E 0.2 -0.458 0.067 0.725 -0.953 0.502 3.033 -0.926 -0.045 -2.349 -2.552 0.193 -1.499 -2.299 -1.714 2.003 0.038 -2.51 -1.873 -1.725
198 N -1.558 -1.499 3.855 -0.204 -0.918 -1.61 -1.884 -1.405 -0.363 2.846 0.13 -1.291 -0.005 -0.839 -3.053 -1.276 -0.789 -2.592 -1.693 1.228
199 R -1.577 5.589 -0.505 -1.606 -2.302 0.475 -0.603 -2.171 0.056 -2.654 -2.071 1.976 -1.266 -2.515 -2.747 -1.449 -1.497 -2.277 -1.815 -2.204
200 W -1.639 0.605 -1.41 -1.864 -2.193 -0.514 -0.927 -1.852 -0.697 -2.028 -1.973 2.808 -1.295 -0.257 -3.028 -1.903 -1.82 8.683 0.779 -2.154
201 W -2.085 -2.326 -3.305 -3.663 -1.083 -2.773 -3.175 -2.872 -1.707 0.635 2.469 -2.673 0.861 0.942 -4.41 -3.298 -2.127 8.693 0.943 -0.147
202 V 0.447 -1.526 -0.778 -1.396 0.167 -1.449 -1.536 -1.235 -1.477 1.465 -0.293 -1.192 -0.047 -1.111 -2.243 1.777 0.329 -2.51 -1.553 2.627
203 W 2.287 -1.941 -2.36 -2.538 -0.493 -2.018 -2.057 -0.725 -1.215 -1.34 -1.524 -1.702 -1.112 -0.035 -2.861 -0.905 -1.383 8.684 0.786 -0.851
204 F -1.859 -3.039 -3.097 -3.289 -0.741 -3.561 -3.625 -3.204 -1.661 3.2 1.131 -3.017 0.743 4.878 -3.981 -3.096 -1.693 -0.327 1.49 1.599
205 A 4.018 -1.526 -1.705 -1.73 0.637 -1.363 -1.341 0.331 -1.254 -0.873 -1.364 -0.891 -0.916 -1.891 -1.518 0.412 -0.465 -2.483 -1.798 0.096
206 L -1.583 -2.229 -3.405 -3.663 -0.193 -2.683 -3.348 -3.425 -2.356 1.962 4.106 -2.521 2.09 0.79 -3.647 -3.201 -1.623 -1.693 -1.099 1.063
207 G 1.902 -2.337 -1.665 -2.058 -0.249 -2.239 -2.469 3.207 -1.828 2.122 -0.379 -1.73 -0.414 -1.268 -2.561 -0.966 -1.173 -2.451 -2.059 0.813
208 L -1.135 -2.382 -3.31 -3.559 -0.076 -2.721 -3.26 -3.332 -2.599 2.29 3.443 -2.546 1.662 0.379 -3.552 -2.935 -1.252 -1.975 -1.229 2.6
209 S 0.969 -0.84 0.398 -0.347 -0.026 -0.669 -0.654 -0.205 -0.559 -2.01 -2.427 -0.384 -1.285 -2.042 -1.574 3.581 0.912 -2.648 -1.854 -1.391
210 L -1.639 -2.285 -3.461 -3.719 -0.249 -2.739 -3.404 -3.481 -2.412 1.906 4.193 -2.577 2.034 0.734 -3.703 -3.257 -1.679 -1.749 -1.155 1.007
211 L 1.679 -2.281 -2.75 -2.805 0.055 -2.377 -2.661 -1.658 -2.105 2.786 2.282 -1.978 0.997 -0.157 -2.783 -1.494 -1.085 -2.172 -1.45 1.494
212 L -1.081 -1.873 -1.955 -2.57 -0.156 -2.131 -2.61 -2.624 -2.08 1.336 3.24 -1.899 1.386 0.13 -2.914 -1.348 1.957 -1.917 -1.356 0.743
213 A 3.275 -1.446 -1.159 -1.544 0.407 -1.345 -1.423 -0.189 -1.376 -0.712 -1.329 -0.928 -0.854 -1.855 -1.643 0.442 2.214 -2.451 -1.838 0.07
214 V 1.881 -1.842 -2.369 -2.583 0.206 -1.678 -2.203 -1.408 -1.677 1.571 0.814 -1.594 3.527 -0.541 -2.606 -1.099 -0.725 -2.094 -1.365 2.415
215 L -1.135 -2.382 -3.31 -3.559 -0.076 -2.721 -3.26 -3.332 -2.599 2.29 3.443 -2.546 1.662 0.379 -3.552 -2.935 -1.252 -1.975 -1.229 2.6
216 S 0.969 -0.84 0.398 -0.347 -0.026 -0.669 -0.654 -0.205 -0.559 -2.01 -2.427 -0.384 -1.285 -2.042 -1.574 3.581 0.912 -2.648 -1.854 -1.391
217 G -0.009 -2.456 -0.539 -1.422 -1.419 -2.294 -2.721 5.9 -1.575 -3.314 -3.559 -1.75 -2.766 -2.777 -2.878 -1.101 -2.018 -2.539 -3.247 -2.963
218 R -1.633 5.687 -0.561 -1.662 -2.358 0.419 -0.659 -2.227 -0.0 -2.71 -2.127 1.92 -1.322 -2.571 -2.803 -1.505 -1.553 -2.333 -1.871 -2.26
219 R -1.633 5.687 -0.561 -1.662 -2.358 0.419 -0.659 -2.227 -0.0 -2.71 -2.127 1.92 -1.322 -2.571 -2.803 -1.505 -1.553 -2.333 -1.871 -2.26
220 A 4.143 -1.582 -1.761 -1.786 0.581 -1.419 -1.397 0.275 -1.31 -0.929 -1.42 -0.947 -0.972 -1.947 -1.574 0.356 -0.521 -2.539 -1.854 0.04
221 L -1.639 -2.285 -3.461 -3.719 -0.249 -2.739 -3.404 -3.481 -2.412 1.906 4.193 -2.577 2.034 0.734 -3.703 -3.257 -1.679 -1.749 -1.155 1.007
222 W -2.748 -2.482 -3.265 -3.719 -2.433 -2.923 -3.068 -2.464 -1.233 -1.952 -1.749 -2.89 -1.379 1.03 -5.507 -3.454 -2.794 10.708 2.071 -2.326
223 L -1.584 -2.559 -3.428 -3.565 -0.249 -2.917 -3.526 -3.513 -2.539 3.198 3.554 -2.642 1.774 0.543 -3.67 -3.23 -1.501 -1.917 -1.229 1.717
224 V -0.332 -2.585 -3.028 -3.263 0.241 -2.686 -2.992 -3.054 -3.014 2.931 0.847 -2.487 0.733 -0.497 -3.27 -2.383 -0.55 -2.486 -1.384 4.373
225 I -1.042 -2.98 -3.246 -3.274 -0.076 -3.086 -3.496 -3.392 -2.876 4.274 1.354 -2.677 1.033 -0.072 -3.488 -2.886 -0.95 -2.349 -1.384 3.404
226 A 3.417 -1.313 -0.85 -1.223 0.392 -1.146 -1.128 0.124 -1.037 -1.246 -1.718 -0.747 -1.073 -1.978 -1.574 1.863 0.04 -2.575 -1.854 -0.363
227 L -1.584 -2.559 -3.428 -3.565 -0.249 -2.917 -3.526 -3.513 -2.539 3.198 3.554 -2.642 1.774 0.543 -3.67 -3.23 -1.501 -1.917 -1.229 1.717
228 A 2.011 -1.729 -1.451 -1.922 0.291 -1.699 -1.868 -1.089 -1.852 1.092 -0.388 -1.353 -0.192 -1.303 -2.118 -0.196 2.211 -2.434 -1.673 2.28
229 P -0.935 -2.112 -2.032 -1.662 -1.556 -2.032 -1.721 -1.951 -1.706 -2.416 -2.849 -1.163 -2.502 -3.434 6.76 -1.551 -1.447 -4.648 -2.734 -2.26
230 F -1.383 -2.804 -1.911 -2.587 -1.455 -3.294 -3.265 2.985 -1.127 -0.591 -0.367 -2.741 -0.577 5.547 -3.878 -2.285 -2.311 0.011 1.833 -1.2
231 V -0.62 -2.199 -1.845 -2.361 0.012 -2.259 -2.589 -2.535 -2.365 3.129 0.635 -1.926 0.521 -0.593 -2.773 -1.164 2.134 -2.349 -1.518 2.902
232 I -1.373 -2.507 -3.028 -3.152 -0.255 -2.398 -3.269 -3.247 -2.105 4.029 1.739 -2.308 3.797 0.205 -3.513 -2.777 -1.164 -1.96 -1.225 2.262
233 L -1.902 -2.629 -3.361 -3.565 -0.811 -2.98 -3.404 -3.129 -2.071 2.705 2.253 -2.745 0.933 0.652 -4.149 -3.293 -1.806 7.608 0.309 1.149
234 L 1.587 -2.23 -2.636 -2.842 -0.261 -2.522 -2.614 -1.545 -1.484 0.624 2.03 -2.124 0.662 3.967 -2.992 -1.486 -1.444 -0.819 0.731 0.224
235 L -1.584 -2.559 -3.428 -3.565 -0.249 -2.917 -3.526 -3.513 -2.539 3.198 3.554 -2.642 1.774 0.543 -3.67 -3.23 -1.501 -1.917 -1.229 1.717
236 A 3.296 -1.845 -1.293 -1.659 0.055 -1.682 -1.775 3.453 -1.396 -1.528 -1.973 -1.191 -1.456 -2.198 -1.947 -0.053 -0.939 -2.539 -2.248 -0.661
237 I -1.476 -3.2 -3.361 -3.28 -0.249 -3.308 -3.786 -3.578 -2.81 4.767 1.578 -2.777 1.172 0.119 -3.603 -3.175 -1.173 -2.283 -1.384 2.761
238 V 1.993 -2.211 -2.541 -2.683 0.359 -2.199 -2.358 -1.484 -2.328 2.117 0.269 -1.878 0.268 -0.904 -2.588 -1.16 -0.54 -2.504 -1.532 3.508
239 T 0.238 -1.069 -0.01 -0.835 0.006 -1.013 -1.176 -0.96 -1.158 -0.784 -1.521 -0.711 -0.833 -1.795 -1.713 1.964 3.738 -2.4 -1.822 -0.293
240 G -0.483 -1.655 3.244 -0.274 -1.584 -1.625 -1.942 4.896 -0.514 -3.137 -3.453 -1.224 -2.587 -2.672 -2.813 -0.775 -1.442 -2.704 -2.841 -2.858
241 G -0.533 2.924 -0.442 -1.39 -1.083 -0.808 -1.499 3.105 -0.933 -1.81 -2.118 0.209 -1.443 -2.302 -2.444 -0.514 1.939 -2.383 -2.236 -1.377
242 L -1.624 -0.925 -1.821 -2.126 -1.147 2.329 -0.945 -2.561 -0.62 0.398 1.969 -0.905 0.757 3.927 -3.341 -2.188 -1.685 -0.771 0.799 -0.253
243 G -0.8 -2.507 -1.995 -2.622 -0.989 -2.623 -2.923 3.005 -1.844 0.515 -0.924 -2.336 -0.776 -0.355 -3.676 -2.153 -1.634 7.596 -0.007 1.673
244 R -0.915 3.35 -1.093 -1.747 -1.147 -0.17 -0.859 -2.166 -0.843 0.538 -0.812 2.65 -0.465 -1.783 -2.551 -1.566 -1.064 -2.486 -1.704 1.745
245 I -1.373 -2.507 -3.028 -3.152 -0.255 -2.398 -3.269 -3.247 -2.105 4.029 1.739 -2.308 3.797 0.205 -3.513 -2.777 -1.164 -1.96 -1.225 2.262
246 R -1.674 4.68 3.24 -0.379 -2.214 0.111 -0.713 -1.41 0.32 -2.744 -2.455 1.333 -1.602 -2.538 -2.764 -1.009 -1.178 -2.557 -1.966 -2.387
247 L -1.676 2.994 3.071 -0.712 -1.366 -0.707 -1.388 -1.677 -0.215 -0.299 1.519 0.21 0.106 -0.996 -3.03 -1.403 -1.215 -2.333 -1.699 -0.801
248 G 0.104 -2.343 -0.426 -1.308 -1.306 -2.181 -2.608 5.796 -1.462 -3.201 -3.446 -1.636 -2.652 -2.664 -2.765 -0.988 -1.905 -2.426 -3.134 -2.85
249 A 2.505 0.784 -0.924 -1.207 -0.396 -0.108 -0.424 -0.401 -0.729 -1.447 -1.787 2.998 -1.086 -2.33 -1.622 -0.179 -0.776 -2.537 -1.815 -0.779
250 F -1.949 3.735 -1.462 -2.351 -1.826 -0.954 -1.709 -2.52 -0.371 -0.863 -0.492 0.399 -0.467 4.701 -3.489 -2.148 -1.919 -0.34 1.404 -1.26
251 R -1.201 4.331 -0.406 -1.155 -2.158 0.623 -0.133 -1.751 -0.11 -2.4 -2.175 3.574 -1.266 -2.677 -2.194 -1.174 -1.305 -2.43 -1.823 -2.122
252 F -2.248 -2.572 -2.693 -3.312 -1.593 -3.092 -3.158 -2.992 0.407 -0.139 0.053 -2.843 -0.163 5.904 -4.126 -2.918 -2.373 1.324 4.846 -0.755
253 L -1.526 -2.172 -3.348 -3.606 -0.136 -2.626 -3.291 -3.368 -2.299 2.019 4.014 -2.464 2.147 0.847 -3.59 -3.144 -1.566 -1.636 -1.042 1.12
254 L -0.92 -2.321 -2.777 -2.741 -0.427 -2.467 -2.614 -2.755 -2.328 1.548 1.995 -2.0 0.631 -0.601 3.751 -2.314 -1.183 -2.723 -1.678 2.198
255 G -0.744 -2.67 -1.927 -2.549 -0.768 -2.898 -3.076 2.982 -1.714 0.931 -0.191 -2.469 -0.295 3.824 -3.482 -2.081 -1.558 -0.981 0.536 1.863
256 F -2.248 -2.572 -2.693 -3.312 -1.593 -3.092 -3.158 -2.992 0.407 -0.139 0.053 -2.843 -0.163 5.904 -4.126 -2.918 -2.373 1.324 4.846 -0.755
257 V -0.665 -2.776 -3.135 -3.269 0.087 -2.879 -3.233 -3.218 -2.944 3.68 1.111 -2.581 0.887 -0.277 -3.377 -2.624 -0.743 -2.417 -1.384 3.929
258 G 2.274 -1.552 -0.502 -1.118 -0.173 -1.385 -1.469 3.404 -1.115 -1.924 -2.339 -0.973 -1.575 -2.232 -1.947 1.627 -0.3 -2.575 -2.248 -1.185
259 L 1.661 -2.031 -2.777 -2.922 0.055 -2.229 -2.571 -1.641 -1.996 1.231 3.222 -1.926 1.333 0.084 -2.808 -1.509 -1.239 -1.989 -1.37 0.719
260 C 1.962 -2.435 -2.551 -2.75 6.827 -2.419 -2.599 -1.313 -2.337 0.995 -0.389 -2.056 -0.338 -1.427 -2.597 -1.014 -0.8 -2.761 -1.978 2.188
261 L -0.659 -1.956 -1.864 -2.462 0.012 -2.117 -2.5 -2.512 -2.246 1.797 2.135 -1.875 0.913 -0.314 -2.798 -1.177 2.084 -2.156 -1.436 2.451
262 L -0.649 -1.897 -1.461 -2.061 -0.516 -2.131 -2.212 -1.836 -1.195 0.443 1.943 -1.828 0.605 3.963 -2.992 0.916 -0.698 -0.839 0.731 -0.152
263 G -0.009 -2.456 -0.539 -1.422 -1.419 -2.294 -2.721 5.9 -1.575 -3.314 -3.559 -1.75 -2.766 -2.777 -2.878 -1.101 -2.018 -2.539 -3.247 -2.963
264 L 1.661 -2.031 -2.777 -2.922 0.055 -2.229 -2.571 -1.641 -1.996 1.231 3.222 -1.926 1.333 0.084 -2.808 -1.509 -1.239 -1.989 -1.37 0.719
265 L 1.832 -2.12 -2.657 -2.8 0.211 -2.214 -2.462 -1.561 -2.157 1.708 2.108 -1.902 0.849 -0.368 -2.696 -1.329 -0.869 -2.235 -1.45 2.438
266 L 1.832 -2.12 -2.657 -2.8 0.211 -2.214 -2.462 -1.561 -2.157 1.708 2.108 -1.902 0.849 -0.368 -2.696 -1.329 -0.869 -2.235 -1.45 2.438
267 A 3.263 -1.88 -2.125 -2.2 0.472 -1.783 -1.838 -0.472 -1.774 0.978 -0.454 -1.375 -0.286 -1.379 -2.037 -0.304 -0.531 -2.521 -1.689 2.266
268 L -1.385 -2.226 -2.903 -2.86 -0.622 -2.484 -2.728 -2.877 -2.157 1.042 3.146 -2.025 1.149 -0.114 3.74 -2.57 -1.6 -2.434 -1.592 0.268
269 L -0.274 -1.252 -1.168 -1.786 -0.184 -0.98 -1.721 -1.604 -0.887 0.732 1.158 -1.107 5.006 -0.235 -2.625 1.118 -0.286 -1.763 -1.207 0.31
270 L 1.661 -2.031 -2.777 -2.922 0.055 -2.229 -2.571 -1.641 -1.996 1.231 3.222 -1.926 1.333 0.084 -2.808 -1.509 -1.239 -1.989 -1.37 0.719
271 P -1.354 -2.378 -2.309 -2.137 -1.528 -2.544 -2.219 -2.253 -1.422 -1.274 -1.287 -1.735 -1.354 3.662 5.618 -1.987 -1.749 -1.643 0.398 -1.598
272 G 2.274 -1.552 -0.502 -1.118 -0.173 -1.385 -1.469 3.404 -1.115 -1.924 -2.339 -0.973 -1.575 -2.232 -1.947 1.627 -0.3 -2.575 -2.248 -1.185
273 R -1.363 2.982 -1.178 -0.505 -1.509 0.014 2.087 -2.542 -0.544 1.99 -0.429 0.485 -0.347 -1.405 -2.72 -1.706 -1.371 -2.366 -1.741 0.463
274 L -1.88 -2.503 -3.284 -3.613 -0.602 -3.092 -3.462 -3.302 -1.828 1.437 3.394 -2.827 1.522 4.151 -3.958 -3.214 -1.919 -0.657 0.836 0.563
275 L -0.328 -0.446 -0.662 -1.147 -0.636 2.552 -0.336 -1.459 -0.504 -0.119 1.583 -0.24 0.448 -0.989 -2.379 1.187 -0.391 -2.203 -1.45 -0.463
276 E -0.99 -0.725 -0.878 0.707 -2.156 0.507 3.693 -2.016 -0.232 -2.706 -2.817 0.106 -2.053 -2.929 3.856 -1.094 -1.415 -3.044 -2.229 -2.242
277 D -0.186 -1.617 -0.036 3.214 -0.523 -1.315 -0.478 -1.268 -1.201 0.554 -1.084 -1.137 -0.755 -1.663 -2.329 1.228 -0.209 -2.879 -2.036 1.763
278 G -0.515 -2.25 -0.999 -1.885 -1.556 -2.15 -2.632 4.795 0.152 -2.271 -2.441 -1.822 -1.943 0.718 -3.051 -1.505 -2.074 -0.019 3.852 -2.19
279 T -0.433 -1.467 -0.721 -1.285 -0.414 -1.453 -1.556 -1.592 -1.575 -0.867 -1.618 -0.978 -1.13 -2.155 3.874 0.049 3.529 -2.879 -2.083 -0.47
280 L -1.135 -2.382 -3.31 -3.559 -0.076 -2.721 -3.26 -3.332 -2.599 2.29 3.443 -2.546 1.662 0.379 -3.552 -2.935 -1.252 -1.975 -1.229 2.6
281 R -1.413 4.697 -0.519 -0.241 -2.408 0.722 2.323 -2.166 0.101 -2.76 -2.335 1.538 -1.489 -2.615 -2.502 -1.285 -1.501 -2.383 -1.915 -2.251
282 H -1.747 3.132 0.085 -1.247 -2.408 -0.018 -0.619 -1.933 7.08 -2.744 -2.492 0.384 -1.347 -1.397 -2.833 -1.619 -2.044 -1.79 0.806 -2.813
283 L -1.425 -2.238 -3.057 -3.285 -0.255 -2.249 -3.158 -3.218 -1.996 3.117 2.841 -2.25 3.929 0.419 -3.545 -2.8 -1.322 -1.79 -1.151 1.687
284 A 1.912 -0.017 -1.516 -1.789 -0.202 -0.787 -1.102 -1.093 -1.356 0.793 -0.648 2.136 -0.374 -1.611 -2.118 -0.79 -0.735 -2.557 -1.699 2.024
285 G 0.094 -1.028 -0.161 0.125 -1.139 -0.214 2.144 3.218 -0.514 -2.678 -2.892 -0.366 -1.905 -2.489 -2.094 1.402 -0.544 -2.557 -2.306 -2.124
286 A 4.143 -1.582 -1.761 -1.786 0.581 -1.419 -1.397 0.275 -1.31 -0.929 -1.42 -0.947 -0.972 -1.947 -1.574 0.356 -0.521 -2.539 -1.854 0.04
287 F -2.077 -3.062 -3.087 -3.368 -1.005 -3.728 -3.648 -3.161 -1.429 2.583 0.886 -3.179 0.505 5.638 -4.197 -3.145 -1.97 0.047 1.979 0.988
288 S 0.969 -0.84 0.398 -0.347 -0.026 -0.669 -0.654 -0.205 -0.559 -2.01 -2.427 -0.384 -1.285 -2.042 -1.574 3.581 0.912 -2.648 -1.854 -1.391
289 A 3.145 -1.677 -1.907 -2.166 -0.026 -1.565 -1.71 -0.469 0.252 -0.92 -1.276 -1.25 -0.907 0.903 -2.071 -0.328 -0.977 -0.019 3.952 -0.287
290 D 1.711 -1.082 -0.131 3.504 -1.075 -0.131 2.496 -0.835 -0.475 -2.056 -2.462 -0.34 -1.779 -2.522 -1.962 -0.457 -1.109 -2.839 -2.28 -1.421
291 D -1.876 -1.687 1.1 5.975 -2.471 -0.971 0.951 -1.222 -0.635 -2.824 -3.59 -0.928 -2.796 -3.018 -2.388 -1.051 -1.512 -3.63 -3.142 -2.963
292 E -1.018 -0.221 -0.437 1.419 -2.51 1.248 4.712 -2.048 0.294 -2.863 -2.802 0.578 -1.852 -2.707 -1.98 -0.89 -1.4 -2.486 -2.007 -2.233
293 R -1.633 5.687 -0.561 -1.662 -2.358 0.419 -0.659 -2.227 -0.0 -2.71 -2.127 1.92 -1.322 -2.571 -2.803 -1.505 -1.553 -2.333 -1.871 -2.26
294 S 2.445 -1.067 -0.159 -0.752 0.191 -0.898 -0.881 -0.036 -0.788 -1.603 -2.051 -0.56 -1.177 -2.01 -1.574 2.848 0.509 -2.611 -1.854 -0.832
295 I -1.476 -3.2 -3.361 -3.28 -0.249 -3.308 -3.786 -3.578 -2.81 4.767 1.578 -2.777 1.172 0.119 -3.603 -3.175 -1.173 -2.283 -1.384 2.761
296 Q -0.981 0.908 -0.191 -0.456 -2.01 5.21 1.293 -1.578 0.671 -2.339 -2.09 1.123 -0.502 -3.057 -2.25 -0.853 -1.074 -2.283 -1.384 -1.886
297 K -1.218 1.179 -0.864 -1.404 -1.999 0.073 -0.435 -1.88 0.667 -1.712 -1.824 3.696 -1.13 0.693 -2.237 -1.412 -1.479 -0.049 3.95 -1.716
298 P -1.242 -0.677 -1.329 -1.547 -1.799 2.486 -0.478 -2.123 0.697 -1.798 -1.883 -0.359 -1.136 0.632 3.794 -1.566 -1.533 -0.195 3.941 -1.698
299 Y -2.075 -2.203 -2.449 -3.215 -1.719 -2.424 -2.789 -3.011 1.316 -0.496 -0.429 -2.375 -0.455 4.872 -3.758 -2.721 -2.279 1.801 6.021 -0.912
300 L -1.639 -2.285 -3.461 -3.719 -0.249 -2.739 -3.404 -3.481 -2.412 1.906 4.193 -2.577 2.034 0.734 -3.703 -3.257 -1.679 -1.749 -1.155 1.007
301 L -1.584 -2.559 -3.428 -3.565 -0.249 -2.917 -3.526 -3.513 -2.539 3.198 3.554 -2.642 1.774 0.543 -3.67 -3.23 -1.501 -1.917 -1.229 1.717
302 D -0.386 -0.854 0.421 3.602 -1.419 0.046 2.569 -1.06 -0.268 -2.538 -2.9 -0.176 -1.913 -2.56 -1.962 1.409 -0.435 -2.879 -2.28 -2.124
303 G -0.283 -0.148 -0.48 -1.207 -1.622 -0.92 -1.385 4.841 -1.103 -2.902 -3.093 2.112 -2.201 -2.819 -2.466 -1.06 -1.711 -2.575 -2.719 -2.645
304 F -2.433 -2.995 -2.959 -3.413 -1.473 -3.963 -3.581 -2.973 -0.927 0.178 0.466 -3.403 0.103 6.663 -4.547 -3.129 -2.469 0.753 2.832 -0.606
305 L 1.679 -2.281 -2.75 -2.805 0.055 -2.377 -2.661 -1.658 -2.105 2.786 2.282 -1.978 0.997 -0.157 -2.783 -1.494 -1.085 -2.172 -1.45 1.494
306 D -0.539 2.999 0.391 3.289 -1.384 -0.343 -0.016 -1.101 -0.384 -2.492 -2.649 0.482 -1.721 -2.516 -2.209 1.324 -0.471 -2.819 -2.229 -2.133
307 Y -0.436 -1.367 -1.117 -1.832 -0.609 -1.191 -1.724 -1.68 0.46 -0.084 0.151 -1.222 3.352 1.303 -2.648 1.075 -0.511 0.154 4.001 -0.339
308 P -0.935 -2.112 -2.032 -1.662 -1.556 -2.032 -1.721 -1.951 -1.706 -2.416 -2.849 -1.163 -2.502 -3.434 6.76 -1.551 -1.447 -4.648 -2.734 -2.26
309 F 1.51 -2.444 -2.502 -2.763 -0.616 -2.848 -2.658 -1.452 -1.049 -0.146 -0.037 -2.336 -0.213 5.565 -3.19 -1.462 -1.665 0.011 1.933 -0.374
310 L -1.82 -2.799 -3.252 -3.465 -0.602 -3.294 -3.586 -3.332 -1.931 2.907 2.518 -2.898 1.209 4.094 -3.921 -3.187 -1.726 -0.771 0.799 1.375
311 G -0.009 -2.456 -0.539 -1.422 -1.419 -2.294 -2.721 5.9 -1.575 -3.314 -3.559 -1.75 -2.766 -2.777 -2.878 -1.101 -2.018 -2.539 -3.247 -2.963
312 S 0.969 -0.84 0.398 -0.347 -0.026 -0.669 -0.654 -0.205 -0.559 -2.01 -2.427 -0.384 -1.285 -2.042 -1.574 3.581 0.912 -2.648 -1.854 -1.391
313 G -0.009 -2.456 -0.539 -1.422 -1.419 -2.294 -2.721 5.9 -1.575 -3.314 -3.559 -1.75 -2.766 -2.777 -2.878 -1.101 -2.018 -2.539 -3.247 -2.963
314 F -2.077 -3.062 -3.087 -3.368 -1.005 -3.728 -3.648 -3.161 -1.429 2.583 0.886 -3.179 0.505 5.638 -4.197 -3.145 -1.97 0.047 1.979 0.988
315 G -0.009 -2.456 -0.539 -1.422 -1.419 -2.294 -2.721 5.9 -1.575 -3.314 -3.559 -1.75 -2.766 -2.777 -2.878 -1.101 -2.018 -2.539 -3.247 -2.963
316 G 2.043 -2.173 -1.6 -2.054 -0.076 -2.083 -2.282 3.226 -1.875 0.684 -0.838 -1.66 -0.66 -1.583 -2.48 -0.828 -0.95 -2.521 -2.059 1.963
317 G -1.254 -2.406 -1.723 -2.511 -1.574 -2.583 -2.883 2.983 0.283 -1.013 -0.933 -2.288 -0.918 4.347 -3.539 -2.126 -2.219 0.73 4.392 -1.384
318 A 3.263 -1.88 -2.125 -2.2 0.472 -1.783 -1.838 -0.472 -1.774 0.978 -0.454 -1.375 -0.286 -1.379 -2.037 -0.304 -0.531 -2.521 -1.689 2.266
319 G -0.483 -1.655 3.244 -0.274 -1.584 -1.625 -1.942 4.896 -0.514 -3.137 -3.453 -1.224 -2.587 -2.672 -2.813 -0.775 -1.442 -2.704 -2.841 -2.858
320 Y -1.911 -1.876 -2.224 -3.121 -1.85 -1.882 -2.462 -3.031 2.006 -0.902 -1.009 -1.972 -0.781 3.25 -3.432 -2.536 -2.188 2.21 6.853 -1.078
321 L -1.639 -2.285 -3.461 -3.719 -0.249 -2.739 -3.404 -3.481 -2.412 1.906 4.193 -2.577 2.034 0.734 -3.703 -3.257 -1.679 -1.749 -1.155 1.007
322 R -1.633 5.687 -0.561 -1.662 -2.358 0.419 -0.659 -2.227 -0.0 -2.71 -2.127 1.92 -1.322 -2.571 -2.803 -1.505 -1.553 -2.333 -1.871 -2.26
323 S 0.969 -0.84 0.398 -0.347 -0.026 -0.669 -0.654 -0.205 -0.559 -2.01 -2.427 -0.384 -1.285 -2.042 -1.574 3.581 0.912 -2.648 -1.854 -1.391
324 Y -1.582 -1.213 -1.499 -0.75 -2.054 -0.432 1.986 -2.665 1.54 -1.421 -1.492 -0.854 -1.096 2.257 -2.863 -1.877 -1.901 1.31 5.749 -1.414
325 E -1.276 -0.632 0.171 3.801 -2.497 0.679 3.91 -1.746 0.016 -2.85 -3.041 0.158 -2.134 -2.807 -2.11 -0.942 -1.436 -2.819 -2.338 -2.456
326 A 2.245 -1.189 -0.399 -1.022 0.206 -1.079 -1.151 -0.368 -1.097 -1.006 -1.618 -0.729 -0.95 -1.885 -1.643 1.914 2.445 -2.486 -1.838 -0.328
327 P -0.935 -2.112 -2.032 -1.662 -1.556 -2.032 -1.721 -1.951 -1.706 -2.416 -2.849 -1.163 -2.502 -3.434 6.76 -1.551 -1.447 -4.648 -2.734 -2.26
328 W -2.748 -2.482 -3.265 -3.719 -2.433 -2.923 -3.068 -2.464 -1.233 -1.952 -1.749 -2.89 -1.379 1.03 -5.507 -3.454 -2.794 10.708 2.071 -2.326
329 L -0.489 -1.719 -1.554 -2.122 -0.173 -1.874 -2.175 -1.943 -1.655 1.085 3.165 -1.649 1.288 0.069 -2.808 0.905 -0.538 -2.019 -1.37 0.406
330 Y -1.911 -1.876 -2.224 -3.121 -1.85 -1.882 -2.462 -3.031 2.006 -0.902 -1.009 -1.972 -0.781 3.25 -3.432 -2.536 -2.188 2.21 6.853 -1.078
331 E -1.018 -0.221 -0.437 1.419 -2.51 1.248 4.712 -2.048 0.294 -2.863 -2.802 0.578 -1.852 -2.707 -1.98 -0.89 -1.4 -2.486 -2.007 -2.233
332 L -1.639 -2.285 -3.461 -3.719 -0.249 -2.739 -3.404 -3.481 -2.412 1.906 4.193 -2.577 2.034 0.734 -3.703 -3.257 -1.679 -1.749 -1.155 1.007
333 T 0.238 -1.069 -0.01 -0.835 0.006 -1.013 -1.176 -0.96 -1.158 -0.784 -1.521 -0.711 -0.833 -1.795 -1.713 1.964 3.738 -2.4 -1.822 -0.293
334 Y -1.911 -1.876 -2.224 -3.121 -1.85 -1.882 -2.462 -3.031 2.006 -0.902 -1.009 -1.972 -0.781 3.25 -3.432 -2.536 -2.188 2.21 6.853 -1.078
335 H -1.255 -1.5 -1.249 -2.295 -1.107 -1.43 -1.827 -2.565 5.372 0.74 -0.597 -1.693 -0.33 1.261 -3.173 -2.174 -1.569 0.147 4.252 1.789
336 V -0.533 -0.913 -1.749 -2.001 -0.333 2.392 -0.799 -2.474 -1.22 1.984 0.156 -0.741 0.377 -1.127 -2.888 -1.778 -0.714 -2.417 -1.384 3.364
337 L 1.766 -1.515 -2.207 -2.486 0.044 -1.237 -2.056 -1.334 -1.146 0.897 1.272 -1.335 5.019 -0.218 -2.625 -1.04 -0.921 -1.736 -1.207 0.634
338 L -1.639 -2.285 -3.461 -3.719 -0.249 -2.739 -3.404 -3.481 -2.412 1.906 4.193 -2.577 2.034 0.734 -3.703 -3.257 -1.679 -1.749 -1.155 1.007
339 F -1.952 -2.398 -2.782 -3.236 -1.013 -2.698 -3.154 -2.873 -0.973 0.691 1.089 -2.646 3.547 5.651 -4.087 -2.75 -1.957 0.196 2.029 -0.017
340 N -0.542 -0.618 4.883 0.757 -1.155 -0.64 -0.766 -0.237 0.467 -2.519 -2.949 -0.391 -1.897 -2.322 -2.266 1.65 0.024 -2.919 -2.059 -2.172
341 L -1.88 -2.503 -3.284 -3.613 -0.602 -3.092 -3.462 -3.302 -1.828 1.437 3.394 -2.827 1.522 4.151 -3.958 -3.214 -1.919 -0.657 0.836 0.563
342 G -0.009 -2.456 -0.539 -1.422 -1.419 -2.294 -2.721 5.9 -1.575 -3.314 -3.559 -1.75 -2.766 -2.777 -2.878 -1.101 -2.018 -2.539 -3.247 -2.963
343 I -1.042 -2.98 -3.246 -3.274 -0.076 -3.086 -3.496 -3.392 -2.876 4.274 1.354 -2.677 1.033 -0.072 -3.488 -2.886 -0.95 -2.349 -1.384 3.404
344 V -0.665 -2.776 -3.135 -3.269 0.087 -2.879 -3.233 -3.218 -2.944 3.68 1.111 -2.581 0.887 -0.277 -3.377 -2.624 -0.743 -2.417 -1.384 3.929
345 G -0.009 -2.456 -0.539 -1.422 -1.419 -2.294 -2.721 5.9 -1.575 -3.314 -3.559 -1.75 -2.766 -2.777 -2.878 -1.101 -2.018 -2.539 -3.247 -2.963
346 F -0.282 -1.981 -1.384 -1.97 -0.327 -2.117 -2.116 -1.751 -1.316 1.054 -0.051 -1.804 -0.033 3.852 -2.873 0.995 -0.387 -1.002 0.692 1.99
347 S 2.445 -1.067 -0.159 -0.752 0.191 -0.898 -0.881 -0.036 -0.788 -1.603 -2.051 -0.56 -1.177 -2.01 -1.574 2.848 0.509 -2.611 -1.854 -0.832
348 L 1.679 -2.281 -2.75 -2.805 0.055 -2.377 -2.661 -1.658 -2.105 2.786 2.282 -1.978 0.997 -0.157 -2.783 -1.494 -1.085 -2.172 -1.45 1.494
349 L -1.88 -2.503 -3.284 -3.613 -0.602 -3.092 -3.462 -3.302 -1.828 1.437 3.394 -2.827 1.522 4.151 -3.958 -3.214 -1.919 -0.657 0.836 0.563
350 G -0.036 -1.765 -0.793 -1.517 -0.503 -1.757 -2.012 3.157 -1.416 -0.25 1.473 -1.426 0.045 -0.942 -2.583 1.148 -0.611 -2.283 -1.961 -0.652
351 V -0.62 -2.199 -1.845 -2.361 0.012 -2.259 -2.589 -2.535 -2.365 3.129 0.635 -1.926 0.521 -0.593 -2.773 -1.164 2.134 -2.349 -1.518 2.902
352 L 1.587 -2.23 -2.636 -2.842 -0.261 -2.522 -2.614 -1.545 -1.484 0.624 2.03 -2.124 0.662 3.967 -2.992 -1.486 -1.444 -0.819 0.731 0.224
353 F -2.077 -3.062 -3.087 -3.368 -1.005 -3.728 -3.648 -3.161 -1.429 2.583 0.886 -3.179 0.505 5.638 -4.197 -3.145 -1.97 0.047 1.979 0.988
354 A 3.161 -1.798 -2.224 -2.299 0.33 -1.795 -1.925 -0.527 -1.633 0.349 1.748 -1.395 0.404 -0.756 -2.126 -0.429 -0.858 -2.251 -1.602 0.399
355 V -0.745 -1.69 -1.421 -2.33 -0.408 -1.637 -1.959 -2.571 5.114 1.955 0.071 -1.839 0.188 -0.641 -3.122 -2.128 -1.03 -2.14 -0.039 3.308
356 F 1.558 -2.09 -2.273 -2.683 -0.705 -2.229 -2.344 -1.463 0.331 -0.503 -0.536 -1.938 -0.511 4.374 -2.919 -1.341 -1.591 0.73 4.434 -0.512
357 F -2.077 -3.062 -3.087 -3.368 -1.005 -3.728 -3.648 -3.161 -1.429 2.583 0.886 -3.179 0.505 5.638 -4.197 -3.145 -1.97 0.047 1.979 0.988
358 F -1.552 -2.852 -2.982 -3.362 -0.782 -3.472 -3.371 -3.0 -1.47 1.409 0.598 -3.064 0.328 5.611 -4.056 -2.858 -1.679 0.018 1.979 2.082
359 L -1.601 -0.195 -1.923 -2.338 -1.163 -1.29 -1.684 -2.496 -1.103 0.414 1.949 1.934 0.599 3.932 -3.106 -2.254 -1.729 -0.839 0.726 -0.292
360 A 3.263 -1.88 -2.125 -2.2 0.472 -1.783 -1.838 -0.472 -1.774 0.978 -0.454 -1.375 -0.286 -1.379 -2.037 -0.304 -0.531 -2.521 -1.689 2.266
361 L -1.179 -2.93 -3.29 -3.5 6.784 -3.181 -3.726 -3.042 -2.745 2.795 2.307 -2.843 0.964 -0.188 -3.532 -2.649 -1.415 -2.383 -1.715 1.392
362 K -1.142 3.793 -0.43 -1.075 -2.167 0.615 -0.048 -1.68 -0.223 -2.376 -2.266 4.057 -1.322 -2.789 -2.087 -1.145 -1.299 -2.539 -1.882 -2.151
363 L -1.153 -1.749 -1.665 -2.425 -0.582 -1.874 -2.341 -2.506 0.028 0.495 1.827 -1.727 0.518 1.435 -2.843 -1.21 1.912 0.14 3.99 0.143
364 L 1.714 -1.762 -2.478 -2.696 0.05 -1.69 -2.302 -1.484 -1.54 1.069 2.409 -1.616 3.728 -0.063 -2.715 -1.265 -1.076 -1.86 -1.287 0.677
365 S 0.465 0.438 0.165 -0.497 -0.562 -0.133 -0.335 -0.561 -0.485 -2.079 -2.397 2.403 -1.298 -2.302 -1.643 2.693 0.368 -2.648 -1.865 -1.608
366 R -0.378 3.013 -0.646 -1.453 -0.712 -0.39 -1.141 -1.493 -0.509 -0.442 -0.063 0.365 3.313 -1.114 -2.475 1.191 -0.382 -2.079 -1.518 -0.601
367 G -0.988 -1.626 -1.102 -0.466 -1.759 -0.836 1.901 3.031 -0.63 -1.553 -1.402 -1.064 -1.249 3.706 -2.95 -1.546 -1.929 -0.981 0.438 -1.76
368 D -0.361 0.276 0.439 3.347 -1.314 -0.214 0.244 -0.904 -0.509 -2.332 -2.732 2.339 -1.721 -2.621 -1.896 1.395 -0.382 -2.94 -2.236 -2.08
369 L -0.338 -0.992 -0.756 -0.202 -0.733 -0.282 2.106 -1.601 -0.687 -0.194 1.523 -0.518 0.177 -0.929 -2.283 1.181 -0.473 -2.267 -1.648 -0.53
370 Y -1.798 -1.763 -2.111 -3.008 -1.737 -1.769 -2.349 -2.918 2.119 -0.789 -0.896 -1.859 -0.668 3.363 -3.319 -2.423 -2.075 2.323 6.624 -0.965
371 G -0.571 -1.254 -0.114 -1.194 -1.099 -1.136 -1.472 3.129 5.189 -1.822 -2.295 -1.14 -1.456 -1.708 -2.458 -0.554 1.87 -2.094 -0.434 -1.569
372 P 2.152 -1.464 -0.914 -1.189 -0.202 -1.319 -1.222 -0.48 -1.152 -1.715 -2.168 -0.812 -1.515 -2.399 3.894 1.573 -0.186 -3.13 -2.119 -1.045
373 G 1.874 -1.408 3.153 -0.351 -0.712 -1.367 -1.543 3.399 -0.451 -2.16 -2.58 -0.978 -1.897 -2.378 -2.32 -0.26 -0.95 -2.704 -2.364 -1.523
374 G -0.639 -2.289 -1.738 -2.474 -0.862 -2.269 -2.717 2.979 -0.063 0.69 -0.72 -2.053 -0.601 1.044 -3.184 -1.932 -1.487 -0.011 3.926 1.8
375 A 3.211 -1.749 -1.848 -1.744 0.028 -1.609 -1.501 -0.295 -1.436 -1.345 -1.823 -1.017 -1.398 -2.363 3.894 -0.151 -0.798 -3.086 -2.119 -0.544
376 F -2.144 -2.738 -3.117 -3.511 -1.005 -3.495 -3.521 -3.133 -1.343 0.875 2.287 -3.101 0.898 5.672 -4.237 -3.171 -2.181 0.133 2.003 0.037
377 A 3.117 -1.981 -2.108 -2.234 0.044 -2.046 -1.959 -0.461 -1.176 -0.511 -0.646 -1.559 -0.568 3.771 -2.27 -0.412 -1.037 -0.991 0.621 -0.16
378 L -1.67 -2.402 -2.959 -3.362 -0.691 -2.583 -3.162 -3.353 -0.184 2.788 2.322 -2.421 1.03 1.704 -3.577 -2.971 -1.651 0.14 4.01 1.301
379 L -1.639 -2.285 -3.461 -3.719 -0.249 -2.739 -3.404 -3.481 -2.412 1.906 4.193 -2.577 2.034 0.734 -3.703 -3.257 -1.679 -1.749 -1.155 1.007
380 V -0.665 -2.776 -3.135 -3.269 0.087 -2.879 -3.233 -3.218 -2.944 3.68 1.111 -2.581 0.887 -0.277 -3.377 -2.624 -0.743 -2.417 -1.384 3.929
381 G -0.009 -2.456 -0.539 -1.422 -1.419 -2.294 -2.721 5.9 -1.575 -3.314 -3.559 -1.75 -2.766 -2.777 -2.878 -1.101 -2.018 -2.539 -3.247 -2.963
382 L -1.135 -2.382 -3.31 -3.559 -0.076 -2.721 -3.26 -3.332 -2.599 2.29 3.443 -2.546 1.662 0.379 -3.552 -2.935 -1.252 -1.975 -1.229 2.6
383 L -1.227 -2.621 -3.322 -3.65 6.784 -2.987 -3.596 -3.015 -2.609 1.247 3.24 -2.773 1.303 0.055 -3.564 -2.672 -1.589 -2.187 -1.627 0.585
384 G 0.207 -2.042 -0.737 -1.485 6.762 -1.931 -2.128 3.207 -1.554 -1.877 -2.217 -1.556 -1.658 -2.297 -2.489 1.285 -0.548 -2.819 -2.603 -1.451
385 L -1.639 -2.285 -3.461 -3.719 -0.249 -2.739 -3.404 -3.481 -2.412 1.906 4.193 -2.577 2.034 0.734 -3.703 -3.257 -1.679 -1.749 -1.155 1.007
386 L -1.639 -2.285 -3.461 -3.719 -0.249 -2.739 -3.404 -3.481 -2.412 1.906 4.193 -2.577 2.034 0.734 -3.703 -3.257 -1.679 -1.749 -1.155 1.007
387 I -1.373 -2.507 -3.028 -3.152 -0.255 -2.398 -3.269 -3.247 -2.105 4.029 1.739 -2.308 3.797 0.205 -3.513 -2.777 -1.164 -1.96 -1.225 2.262
388 G -0.009 -2.456 -0.539 -1.422 -1.419 -2.294 -2.721 5.9 -1.575 -3.314 -3.559 -1.75 -2.766 -2.777 -2.878 -1.101 -2.018 -2.539 -3.247 -2.963
389 A 2.245 -1.189 -0.399 -1.022 0.206 -1.079 -1.151 -0.368 -1.097 -1.006 -1.618 -0.729 -0.95 -1.885 -1.643 1.914 2.445 -2.486 -1.838 -0.328
390 Y -1.911 -1.876 -2.224 -3.121 -1.85 -1.882 -2.462 -3.031 2.006 -0.902 -1.009 -1.972 -0.781 3.25 -3.432 -2.536 -2.188 2.21 6.853 -1.078
391 S 0.969 -0.84 0.398 -0.347 -0.026 -0.669 -0.654 -0.205 -0.559 -2.01 -2.427 -0.384 -1.285 -2.042 -1.574 3.581 0.912 -2.648 -1.854 -1.391
392 N -1.759 -0.514 5.842 1.183 -1.945 -0.626 -0.824 -0.253 0.87 -2.811 -3.25 -0.394 -2.26 -2.473 -2.686 -0.217 -0.55 -3.065 -2.167 -2.659
393 P -0.935 -2.112 -2.032 -1.662 -1.556 -2.032 -1.721 -1.951 -1.706 -2.416 -2.849 -1.163 -2.502 -3.434 6.76 -1.551 -1.447 -4.648 -2.734 -2.26
394 Y -1.911 -1.876 -2.224 -3.121 -1.85 -1.882 -2.462 -3.031 2.006 -0.902 -1.009 -1.972 -0.781 3.25 -3.432 -2.536 -2.188 2.21 6.853 -1.078
395 L -1.88 -2.503 -3.284 -3.613 -0.602 -3.092 -3.462 -3.302 -1.828 1.437 3.394 -2.827 1.522 4.151 -3.958 -3.214 -1.919 -0.657 0.836 0.563
396 G -0.457 -2.398 -1.227 -2.005 -0.974 -2.435 -2.931 4.786 -1.828 -0.446 1.391 -2.0 -0.209 -1.094 -3.128 -1.658 -1.901 -2.251 -2.371 -0.983
397 G 0.679 -1.285 0.118 -0.663 -0.42 -1.116 -1.193 3.353 -0.859 -2.383 -2.758 -0.771 -1.7 -2.267 -1.947 2.682 0.223 -2.611 -2.248 -1.826
398 F -2.433 -2.995 -2.959 -3.413 -1.473 -3.963 -3.581 -2.973 -0.927 0.178 0.466 -3.403 0.103 6.663 -4.547 -3.129 -2.469 0.753 2.832 -0.606
399 D -1.876 -1.687 1.1 5.975 -2.471 -0.971 0.951 -1.222 -0.635 -2.824 -3.59 -0.928 -2.796 -3.018 -2.388 -1.051 -1.512 -3.63 -3.142 -2.963
400 F -0.817 -2.086 -1.371 -2.001 -0.906 -2.414 -2.25 -1.734 -0.799 -0.385 -0.218 -2.019 -0.29 5.562 -3.19 0.926 -0.867 -0.004 1.933 -0.845
401 L -1.639 -2.285 -3.461 -3.719 -0.249 -2.739 -3.404 -3.481 -2.412 1.906 4.193 -2.577 2.034 0.734 -3.703 -3.257 -1.679 -1.749 -1.155 1.007
402 I -1.761 -3.13 -3.221 -3.323 -0.602 -3.51 -3.716 -3.362 -2.038 3.877 1.253 -2.971 0.858 4.036 -3.885 -3.16 -1.544 -0.889 0.762 2.009
403 F -1.914 -2.629 -2.809 -3.269 -1.107 -2.917 -3.215 -3.181 0.101 2.45 0.533 -2.658 0.275 4.484 -3.821 -2.932 -1.888 0.759 4.453 0.903
404 L -1.584 -2.559 -3.428 -3.565 -0.249 -2.917 -3.526 -3.513 -2.539 3.198 3.554 -2.642 1.774 0.543 -3.67 -3.23 -1.501 -1.917 -1.229 1.717
405 G -0.009 -2.456 -0.539 -1.422 -1.419 -2.294 -2.721 5.9 -1.575 -3.314 -3.559 -1.75 -2.766 -2.777 -2.878 -1.101 -2.018 -2.539 -3.247 -2.963
406 L -1.705 -2.188 -2.931 -3.329 -0.609 -2.387 -3.102 -3.027 -1.396 1.286 2.635 -2.411 3.812 4.116 -3.821 -2.787 -1.714 -0.575 0.875 0.518
407 L -1.639 -2.285 -3.461 -3.719 -0.249 -2.739 -3.404 -3.481 -2.412 1.906 4.193 -2.577 2.034 0.734 -3.703 -3.257 -1.679 -1.749 -1.155 1.007
408 P -0.935 -2.112 -2.032 -1.662 -1.556 -2.032 -1.721 -1.951 -1.706 -2.416 -2.849 -1.163 -2.502 -3.434 6.76 -1.551 -1.447 -4.648 -2.734 -2.26
409 L -1.727 -2.142 -2.988 -3.506 -0.691 -2.424 -3.055 -3.323 -0.127 1.235 3.251 -2.361 1.362 1.833 -3.61 -2.996 -1.839 0.224 4.022 0.464
410 L -1.82 -2.799 -3.252 -3.465 -0.602 -3.294 -3.586 -3.332 -1.931 2.907 2.518 -2.898 1.209 4.094 -3.921 -3.187 -1.726 -0.771 0.799 1.375
411 G 2.274 -1.552 -0.502 -1.118 -0.173 -1.385 -1.469 3.404 -1.115 -1.924 -2.339 -0.973 -1.575 -2.232 -1.947 1.627 -0.3 -2.575 -2.248 -1.185
412 G 0.297 -1.417 -0.099 -0.925 -0.401 -1.312 -1.496 3.255 -1.176 -1.623 -2.215 -0.954 -1.43 -2.131 -2.025 1.683 2.302 -2.486 -2.229 -1.139
413 F -1.441 -0.05 -1.698 -2.152 -1.172 -0.891 -1.484 -2.286 -0.761 0.196 0.562 2.019 3.431 3.894 -3.003 -1.942 -1.536 -0.751 0.766 -0.352
414 R -1.459 3.384 -0.939 -1.719 -2.087 -0.043 -0.768 -2.16 0.751 -1.84 -1.764 2.681 -1.13 0.727 -2.593 -1.604 -1.611 -0.004 3.95 -1.763
415 T 2.029 -1.316 -0.662 -1.321 0.221 -1.272 -1.45 -0.742 -1.443 -0.511 -1.241 -0.909 -0.74 -1.766 -1.713 0.525 3.593 -2.366 -1.822 0.101
416 G 0.102 -0.475 -0.084 -0.703 -1.028 2.578 -0.249 3.245 -0.342 -2.503 -2.627 -0.101 -1.373 -2.593 -2.185 1.407 -0.46 -2.486 -2.059 -2.008
417 L -1.601 -0.195 -1.923 -2.338 -1.163 -1.29 -1.684 -2.496 -1.103 0.414 1.949 1.934 0.599 3.932 -3.106 -2.254 -1.729 -0.839 0.726 -0.292
418 D -1.525 -0.741 3.444 3.768 -2.297 0.057 2.551 -1.081 0.241 -2.833 -3.196 -0.18 -2.277 -2.724 -2.337 -0.696 -1.121 -3.023 -2.397 -2.603
419 R -1.423 2.868 -1.884 -2.532 -0.804 -0.968 -2.014 -2.776 -1.073 2.563 0.993 -0.087 3.564 -0.425 -3.23 -2.185 -1.284 -1.975 -1.37 1.12
420 P -1.255 -1.274 -1.448 -0.484 -1.945 -0.462 2.046 -2.304 0.578 -1.933 -2.085 -0.65 -1.623 0.666 3.806 -1.581 -1.656 -0.227 3.912 -1.802
421 A 3.417 -1.313 -0.85 -1.223 0.392 -1.146 -1.128 0.124 -1.037 -1.246 -1.718 -0.747 -1.073 -1.978 -1.574 1.863 0.04 -2.575 -1.854 -0.363
422 P -0.935 -2.112 -2.032 -1.662 -1.556 -2.032 -1.721 -1.951 -1.706 -2.416 -2.849 -1.163 -2.502 -3.434 6.76 -1.551 -1.447 -4.648 -2.734 -2.26
423 R 1.663 4.631 -0.908 -1.703 -1.02 -0.074 -0.885 -1.135 -0.374 -1.988 -1.871 1.24 -1.201 -2.348 -2.333 -0.744 -1.166 -2.4 -1.865 -1.276
424 R 2.406 3.824 -1.043 -1.668 -0.473 -0.3 -0.949 -0.657 -0.525 -1.628 -1.696 0.885 -1.086 -2.186 -2.068 -0.371 -0.935 -2.378 -1.807 -0.831
425 T -0.098 -1.078 -0.124 -1.0 0.136 -1.089 -1.363 -1.314 -1.399 -0.21 -1.043 -0.776 -0.517 -1.566 -1.673 0.719 4.201 -2.17 -1.692 0.244
426 A 3.883 -1.469 -1.648 -1.673 0.694 -1.306 -1.284 0.388 -1.197 -0.816 -1.307 -0.834 -0.859 -1.834 -1.461 0.469 -0.408 -2.426 -1.741 0.153
427 R 2.406 3.824 -1.043 -1.668 -0.473 -0.3 -0.949 -0.657 -0.525 -1.628 -1.696 0.885 -1.086 -2.186 -2.068 -0.371 -0.935 -2.378 -1.807 -0.831
428 C -0.069 -1.202 -0.701 -0.181 6.744 -0.385 2.078 -1.349 -0.794 -1.78 -2.041 -0.613 -1.424 -2.277 -2.197 1.317 -0.413 -2.8 -2.217 -1.292