#Seq2Logo.py -f /work3/idamei/ssn-clusterings/clustering/2205111253/clusters/0006_164/sequences.afa -o /work3/idamei/ssn-clusterings/clustering/2205111253/clusters/0006_164/sequences.logo
Last position-specific scoring matrix computed, values are in halfbits
A R N D C Q E G H I L K M F P S T W Y V
0 L -1.066 -1.369 -2.345 -2.799 -0.154 -1.037 -2.339 -2.569 -0.954 1.618 2.149 -1.438 5.537 0.482 -3.228 -2.002 -1.031 -1.292 -0.818 1.004
1 I -1.362 -3.086 -3.248 -3.166 -0.136 -3.195 -3.672 -3.465 -2.697 4.483 1.691 -2.664 1.286 0.232 -3.49 -3.062 -1.06 -2.17 -1.271 2.875
2 S 0.325 -1.283 -0.24 -0.944 -0.32 -1.298 -1.23 -0.756 -0.563 -0.971 -1.003 -0.974 -0.632 3.618 -2.157 2.204 0.271 -0.92 0.734 -0.992
3 N -1.645 -0.4 5.612 1.296 -1.832 -0.512 -0.711 -0.14 0.983 -2.698 -3.137 -0.281 -2.147 -2.36 -2.573 -0.104 -0.437 -2.952 -2.054 -2.546
4 L -1.073 -1.376 -2.353 -2.807 -0.161 -1.044 -2.346 -2.576 -0.961 1.61 2.142 -1.445 5.574 0.475 -3.235 -2.009 -1.039 -1.299 -0.825 0.997
5 Y -1.805 -1.77 -2.118 -3.015 -1.744 -1.776 -2.356 -2.925 2.112 -0.796 -0.903 -1.866 -0.675 3.356 -3.326 -2.43 -2.082 2.316 6.64 -0.972
6 Q -1.061 0.729 0.063 -0.489 -2.004 4.191 1.03 -1.525 4.621 -2.333 -2.123 0.846 -0.588 -2.265 -2.282 -0.933 -1.234 -1.977 -0.215 -2.045
7 F -2.327 -2.889 -2.853 -3.307 -1.367 -3.857 -3.475 -2.867 -0.821 0.284 0.572 -3.297 0.209 6.503 -4.441 -3.023 -2.363 0.859 2.938 -0.5
8 D -1.77 -1.581 1.206 5.822 -2.365 -0.865 1.057 -1.116 -0.529 -2.718 -3.484 -0.822 -2.69 -2.912 -2.282 -0.945 -1.406 -3.524 -3.036 -2.857
9 Y -1.805 -1.77 -2.118 -3.015 -1.744 -1.776 -2.356 -2.925 2.112 -0.796 -0.903 -1.866 -0.675 3.356 -3.326 -2.43 -2.082 2.316 6.64 -0.972
10 I -1.225 -2.116 -2.776 -2.991 -0.159 -1.933 -2.944 -2.996 -1.71 3.416 1.915 -2.001 4.19 0.346 -3.37 -2.498 -1.06 -1.712 -1.05 2.074
11 Y -1.812 -1.777 -2.126 -3.022 -1.752 -1.784 -2.363 -2.932 2.105 -0.804 -0.91 -1.873 -0.682 3.348 -3.333 -2.437 -2.089 2.309 6.655 -0.979
12 D -0.009 -0.983 2.065 3.602 -0.855 -0.674 0.139 -0.454 -0.264 -2.288 -2.816 -0.479 -1.79 -2.329 -1.884 1.91 0.131 -2.934 -2.217 -1.943
13 V -0.749 -2.777 -3.091 -3.173 0.105 -2.882 -3.263 -3.205 -2.811 3.871 1.334 -2.53 1.06 -0.074 -3.333 -2.653 -0.746 -2.284 -1.285 3.561
14 L -1.458 -2.607 -3.312 -3.392 -0.15 -2.911 -3.49 -3.43 -2.505 3.529 3.092 -2.577 1.734 0.542 -3.554 -3.117 -1.317 -1.905 -1.168 2.114
15 P -1.094 -2.506 -2.522 -2.26 -0.73 -2.501 -2.474 -2.552 -2.107 2.779 0.24 -1.76 -0.017 -1.043 4.747 -2.151 -1.208 -3.131 -1.882 1.327
16 F -1.816 -2.997 -3.054 -3.247 -0.698 -3.518 -3.583 -3.161 -1.619 3.118 1.174 -2.975 0.786 4.823 -3.938 -3.053 -1.651 -0.284 1.533 1.642
17 L 0.166 -1.401 -0.806 -1.438 0.027 -1.419 -1.584 -1.275 -1.288 0.9 1.876 -1.171 0.72 -0.421 -2.31 1.583 0.095 -2.16 -1.416 0.954
18 L -1.458 -2.607 -3.312 -3.392 -0.15 -2.911 -3.49 -3.43 -2.505 3.529 3.092 -2.577 1.734 0.542 -3.554 -3.117 -1.317 -1.905 -1.168 2.114
19 F -1.434 -2.836 -2.973 -3.243 -0.541 -3.331 -3.371 -3.035 -1.653 2.6 0.975 -2.891 0.662 4.795 -3.837 -2.836 -1.446 -0.31 1.533 2.192
20 V -0.413 -1.814 -1.253 -1.896 0.113 -1.857 -2.169 -2.117 -2.028 2.496 0.38 -1.531 0.372 -0.73 -2.394 -0.511 2.716 -2.234 -1.488 2.352
21 L -1.301 -1.757 -2.818 -3.189 -0.159 -1.738 -2.79 -2.955 -1.563 1.811 3.24 -1.92 4.367 0.656 -3.418 -2.531 -1.301 -1.473 -0.942 1.048
22 L -1.541 -2.186 -3.362 -3.62 -0.15 -2.64 -3.306 -3.383 -2.314 2.005 4.037 -2.478 2.132 0.833 -3.604 -3.158 -1.581 -1.65 -1.056 1.106
23 F -0.321 -1.84 -0.875 -1.564 -0.738 -2.016 -1.947 1.135 -0.754 -0.7 -0.597 -1.625 -0.523 4.656 -2.795 1.021 -0.585 -0.368 1.404 -1.007
24 L -1.458 -2.607 -3.312 -3.392 -0.15 -2.911 -3.49 -3.43 -2.505 3.529 3.092 -2.577 1.734 0.542 -3.554 -3.117 -1.317 -1.905 -1.168 2.114
25 S 1.068 -0.741 0.497 -0.249 0.072 -0.57 -0.555 -0.106 -0.46 -1.911 -2.328 -0.285 -1.187 -1.943 -1.475 3.262 1.011 -2.549 -1.756 -1.292
26 C -0.447 -3.339 -2.965 -3.419 9.68 -3.458 -3.925 -2.163 -2.95 -0.732 -1.061 -3.113 -1.079 -2.027 -3.207 -1.67 -1.317 -3.235 -2.796 -0.409
27 Y -1.404 -2.298 -2.603 -3.098 -0.758 -2.344 -2.863 -3.128 0.595 2.681 0.547 -2.215 0.388 2.153 -3.375 -2.639 -1.437 0.852 4.833 1.835
28 N -1.66 -0.415 5.643 1.281 -1.846 -0.527 -0.725 -0.155 0.968 -2.712 -3.152 -0.296 -2.161 -2.374 -2.588 -0.118 -0.451 -2.966 -2.069 -2.56
29 G -0.332 0.653 -0.353 -1.007 -1.63 -0.32 -0.796 4.042 -0.794 -2.618 -2.786 2.815 -1.856 -2.741 -2.182 -0.941 -1.47 -2.494 -2.389 -2.399
30 K -0.826 2.094 -0.268 -0.722 -1.977 0.807 0.313 -1.342 -0.243 -2.123 -2.24 4.49 -1.224 -2.806 -1.687 -0.881 -1.082 -2.549 -1.789 -1.999
31 L 2.323 -1.814 -2.389 -2.495 0.295 -1.905 -2.131 -0.932 -1.71 0.922 2.456 -1.55 1.004 -0.207 -2.348 -0.82 -0.944 -2.018 -1.385 0.663
32 N -1.66 -0.415 5.643 1.281 -1.846 -0.527 -0.725 -0.155 0.968 -2.712 -3.152 -0.296 -2.161 -2.374 -2.588 -0.118 -0.451 -2.966 -2.069 -2.56
33 G -0.122 -1.343 -0.273 -0.642 -0.597 -0.965 0.154 3.345 -1.136 -1.316 -1.95 -0.831 -1.321 -2.07 -2.077 -0.005 2.585 -2.303 -2.196 -0.869
34 L -1.564 -2.585 -3.258 -3.41 -0.278 -2.978 -3.465 -3.349 -2.212 3.108 3.021 -2.645 1.637 2.361 -3.658 -3.111 -1.462 -1.352 -0.203 1.773
35 C -1.239 -3.109 -2.912 -3.366 7.741 -3.654 -3.695 -2.497 -1.698 -0.184 -0.135 -3.207 -0.368 4.66 -3.761 -2.271 -1.796 -0.521 1.302 -0.458
36 L -1.91 -2.52 -3.1 -3.463 -0.698 -3.188 -3.393 -3.117 -1.476 1.268 2.795 -2.862 1.326 4.892 -3.996 -3.094 -1.949 -0.136 1.577 0.411
37 F -1.023 -2.592 -2.953 -3.274 -0.259 -3.01 -3.153 -2.974 -1.889 2.13 1.456 -2.711 0.825 4.133 -3.645 -2.647 -1.178 -0.669 1.057 2.742
38 V -0.749 -2.777 -3.091 -3.173 0.105 -2.882 -3.263 -3.205 -2.811 3.871 1.334 -2.53 1.06 -0.074 -3.333 -2.653 -0.746 -2.284 -1.285 3.561
39 I 1.827 -2.318 -2.52 -2.526 0.248 -2.287 -2.474 -1.372 -2.074 3.203 0.767 -1.823 0.575 -0.483 -2.538 -1.165 -0.734 -2.303 -1.453 2.356
40 A 2.831 -1.089 -0.385 -0.879 0.392 -0.921 -0.903 0.144 -0.811 -1.32 -1.781 -0.553 -1.026 -1.895 -1.475 2.187 0.383 -2.494 -1.756 -0.489
41 T -0.692 -1.837 -1.303 -1.932 -0.011 -1.917 -2.276 -2.2 -1.948 2.655 1.215 -1.565 0.667 -0.434 -2.463 -0.61 2.653 -2.112 -1.456 1.59
42 F -1.26 -2.759 -2.934 -3.24 -0.465 -3.242 -3.27 -2.974 -1.67 2.302 0.87 -2.85 0.599 4.78 -3.788 -2.733 -1.348 -0.322 1.533 2.431
43 V -0.234 -2.486 -2.929 -3.164 0.34 -2.587 -2.894 -2.955 -2.915 3.03 0.945 -2.388 0.832 -0.398 -3.171 -2.284 -0.451 -2.387 -1.285 4.125
44 F -2.062 -2.283 -2.47 -3.164 -1.557 -2.64 -2.869 -2.903 0.996 -0.213 -0.079 -2.501 -0.207 5.346 -3.837 -2.719 -2.227 1.671 5.356 -0.734
45 F -1.101 -2.59 -1.743 -2.427 -1.171 -2.978 -3.109 3.2 -1.216 -0.229 0.592 -2.478 -0.158 4.699 -3.612 -2.108 -2.088 -0.294 1.344 -0.862
46 I -1.377 -3.101 -3.263 -3.181 -0.15 -3.209 -3.687 -3.479 -2.711 4.521 1.677 -2.679 1.271 0.218 -3.505 -3.076 -1.075 -2.185 -1.285 2.86
47 V -0.749 -2.777 -3.091 -3.173 0.105 -2.882 -3.263 -3.205 -2.811 3.871 1.334 -2.53 1.06 -0.074 -3.333 -2.653 -0.746 -2.284 -1.285 3.561
48 S 1.068 -0.741 0.497 -0.249 0.072 -0.57 -0.555 -0.106 -0.46 -1.911 -2.328 -0.285 -1.187 -1.943 -1.475 3.262 1.011 -2.549 -1.756 -1.292
49 L 0.049 -1.374 -0.83 -1.468 -0.037 -1.423 -1.614 -1.302 -1.24 0.666 2.339 -1.178 0.926 -0.233 -2.348 1.558 -0.003 -2.065 -1.385 0.149
50 R -1.534 5.51 -0.462 -1.564 -2.259 0.518 -0.561 -2.128 0.098 -2.612 -2.028 2.018 -1.224 -2.472 -2.704 -1.406 -1.454 -2.234 -1.772 -2.162
51 G 0.09 -2.358 -0.44 -1.323 -1.32 -2.195 -2.622 5.809 -1.476 -3.215 -3.461 -1.651 -2.667 -2.678 -2.779 -1.002 -1.919 -2.44 -3.148 -2.864
52 L -1.458 -2.607 -3.312 -3.392 -0.15 -2.911 -3.49 -3.43 -2.505 3.529 3.092 -2.577 1.734 0.542 -3.554 -3.117 -1.317 -1.905 -1.168 2.114
53 G -0.686 -1.095 3.982 0.287 -1.327 -1.125 -1.391 3.498 0.002 -2.408 -2.889 -0.8 -2.063 -2.368 -2.526 -0.29 0.44 -2.655 -2.374 -2.117
54 V -0.234 -2.486 -2.929 -3.164 0.34 -2.587 -2.894 -2.955 -2.915 3.03 0.945 -2.388 0.832 -0.398 -3.171 -2.284 -0.451 -2.387 -1.285 4.125
55 D -1.777 -1.588 1.199 5.833 -2.372 -0.872 1.05 -1.124 -0.536 -2.725 -3.491 -0.829 -2.698 -2.92 -2.289 -0.952 -1.413 -3.531 -3.043 -2.864
56 R -1.534 5.51 -0.462 -1.564 -2.259 0.518 -0.561 -2.128 0.098 -2.612 -2.028 2.018 -1.224 -2.472 -2.704 -1.406 -1.454 -2.234 -1.772 -2.162
57 D -1.777 -1.588 1.199 5.833 -2.372 -0.872 1.05 -1.124 -0.536 -2.725 -3.491 -0.829 -2.698 -2.92 -2.289 -0.952 -1.413 -3.531 -3.043 -2.864
58 A 2.831 -1.089 -0.385 -0.879 0.392 -0.921 -0.903 0.144 -0.811 -1.32 -1.781 -0.553 -1.026 -1.895 -1.475 2.187 0.383 -2.494 -1.756 -0.489
59 L 0.049 -1.374 -0.83 -1.468 -0.037 -1.423 -1.614 -1.302 -1.24 0.666 2.339 -1.178 0.926 -0.233 -2.348 1.558 -0.003 -2.065 -1.385 0.149
60 V -0.172 -1.706 -1.209 -1.894 0.233 -1.751 -2.037 -2.029 -2.067 1.839 0.114 -1.48 0.23 -0.929 -2.335 -0.419 2.762 -2.284 -1.488 2.79
61 Y -1.812 -1.777 -2.126 -3.022 -1.752 -1.784 -2.363 -2.932 2.105 -0.804 -0.91 -1.873 -0.682 3.348 -3.333 -2.437 -2.089 2.309 6.655 -0.979
62 F -2.018 -1.562 -1.091 -2.171 -1.748 -1.712 -1.887 -2.381 5.458 -0.665 -0.463 -1.932 -0.379 4.897 -3.562 -2.333 -2.28 0.469 3.448 -1.291
63 S 1.068 -0.741 0.497 -0.249 0.072 -0.57 -0.555 -0.106 -0.46 -1.911 -2.328 -0.285 -1.187 -1.943 -1.475 3.262 1.011 -2.549 -1.756 -1.292
64 V -0.234 -2.486 -2.929 -3.164 0.34 -2.587 -2.894 -2.955 -2.915 3.03 0.945 -2.388 0.832 -0.398 -3.171 -2.284 -0.451 -2.387 -1.285 4.125
65 F -2.334 -2.896 -2.86 -3.314 -1.374 -3.864 -3.482 -2.875 -0.828 0.277 0.565 -3.304 0.201 6.515 -4.448 -3.031 -2.371 0.852 2.931 -0.507
66 N -1.66 -0.415 5.643 1.281 -1.846 -0.527 -0.725 -0.155 0.968 -2.712 -3.152 -0.296 -2.161 -2.374 -2.588 -0.118 -0.451 -2.966 -2.069 -2.56
67 Q 1.217 0.062 -0.585 -0.978 -0.752 3.211 0.328 -1.036 3.033 -0.557 -1.318 0.276 -0.412 -1.926 -2.136 -0.62 -0.879 -2.166 -0.795 0.268
68 I -0.91 -2.734 -3.145 -3.226 0.043 -2.889 -3.318 -3.26 -2.732 3.789 1.884 -2.541 1.244 0.093 -3.387 -2.762 -0.879 -2.185 -1.255 3.262
69 K -1.079 3.808 -0.316 -0.956 -2.071 1.678 0.192 -1.631 0.031 -2.312 -2.127 3.459 -1.107 -2.694 -2.089 -1.05 -1.202 -2.381 -1.715 -2.031
70 N -1.266 -0.265 3.985 1.402 -2.115 0.559 2.932 -0.915 0.695 -2.738 -2.918 0.231 -1.95 -2.489 -2.213 -0.435 -0.845 -2.662 -1.987 -2.339
71 V -0.749 -2.777 -3.091 -3.173 0.105 -2.882 -3.263 -3.205 -2.811 3.871 1.334 -2.53 1.06 -0.074 -3.333 -2.653 -0.746 -2.284 -1.285 3.561
72 G -0.066 -1.976 -0.755 -1.248 -1.152 -1.842 -1.896 4.044 -1.374 -2.669 -3.021 -1.222 -2.341 -2.796 4.029 -0.096 -1.157 -3.081 -2.744 -2.353
73 F -2.334 -2.896 -2.86 -3.314 -1.374 -3.864 -3.482 -2.875 -0.828 0.277 0.565 -3.304 0.201 6.515 -4.448 -3.031 -2.371 0.852 2.931 -0.507
74 G -0.528 -1.451 0.086 2.786 -1.806 -0.583 1.611 4.029 -0.666 -2.97 -3.259 -0.696 -2.417 -2.719 -2.408 -0.936 -1.624 -2.662 -2.761 -2.664
75 E -0.91 0.205 -0.275 1.151 -2.278 2.705 3.975 -1.825 0.491 -2.624 -2.508 0.823 -1.352 -2.692 -1.947 -0.782 -1.216 -2.335 -1.739 -2.043
76 L -1.283 -2.536 -3.268 -3.39 -0.084 -2.834 -3.385 -3.361 -2.528 3.316 3.042 -2.54 1.69 0.479 -3.51 -3.004 -1.223 -1.927 -1.168 2.36
77 I 0.097 -1.686 -0.809 -1.357 -0.037 -1.598 -1.715 -1.326 -1.371 2.816 0.32 -1.24 0.296 -0.665 -2.315 1.566 0.153 -2.361 -1.511 1.474
78 A 2.425 0.646 -0.854 -1.108 -0.348 1.153 -0.181 -0.37 -0.515 -1.416 -1.717 2.455 -0.934 -2.303 -1.631 -0.124 -0.721 -2.447 -1.704 -0.719
79 Y 1.11 -1.858 -2.176 -2.657 -0.401 -1.834 -2.169 -1.697 0.74 0.713 -0.402 -1.69 -0.263 1.92 -2.712 -1.376 -1.146 0.822 4.82 1.467
80 S 1.068 -0.741 0.497 -0.249 0.072 -0.57 -0.555 -0.106 -0.46 -1.911 -2.328 -0.285 -1.187 -1.943 -1.475 3.262 1.011 -2.549 -1.756 -1.292
81 S 1.068 -0.741 0.497 -0.249 0.072 -0.57 -0.555 -0.106 -0.46 -1.911 -2.328 -0.285 -1.187 -1.943 -1.475 3.262 1.011 -2.549 -1.756 -1.292
82 S 0.43 -1.177 -0.5 -0.66 -0.032 -0.782 0.387 -1.112 -1.004 0.924 -0.671 -0.736 -0.305 -1.323 -2.059 1.718 0.302 -2.467 -1.587 1.92
83 I -1.338 -2.821 -3.133 -3.132 -0.152 -2.834 -3.482 -3.351 -2.426 4.282 1.738 -2.494 2.318 0.25 -3.47 -2.921 -1.071 -2.059 -1.224 2.683
84 G 0.09 -2.358 -0.44 -1.323 -1.32 -2.195 -2.622 5.809 -1.476 -3.215 -3.461 -1.651 -2.667 -2.678 -2.779 -1.002 -1.919 -2.44 -3.148 -2.864
85 Q -0.883 1.007 -0.093 -0.357 -1.911 4.883 1.392 -1.479 0.769 -2.24 -1.991 1.222 -0.403 -2.959 -2.151 -0.755 -0.975 -2.185 -1.285 -1.787
86 E -0.919 -0.122 -0.338 1.518 -2.411 1.346 4.494 -1.95 0.392 -2.764 -2.703 0.677 -1.754 -2.608 -1.882 -0.791 -1.301 -2.387 -1.908 -2.134
87 V -0.749 -2.777 -3.091 -3.173 0.105 -2.882 -3.263 -3.205 -2.811 3.871 1.334 -2.53 1.06 -0.074 -3.333 -2.653 -0.746 -2.284 -1.285 3.561
88 G 0.09 -2.358 -0.44 -1.323 -1.32 -2.195 -2.622 5.809 -1.476 -3.215 -3.461 -1.651 -2.667 -2.678 -2.779 -1.002 -1.919 -2.44 -3.148 -2.864
89 F -2.334 -2.896 -2.86 -3.314 -1.374 -3.864 -3.482 -2.875 -0.828 0.277 0.565 -3.304 0.201 6.515 -4.448 -3.031 -2.371 0.852 2.931 -0.507
90 L -0.814 -2.332 -3.138 -3.383 0.105 -2.614 -3.092 -3.161 -2.599 2.562 2.887 -2.433 1.555 0.282 -3.38 -2.688 -0.961 -1.995 -1.168 2.993
91 F -0.507 -1.822 -1.155 -1.787 -0.595 -2.065 -2.008 -1.548 -0.826 -0.017 0.717 -1.716 0.131 4.723 -2.886 0.926 -0.557 -0.313 1.482 -0.495
92 F -2.011 -2.609 -3.038 -3.425 -0.853 -3.343 -3.415 -3.055 -1.3 1.05 2.378 -2.966 1.083 5.39 -4.102 -3.078 -2.048 0.144 1.98 0.207
93 E -0.998 -0.684 -1.176 0.098 -1.077 0.39 2.751 -2.249 -0.208 0.177 0.63 -0.196 3.827 -0.678 -2.482 -1.339 -1.171 -1.796 -1.32 -0.169
94 K -0.826 2.094 -0.268 -0.722 -1.977 0.807 0.313 -1.342 -0.243 -2.123 -2.24 4.49 -1.224 -2.806 -1.687 -0.881 -1.082 -2.549 -1.789 -1.999
95 L -0.723 -1.669 -1.316 -1.999 -0.011 -1.819 -2.214 -2.185 -1.868 1.717 2.127 -1.53 0.961 -0.227 -2.481 -0.619 2.621 -1.973 -1.394 1.029
96 A 3.918 -1.484 -1.662 -1.687 0.68 -1.32 -1.298 0.374 -1.211 -0.83 -1.321 -0.849 -0.874 -1.848 -1.475 0.455 -0.422 -2.44 -1.756 0.139
97 S 0.839 -0.698 1.887 -0.007 -0.108 -0.564 -0.576 -0.112 -0.238 -2.0 -2.419 -0.286 -1.292 -1.994 -1.593 3.002 0.864 -2.598 -1.793 -1.424
98 F -1.619 -2.915 -3.014 -3.245 -0.618 -3.423 -3.475 -3.097 -1.636 2.871 1.076 -2.933 0.725 4.809 -3.887 -2.942 -1.546 -0.297 1.533 1.93
99 C -0.875 -3.217 -3.11 -3.297 7.774 -3.331 -3.803 -2.747 -2.828 2.954 0.621 -2.888 0.329 -0.692 -3.352 -2.288 -1.193 -2.662 -1.943 1.666
100 G 0.09 -2.358 -0.44 -1.323 -1.32 -2.195 -2.622 5.809 -1.476 -3.215 -3.461 -1.651 -2.667 -2.678 -2.779 -1.002 -1.919 -2.44 -3.148 -2.864
101 L -1.541 -2.186 -3.362 -3.62 -0.15 -2.64 -3.306 -3.383 -2.314 2.005 4.037 -2.478 2.132 0.833 -3.604 -3.158 -1.581 -1.65 -1.056 1.106
102 D -1.732 -1.091 3.694 4.814 -2.164 -0.738 0.504 -0.721 0.123 -2.72 -3.359 -0.617 -2.485 -2.703 -2.398 -0.61 -1.014 -3.306 -2.638 -2.747
103 F -2.334 -2.896 -2.86 -3.314 -1.374 -3.864 -3.482 -2.875 -0.828 0.277 0.565 -3.304 0.201 6.515 -4.448 -3.031 -2.371 0.852 2.931 -0.507
104 F -2.062 -2.283 -2.47 -3.164 -1.557 -2.64 -2.869 -2.903 0.996 -0.213 -0.079 -2.501 -0.207 5.346 -3.837 -2.719 -2.227 1.671 5.356 -0.734
105 E -0.919 -0.122 -0.338 1.518 -2.411 1.346 4.494 -1.95 0.392 -2.764 -2.703 0.677 -1.754 -2.608 -1.882 -0.791 -1.301 -2.387 -1.908 -2.134
106 F -2.334 -2.896 -2.86 -3.314 -1.374 -3.864 -3.482 -2.875 -0.828 0.277 0.565 -3.304 0.201 6.515 -4.448 -3.031 -2.371 0.852 2.931 -0.507
107 R -1.534 5.51 -0.462 -1.564 -2.259 0.518 -0.561 -2.128 0.098 -2.612 -2.028 2.018 -1.224 -2.472 -2.704 -1.406 -1.454 -2.234 -1.772 -2.162
108 F -2.334 -2.896 -2.86 -3.314 -1.374 -3.864 -3.482 -2.875 -0.828 0.277 0.565 -3.304 0.201 6.515 -4.448 -3.031 -2.371 0.852 2.931 -0.507
109 V 1.469 -2.201 -2.557 -2.719 0.429 -2.215 -2.405 -1.705 -2.386 2.441 0.523 -1.92 0.49 -0.698 -2.645 -1.322 -0.444 -2.4 -1.396 3.527
110 F -2.334 -2.896 -2.86 -3.314 -1.374 -3.864 -3.482 -2.875 -0.828 0.277 0.565 -3.304 0.201 6.515 -4.448 -3.031 -2.371 0.852 2.931 -0.507
111 N -1.66 -0.415 5.643 1.281 -1.846 -0.527 -0.725 -0.155 0.968 -2.712 -3.152 -0.296 -2.161 -2.374 -2.588 -0.118 -0.451 -2.966 -2.069 -2.56
112 L -1.629 -2.266 -3.295 -3.58 -0.278 -2.768 -3.327 -3.314 -2.08 1.838 3.773 -2.569 1.951 2.481 -3.697 -3.142 -1.668 -1.191 -0.142 0.947
113 L -0.814 -2.332 -3.138 -3.383 0.105 -2.614 -3.092 -3.161 -2.599 2.562 2.887 -2.433 1.555 0.282 -3.38 -2.688 -0.961 -1.995 -1.168 2.993
114 C -0.447 -3.339 -2.965 -3.419 9.68 -3.458 -3.925 -2.163 -2.95 -0.732 -1.061 -3.113 -1.079 -2.027 -3.207 -1.67 -1.317 -3.235 -2.796 -0.409
115 L -1.341 -2.222 -3.305 -3.559 -0.084 -2.634 -3.251 -3.326 -2.382 2.155 3.79 -2.467 1.998 0.705 -3.547 -3.033 -1.413 -1.733 -1.084 1.705
116 F -1.816 -2.997 -3.054 -3.247 -0.698 -3.518 -3.583 -3.161 -1.619 3.118 1.174 -2.975 0.786 4.823 -3.938 -3.053 -1.651 -0.284 1.533 1.642
117 A 2.831 -1.089 -0.385 -0.879 0.392 -0.921 -0.903 0.144 -0.811 -1.32 -1.781 -0.553 -1.026 -1.895 -1.475 2.187 0.383 -2.494 -1.756 -0.489
118 L -1.458 -2.607 -3.312 -3.392 -0.15 -2.911 -3.49 -3.43 -2.505 3.529 3.092 -2.577 1.734 0.542 -3.554 -3.117 -1.317 -1.905 -1.168 2.114
119 L -1.91 -2.52 -3.1 -3.463 -0.698 -3.188 -3.393 -3.117 -1.476 1.268 2.795 -2.862 1.326 4.892 -3.996 -3.094 -1.949 -0.136 1.577 0.411
120 F -2.062 -2.283 -2.47 -3.164 -1.557 -2.64 -2.869 -2.903 0.996 -0.213 -0.079 -2.501 -0.207 5.346 -3.837 -2.719 -2.227 1.671 5.356 -0.734
121 I -1.377 -3.101 -3.263 -3.181 -0.15 -3.209 -3.687 -3.479 -2.711 4.521 1.677 -2.679 1.271 0.218 -3.505 -3.076 -1.075 -2.185 -1.285 2.86
122 I -1.397 -2.969 -3.275 -3.232 -0.15 -3.132 -3.636 -3.467 -2.658 4.303 2.101 -2.653 1.394 0.302 -3.517 -3.087 -1.133 -2.112 -1.255 2.691
123 F -2.334 -2.896 -2.86 -3.314 -1.374 -3.864 -3.482 -2.875 -0.828 0.277 0.565 -3.304 0.201 6.515 -4.448 -3.031 -2.371 0.852 2.931 -0.507
124 E -0.919 -0.122 -0.338 1.518 -2.411 1.346 4.494 -1.95 0.392 -2.764 -2.703 0.677 -1.754 -2.608 -1.882 -0.791 -1.301 -2.387 -1.908 -2.134
125 Y -1.812 -1.777 -2.126 -3.022 -1.752 -1.784 -2.363 -2.932 2.105 -0.804 -0.91 -1.873 -0.682 3.348 -3.333 -2.437 -2.089 2.309 6.655 -0.979
126 V -0.749 -2.777 -3.091 -3.173 0.105 -2.882 -3.263 -3.205 -2.811 3.871 1.334 -2.53 1.06 -0.074 -3.333 -2.653 -0.746 -2.284 -1.285 3.561
127 P -0.836 -2.014 -1.934 -1.564 -1.457 -1.933 -1.622 -1.852 -1.608 -2.318 -2.75 -1.064 -2.403 -3.336 6.663 -1.452 -1.348 -4.549 -2.636 -2.162
128 G 0.62 -1.438 0.066 -0.736 -0.541 -1.27 -1.407 4.159 -0.924 -2.49 -2.839 -0.888 -1.833 -2.287 -2.054 1.855 -0.097 -2.494 -2.369 -1.973
129 R -1.159 4.281 -0.363 -1.112 -2.115 0.666 -0.091 -1.708 -0.067 -2.357 -2.132 3.511 -1.224 -2.634 -2.151 -1.132 -1.262 -2.387 -1.78 -2.079
130 F -2.334 -2.896 -2.86 -3.314 -1.374 -3.864 -3.482 -2.875 -0.828 0.277 0.565 -3.304 0.201 6.515 -4.448 -3.031 -2.371 0.852 2.931 -0.507
131 R -1.534 5.51 -0.462 -1.564 -2.259 0.518 -0.561 -2.128 0.098 -2.612 -2.028 2.018 -1.224 -2.472 -2.704 -1.406 -1.454 -2.234 -1.772 -2.162
132 I -1.377 -3.101 -3.263 -3.181 -0.15 -3.209 -3.687 -3.479 -2.711 4.521 1.677 -2.679 1.271 0.218 -3.505 -3.076 -1.075 -2.185 -1.285 2.86
133 I -1.377 -3.101 -3.263 -3.181 -0.15 -3.209 -3.687 -3.479 -2.711 4.521 1.677 -2.679 1.271 0.218 -3.505 -3.076 -1.075 -2.185 -1.285 2.86
134 V 0.49 -1.484 -0.735 -1.353 0.209 -1.406 -1.494 -1.193 -1.434 1.508 -0.25 -1.149 -0.005 -1.069 -2.2 1.656 0.372 -2.467 -1.511 2.536
135 Y -1.812 -1.777 -2.126 -3.022 -1.752 -1.784 -2.363 -2.932 2.105 -0.804 -0.91 -1.873 -0.682 3.348 -3.333 -2.437 -2.089 2.309 6.655 -0.979
136 L -1.91 -2.52 -3.1 -3.463 -0.698 -3.188 -3.393 -3.117 -1.476 1.268 2.795 -2.862 1.326 4.892 -3.996 -3.094 -1.949 -0.136 1.577 0.411
137 I -0.676 -1.925 -1.297 -1.899 -0.011 -1.968 -2.307 -2.208 -1.99 3.03 0.622 -1.583 0.508 -0.543 -2.455 -0.606 2.669 -2.185 -1.488 1.835
138 Y -1.812 -1.777 -2.126 -3.022 -1.752 -1.784 -2.363 -2.932 2.105 -0.804 -0.91 -1.873 -0.682 3.348 -3.333 -2.437 -2.089 2.309 6.655 -0.979
139 V -0.234 -2.486 -2.929 -3.164 0.34 -2.587 -2.894 -2.955 -2.915 3.03 0.945 -2.388 0.832 -0.398 -3.171 -2.284 -0.451 -2.387 -1.285 4.125
140 T 0.538 -0.911 0.197 -0.606 0.097 -0.824 -0.937 -0.653 -0.897 -0.946 -1.623 -0.527 -0.841 -1.756 -1.579 2.258 3.059 -2.361 -1.731 -0.432
141 L -1.08 -1.383 -2.36 -2.814 -0.168 -1.051 -2.353 -2.583 -0.968 1.603 2.135 -1.452 5.611 0.468 -3.242 -2.016 -1.046 -1.306 -0.832 0.99
142 F -2.334 -2.896 -2.86 -3.314 -1.374 -3.864 -3.482 -2.875 -0.828 0.277 0.565 -3.304 0.201 6.515 -4.448 -3.031 -2.371 0.852 2.931 -0.507
143 L -1.118 -2.467 -3.224 -3.388 -0.02 -2.758 -3.284 -3.293 -2.552 3.086 2.991 -2.504 1.646 0.415 -3.466 -2.895 -1.133 -1.95 -1.168 2.587
144 L -1.541 -2.186 -3.362 -3.62 -0.15 -2.64 -3.306 -3.383 -2.314 2.005 4.037 -2.478 2.132 0.833 -3.604 -3.158 -1.581 -1.65 -1.056 1.106
145 F -2.334 -2.896 -2.86 -3.314 -1.374 -3.864 -3.482 -2.875 -0.828 0.277 0.565 -3.304 0.201 6.515 -4.448 -3.031 -2.371 0.852 2.931 -0.507
146 R -1.534 5.51 -0.462 -1.564 -2.259 0.518 -0.561 -2.128 0.098 -2.612 -2.028 2.018 -1.224 -2.472 -2.704 -1.406 -1.454 -2.234 -1.772 -2.162
147 D -1.777 -1.588 1.199 5.833 -2.372 -0.872 1.05 -1.124 -0.536 -2.725 -3.491 -0.829 -2.698 -2.92 -2.289 -0.952 -1.413 -3.531 -3.043 -2.864
148 F -2.334 -2.896 -2.86 -3.314 -1.374 -3.864 -3.482 -2.875 -0.828 0.277 0.565 -3.304 0.201 6.515 -4.448 -3.031 -2.371 0.852 2.931 -0.507
149 T -0.112 -1.093 -0.139 -1.014 0.122 -1.103 -1.378 -1.329 -1.413 -0.224 -1.057 -0.791 -0.532 -1.58 -1.687 0.705 4.245 -2.185 -1.706 0.229
150 Q -0.883 1.007 -0.093 -0.357 -1.911 4.883 1.392 -1.479 0.769 -2.24 -1.991 1.222 -0.403 -2.959 -2.151 -0.755 -0.975 -2.185 -1.285 -1.787
151 I -1.377 -3.101 -3.263 -3.181 -0.15 -3.209 -3.687 -3.479 -2.711 4.521 1.677 -2.679 1.271 0.218 -3.505 -3.076 -1.075 -2.185 -1.285 2.86
152 R -1.534 5.51 -0.462 -1.564 -2.259 0.518 -0.561 -2.128 0.098 -2.612 -2.028 2.018 -1.224 -2.472 -2.704 -1.406 -1.454 -2.234 -1.772 -2.162
153 L -1.673 -1.975 -2.678 -3.306 -0.841 -2.18 -2.796 -3.148 0.67 0.93 2.515 -2.16 1.056 2.356 -3.466 -2.775 -1.824 0.961 4.848 0.248
154 C -0.275 -2.002 -1.219 -1.973 7.783 -2.047 -2.379 -1.716 -2.08 -0.467 -1.059 -1.724 -0.792 -1.795 -2.348 -0.245 2.637 -2.662 -2.2 -0.072
155 L -1.91 -2.52 -3.1 -3.463 -0.698 -3.188 -3.393 -3.117 -1.476 1.268 2.795 -2.862 1.326 4.892 -3.996 -3.094 -1.949 -0.136 1.577 0.411
156 A 3.918 -1.484 -1.662 -1.687 0.68 -1.32 -1.298 0.374 -1.211 -0.83 -1.321 -0.849 -0.874 -1.848 -1.475 0.455 -0.422 -2.44 -1.756 0.139
157 C -0.447 -3.339 -2.965 -3.419 9.68 -3.458 -3.925 -2.163 -2.95 -0.732 -1.061 -3.113 -1.079 -2.027 -3.207 -1.67 -1.317 -3.235 -2.796 -0.409
158 L -1.541 -2.186 -3.362 -3.62 -0.15 -2.64 -3.306 -3.383 -2.314 2.005 4.037 -2.478 2.132 0.833 -3.604 -3.158 -1.581 -1.65 -1.056 1.106
159 L -1.541 -2.186 -3.362 -3.62 -0.15 -2.64 -3.306 -3.383 -2.314 2.005 4.037 -2.478 2.132 0.833 -3.604 -3.158 -1.581 -1.65 -1.056 1.106
160 S 1.068 -0.741 0.497 -0.249 0.072 -0.57 -0.555 -0.106 -0.46 -1.911 -2.328 -0.285 -1.187 -1.943 -1.475 3.262 1.011 -2.549 -1.756 -1.292
161 L 2.323 -1.814 -2.389 -2.495 0.295 -1.905 -2.131 -0.932 -1.71 0.922 2.456 -1.55 1.004 -0.207 -2.348 -0.82 -0.944 -2.018 -1.385 0.663
162 I -1.377 -3.101 -3.263 -3.181 -0.15 -3.209 -3.687 -3.479 -2.711 4.521 1.677 -2.679 1.271 0.218 -3.505 -3.076 -1.075 -2.185 -1.285 2.86
163 S 1.068 -0.741 0.497 -0.249 0.072 -0.57 -0.555 -0.106 -0.46 -1.911 -2.328 -0.285 -1.187 -1.943 -1.475 3.262 1.011 -2.549 -1.756 -1.292
164 I -1.377 -3.101 -3.263 -3.181 -0.15 -3.209 -3.687 -3.479 -2.711 4.521 1.677 -2.679 1.271 0.218 -3.505 -3.076 -1.075 -2.185 -1.285 2.86
165 L -1.458 -2.607 -3.312 -3.392 -0.15 -2.911 -3.49 -3.43 -2.505 3.529 3.092 -2.577 1.734 0.542 -3.554 -3.117 -1.317 -1.905 -1.168 2.114
166 K -0.826 2.094 -0.268 -0.722 -1.977 0.807 0.313 -1.342 -0.243 -2.123 -2.24 4.49 -1.224 -2.806 -1.687 -0.881 -1.082 -2.549 -1.789 -1.999
167 F -1.64 -2.042 -2.599 -3.053 -0.709 -2.128 -2.863 -2.725 -0.897 1.015 1.455 -2.232 4.023 4.849 -3.783 -2.479 -1.633 -0.03 1.624 0.337
168 L -1.478 -2.496 -3.325 -3.447 -0.15 -2.841 -3.443 -3.418 -2.456 3.217 3.359 -2.552 1.839 0.617 -3.567 -3.127 -1.38 -1.839 -1.14 1.893
169 E -1.111 -0.424 0.129 3.317 -2.401 0.931 3.942 -1.72 0.187 -2.754 -2.881 0.367 -1.962 -2.683 -1.978 -0.83 -1.328 -2.634 -2.153 -2.3
170 L -1.6 -1.167 3.767 -0.234 -0.875 -1.394 -1.736 -1.339 -0.229 0.519 2.267 -1.185 0.72 -0.346 -3.051 -1.255 -0.961 -2.234 -1.518 -0.18
171 K -0.826 2.094 -0.268 -0.722 -1.977 0.807 0.313 -1.342 -0.243 -2.123 -2.24 4.49 -1.224 -2.806 -1.687 -0.881 -1.082 -2.549 -1.789 -1.999
172 P -1.283 -1.893 -2.028 -2.202 -1.601 -1.857 -1.969 -2.342 0.808 -1.462 -1.686 -1.44 -1.416 1.62 4.752 -1.903 -1.695 0.565 4.768 -1.51
173 Y -1.277 0.764 -1.05 -1.649 -1.862 -0.207 -0.725 -2.029 1.163 -1.388 -1.499 2.792 -0.94 1.671 -2.394 -1.556 -1.542 0.8 4.806 -1.444
174 K -0.826 2.094 -0.268 -0.722 -1.977 0.807 0.313 -1.342 -0.243 -2.123 -2.24 4.49 -1.224 -2.806 -1.687 -0.881 -1.082 -2.549 -1.789 -1.999
175 S 1.068 -0.741 0.497 -0.249 0.072 -0.57 -0.555 -0.106 -0.46 -1.911 -2.328 -0.285 -1.187 -1.943 -1.475 3.262 1.011 -2.549 -1.756 -1.292
176 L -1.552 -2.696 -3.087 -3.333 -0.475 -3.185 -3.405 -3.15 -1.795 2.607 2.126 -2.802 1.133 4.207 -3.802 -2.967 -1.529 -0.584 1.07 1.817
177 L -0.797 -2.437 -3.126 -3.329 0.105 -2.678 -3.134 -3.172 -2.65 2.949 2.57 -2.457 1.439 0.197 -3.368 -2.679 -0.906 -2.065 -1.197 3.146
178 L -1.629 -2.266 -3.295 -3.58 -0.278 -2.768 -3.327 -3.314 -2.08 1.838 3.773 -2.569 1.951 2.481 -3.697 -3.142 -1.668 -1.191 -0.142 0.947
179 F -2.334 -2.896 -2.86 -3.314 -1.374 -3.864 -3.482 -2.875 -0.828 0.277 0.565 -3.304 0.201 6.515 -4.448 -3.031 -2.371 0.852 2.931 -0.507
180 F -2.023 -2.34 -2.615 -3.236 -1.317 -2.768 -2.991 -2.955 0.548 0.234 0.946 -2.587 0.259 5.239 -3.876 -2.808 -2.155 1.314 4.775 -0.402
181 V -0.832 -2.754 -3.041 -3.189 -0.011 -2.948 -3.24 -3.13 -2.486 3.5 1.201 -2.597 0.937 2.05 -3.43 -2.648 -0.865 -1.661 -0.286 3.36
182 A 2.831 -1.089 -0.385 -0.879 0.392 -0.921 -0.903 0.144 -0.811 -1.32 -1.781 -0.553 -1.026 -1.895 -1.475 2.187 0.383 -2.494 -1.756 -0.489
183 V -0.234 -2.486 -2.929 -3.164 0.34 -2.587 -2.894 -2.955 -2.915 3.03 0.945 -2.388 0.832 -0.398 -3.171 -2.284 -0.451 -2.387 -1.285 4.125
184 L -1.479 -2.073 -3.216 -3.506 -0.152 -2.387 -3.168 -3.27 -2.107 1.958 3.858 -2.328 2.872 0.79 -3.557 -2.988 -1.508 -1.605 -1.027 1.092
185 F -2.334 -2.896 -2.86 -3.314 -1.374 -3.864 -3.482 -2.875 -0.828 0.277 0.565 -3.304 0.201 6.515 -4.448 -3.031 -2.371 0.852 2.931 -0.507
186 H -1.707 -0.358 0.459 -0.961 -2.334 -0.165 -0.501 -1.697 7.998 -2.662 -2.595 -0.766 -1.261 -0.853 -2.749 -1.579 -2.227 -1.454 1.667 -3.036
187 N -1.66 -0.415 5.643 1.281 -1.846 -0.527 -0.725 -0.155 0.968 -2.712 -3.152 -0.296 -2.161 -2.374 -2.588 -0.118 -0.451 -2.966 -2.069 -2.56
188 T 0.538 -0.911 0.197 -0.606 0.097 -0.824 -0.937 -0.653 -0.897 -0.946 -1.623 -0.527 -0.841 -1.756 -1.579 2.258 3.059 -2.361 -1.731 -0.432
189 S 1.068 -0.741 0.497 -0.249 0.072 -0.57 -0.555 -0.106 -0.46 -1.911 -2.328 -0.285 -1.187 -1.943 -1.475 3.262 1.011 -2.549 -1.756 -1.292
190 L -1.541 -2.186 -3.362 -3.62 -0.15 -2.64 -3.306 -3.383 -2.314 2.005 4.037 -2.478 2.132 0.833 -3.604 -3.158 -1.581 -1.65 -1.056 1.106
191 I -1.377 -3.101 -3.263 -3.181 -0.15 -3.209 -3.687 -3.479 -2.711 4.521 1.677 -2.679 1.271 0.218 -3.505 -3.076 -1.075 -2.185 -1.285 2.86
192 V -0.749 -2.777 -3.091 -3.173 0.105 -2.882 -3.263 -3.205 -2.811 3.871 1.334 -2.53 1.06 -0.074 -3.333 -2.653 -0.746 -2.284 -1.285 3.561
193 L -1.91 -2.52 -3.1 -3.463 -0.698 -3.188 -3.393 -3.117 -1.476 1.268 2.795 -2.862 1.326 4.892 -3.996 -3.094 -1.949 -0.136 1.577 0.411
194 G -0.336 -2.18 -1.091 -1.441 -1.388 -2.061 -2.079 4.005 -1.541 -2.732 -3.084 -1.342 -2.532 -2.988 4.77 -1.218 -1.62 -3.306 -2.88 -2.492
195 V -0.749 -2.777 -3.091 -3.173 0.105 -2.882 -3.263 -3.205 -2.811 3.871 1.334 -2.53 1.06 -0.074 -3.333 -2.653 -0.746 -2.284 -1.285 3.561
196 L -1.541 -2.186 -3.362 -3.62 -0.15 -2.64 -3.306 -3.383 -2.314 2.005 4.037 -2.478 2.132 0.833 -3.604 -3.158 -1.581 -1.65 -1.056 1.106
197 L -0.814 -2.332 -3.138 -3.383 0.105 -2.614 -3.092 -3.161 -2.599 2.562 2.887 -2.433 1.555 0.282 -3.38 -2.688 -0.961 -1.995 -1.168 2.993
198 V 0.741 -2.34 -2.737 -2.933 0.385 -2.395 -2.639 -2.263 -2.638 2.75 0.742 -2.144 0.666 -0.544 -2.896 -1.763 -0.448 -2.394 -1.34 3.841
199 L -0.962 -2.399 -3.18 -3.386 0.043 -2.685 -3.187 -3.226 -2.575 2.836 2.94 -2.468 1.601 0.349 -3.422 -2.79 -1.046 -1.973 -1.168 2.797
200 K -1.072 3.869 -0.339 -1.01 -2.08 0.702 0.016 -1.612 -0.11 -2.297 -2.159 3.789 -1.224 -2.676 -2.028 -1.067 -1.216 -2.427 -1.782 -2.059
201 F -2.334 -2.896 -2.86 -3.314 -1.374 -3.864 -3.482 -2.875 -0.828 0.277 0.565 -3.304 0.201 6.515 -4.448 -3.031 -2.371 0.852 2.931 -0.507
202 I -0.861 -2.597 -3.009 -3.126 0.041 -2.614 -3.18 -3.152 -2.494 3.763 1.491 -2.388 2.21 0.037 -3.342 -2.614 -0.822 -2.13 -1.224 3.255
203 G -0.279 -1.277 3.382 0.044 -1.277 -1.249 -1.492 4.155 -0.207 -2.83 -3.179 -0.893 -2.25 -2.462 -2.512 0.276 -0.81 -2.641 -2.51 -2.506
204 E -1.139 -1.243 -1.445 0.035 -1.065 -0.113 2.659 -2.614 -0.761 2.743 0.249 -0.538 0.138 -0.862 -2.58 -1.713 -1.186 -2.284 -1.58 1.331
205 D -1.37 0.456 1.975 4.183 -2.15 -0.089 0.608 -1.059 -0.195 -2.483 -2.92 2.36 -1.995 -2.803 -2.081 -0.808 -1.151 -3.056 -2.389 -2.473
206 R -1.006 3.888 -0.578 -1.447 -1.152 -0.072 -0.865 -1.927 -0.523 0.255 -1.021 1.757 -0.604 -1.784 -2.356 -0.786 1.288 -2.253 -1.692 -0.283
207 L -1.541 -2.186 -3.362 -3.62 -0.15 -2.64 -3.306 -3.383 -2.314 2.005 4.037 -2.478 2.132 0.833 -3.604 -3.158 -1.581 -1.65 -1.056 1.106
208 F -2.062 -2.283 -2.47 -3.164 -1.557 -2.64 -2.869 -2.903 0.996 -0.213 -0.079 -2.501 -0.207 5.346 -3.837 -2.719 -2.227 1.671 5.356 -0.734
209 N -1.245 0.383 4.013 0.577 -1.878 3.294 0.523 -0.741 0.871 -2.467 -2.513 0.562 -1.15 -2.652 -2.361 -0.419 -0.701 -2.549 -1.65 -2.148
210 L -1.458 -2.607 -3.312 -3.392 -0.15 -2.911 -3.49 -3.43 -2.505 3.529 3.092 -2.577 1.734 0.542 -3.554 -3.117 -1.317 -1.905 -1.168 2.114
211 N -1.213 1.104 3.993 0.45 -1.911 0.216 -0.16 -0.688 0.426 -2.403 -2.66 2.993 -1.655 -2.582 -2.102 -0.474 -0.749 -2.75 -1.925 -2.266
212 W -2.488 -2.628 -3.009 -3.463 -1.814 -3.298 -3.214 -2.609 -0.977 -0.596 -0.335 -3.036 -0.445 4.929 -4.888 -3.188 -2.528 8.707 2.575 -1.241
213 A 2.532 -1.942 -2.227 -2.332 0.515 -1.885 -1.987 -0.835 -1.939 1.702 0.029 -1.517 0.103 -1.033 -2.2 -0.601 -0.437 -2.414 -1.511 2.772
214 L -0.814 -2.332 -3.138 -3.383 0.105 -2.614 -3.092 -3.161 -2.599 2.562 2.887 -2.433 1.555 0.282 -3.38 -2.688 -0.961 -1.995 -1.168 2.993
215 F -0.943 -1.786 -1.222 -1.964 -0.392 -2.061 -2.228 -2.043 -1.27 0.342 0.777 -1.712 0.221 4.03 -2.682 -0.603 2.543 -0.612 0.969 0.111
216 I -0.894 -2.855 -3.133 -3.175 0.043 -2.96 -3.363 -3.271 -2.786 4.047 1.424 -2.566 1.114 0.002 -3.375 -2.753 -0.825 -2.259 -1.285 3.401
217 L -1.458 -2.607 -3.312 -3.392 -0.15 -2.911 -3.49 -3.43 -2.505 3.529 3.092 -2.577 1.734 0.542 -3.554 -3.117 -1.317 -1.905 -1.168 2.114
218 G 0.62 -1.438 0.066 -0.736 -0.541 -1.27 -1.407 4.159 -0.924 -2.49 -2.839 -0.888 -1.833 -2.287 -2.054 1.855 -0.097 -2.494 -2.369 -1.973
219 G -0.551 -2.705 -1.519 -2.105 -0.676 -2.658 -3.106 3.922 -2.028 2.712 0.126 -2.119 -0.072 -0.881 -3.119 -1.857 -1.466 -2.31 -2.069 1.232
220 C 1.411 -2.556 -2.572 -2.825 7.798 -2.566 -2.796 -1.423 -2.401 0.734 -0.465 -2.206 -0.428 -1.488 -2.66 -1.087 -0.843 -2.795 -2.083 1.599
221 Y 1.781 -1.728 -1.686 -2.219 -0.551 -1.646 -1.943 1.253 0.884 -1.026 -1.289 -1.42 -0.942 1.764 -2.435 -0.86 -1.33 0.817 4.793 -0.659
222 L -1.91 -2.52 -3.1 -3.463 -0.698 -3.188 -3.393 -3.117 -1.476 1.268 2.795 -2.862 1.326 4.892 -3.996 -3.094 -1.949 -0.136 1.577 0.411
223 L -1.91 -2.52 -3.1 -3.463 -0.698 -3.188 -3.393 -3.117 -1.476 1.268 2.795 -2.862 1.326 4.892 -3.996 -3.094 -1.949 -0.136 1.577 0.411
224 S 0.254 0.264 0.217 -0.302 -0.752 3.289 0.58 -0.712 0.22 -2.071 -2.155 0.566 -0.768 -2.406 -1.793 1.903 0.186 -2.361 -1.511 -1.529
225 L -1.458 -2.607 -3.312 -3.392 -0.15 -2.911 -3.49 -3.43 -2.505 3.529 3.092 -2.577 1.734 0.542 -3.554 -3.117 -1.317 -1.905 -1.168 2.114
226 L -0.814 -2.332 -3.138 -3.383 0.105 -2.614 -3.092 -3.161 -2.599 2.562 2.887 -2.433 1.555 0.282 -3.38 -2.688 -0.961 -1.995 -1.168 2.993
227 D -1.263 0.804 0.558 4.116 -2.168 0.088 0.705 -1.231 -0.386 -2.408 -2.798 2.914 -1.868 -2.862 -1.972 -0.916 -1.243 -2.998 -2.348 -2.399
228 P -0.836 -2.014 -1.934 -1.564 -1.457 -1.933 -1.622 -1.852 -1.608 -2.318 -2.75 -1.064 -2.403 -3.336 6.663 -1.452 -1.348 -4.549 -2.636 -2.162
229 A 2.345 -2.18 -2.353 -2.338 0.295 -2.113 -2.252 -0.952 -1.865 2.941 0.551 -1.621 0.394 -0.634 -2.315 -0.801 -0.73 -2.31 -1.511 1.809
230 N -1.66 -0.415 5.643 1.281 -1.846 -0.527 -0.725 -0.155 0.968 -2.712 -3.152 -0.296 -2.161 -2.374 -2.588 -0.118 -0.451 -2.966 -2.069 -2.56
231 Y -1.504 -1.942 -2.433 -3.007 -0.847 -1.857 -2.639 -2.964 0.787 2.017 0.835 -1.936 2.679 2.221 -3.352 -2.467 -1.529 0.948 4.848 0.934
232 L -1.541 -2.186 -3.362 -3.62 -0.15 -2.64 -3.306 -3.383 -2.314 2.005 4.037 -2.478 2.132 0.833 -3.604 -3.158 -1.581 -1.65 -1.056 1.106
233 I 0.097 -1.686 -0.809 -1.357 -0.037 -1.598 -1.715 -1.326 -1.371 2.816 0.32 -1.24 0.296 -0.665 -2.315 1.566 0.153 -2.361 -1.511 1.474
234 T 0.538 -0.911 0.197 -0.606 0.097 -0.824 -0.937 -0.653 -0.897 -0.946 -1.623 -0.527 -0.841 -1.756 -1.579 2.258 3.059 -2.361 -1.731 -0.432
235 L -1.72 -2.348 -3.228 -3.541 -0.411 -2.901 -3.349 -3.247 -1.865 1.66 3.482 -2.663 1.757 3.524 -3.793 -3.126 -1.759 -0.795 0.551 0.779
236 P -1.239 -1.068 -0.496 -1.247 -1.862 -0.916 -1.007 -1.774 6.099 -2.484 -2.672 -0.911 -1.776 -1.835 4.771 -1.515 -1.754 -2.605 0.253 -2.566
237 F -2.334 -2.896 -2.86 -3.314 -1.374 -3.864 -3.482 -2.875 -0.828 0.277 0.565 -3.304 0.201 6.515 -4.448 -3.031 -2.371 0.852 2.931 -0.507
238 L -1.301 -1.757 -2.818 -3.189 -0.159 -1.738 -2.79 -2.955 -1.563 1.811 3.24 -1.92 4.367 0.656 -3.418 -2.531 -1.301 -1.473 -0.942 1.048
239 P -0.836 -2.014 -1.934 -1.564 -1.457 -1.933 -1.622 -1.852 -1.608 -2.318 -2.75 -1.064 -2.403 -3.336 6.663 -1.452 -1.348 -4.549 -2.636 -2.162
240 H 0.002 -0.543 0.478 -0.583 -0.887 -0.36 -0.528 -0.793 6.148 -2.262 -2.459 -0.515 -1.224 -1.347 -2.042 1.756 -0.176 -1.95 0.436 -2.034
241 Q -0.883 1.007 -0.093 -0.357 -1.911 4.883 1.392 -1.479 0.769 -2.24 -1.991 1.222 -0.403 -2.959 -2.151 -0.755 -0.975 -2.185 -1.285 -1.787
242 L -1.458 -2.607 -3.312 -3.392 -0.15 -2.911 -3.49 -3.43 -2.505 3.529 3.092 -2.577 1.734 0.542 -3.554 -3.117 -1.317 -1.905 -1.168 2.114
243 T -0.112 -1.093 -0.139 -1.014 0.122 -1.103 -1.378 -1.329 -1.413 -0.224 -1.057 -0.791 -0.532 -1.58 -1.687 0.705 4.245 -2.185 -1.706 0.229
244 R -1.534 5.51 -0.462 -1.564 -2.259 0.518 -0.561 -2.128 0.098 -2.612 -2.028 2.018 -1.224 -2.472 -2.704 -1.406 -1.454 -2.234 -1.772 -2.162
245 Y -1.812 -1.777 -2.126 -3.022 -1.752 -1.784 -2.363 -2.932 2.105 -0.804 -0.91 -1.873 -0.682 3.348 -3.333 -2.437 -2.089 2.309 6.655 -0.979
246 I -1.119 -0.37 -1.263 -1.436 -0.898 3.052 -0.15 -2.309 -0.475 2.785 0.39 -0.114 0.554 -0.954 -2.749 -1.688 -1.024 -2.185 -1.285 1.386
247 G 0.09 -2.358 -0.44 -1.323 -1.32 -2.195 -2.622 5.809 -1.476 -3.215 -3.461 -1.651 -2.667 -2.678 -2.779 -1.002 -1.919 -2.44 -3.148 -2.864
248 T 0.538 -0.911 0.197 -0.606 0.097 -0.824 -0.937 -0.653 -0.897 -0.946 -1.623 -0.527 -0.841 -1.756 -1.579 2.258 3.059 -2.361 -1.731 -0.432
249 N 2.308 -0.9 3.864 0.163 -0.315 -0.896 -0.998 0.122 0.08 -1.62 -2.094 -0.559 -1.446 -2.099 -1.978 0.183 -0.437 -2.691 -1.908 -0.906
250 D -1.795 -1.681 -0.009 3.964 -2.045 -1.292 -0.179 -1.888 1.076 -1.607 -1.921 -1.304 -1.517 1.66 -2.764 -1.6 -1.731 0.667 4.753 -1.771
251 L -1.541 -2.186 -3.362 -3.62 -0.15 -2.64 -3.306 -3.383 -2.314 2.005 4.037 -2.478 2.132 0.833 -3.604 -3.158 -1.581 -1.65 -1.056 1.106
252 N -0.702 -0.493 4.97 0.968 -1.235 -0.537 -0.682 -0.142 0.672 -2.49 -2.923 -0.293 -1.885 -2.26 -2.267 1.159 -0.011 -2.856 -1.987 -2.187
253 G 0.09 -2.358 -0.44 -1.323 -1.32 -2.195 -2.622 5.809 -1.476 -3.215 -3.461 -1.651 -2.667 -2.678 -2.779 -1.002 -1.919 -2.44 -3.148 -2.864
254 G 0.111 -2.336 -0.418 -1.301 -1.299 -2.174 -2.6 5.789 -1.455 -3.194 -3.439 -1.629 -2.645 -2.657 -2.758 -0.981 -1.898 -2.419 -3.127 -2.843
255 N 2.308 -0.9 3.864 0.163 -0.315 -0.896 -0.998 0.122 0.08 -1.62 -2.094 -0.559 -1.446 -2.099 -1.978 0.183 -0.437 -2.691 -1.908 -0.906
256 T -0.112 -1.093 -0.139 -1.014 0.122 -1.103 -1.378 -1.329 -1.413 -0.224 -1.057 -0.791 -0.532 -1.58 -1.687 0.705 4.245 -2.185 -1.706 0.229
257 L -1.458 -2.607 -3.312 -3.392 -0.15 -2.911 -3.49 -3.43 -2.505 3.529 3.092 -2.577 1.734 0.542 -3.554 -3.117 -1.317 -1.905 -1.168 2.114
258 G 0.09 -2.358 -0.44 -1.323 -1.32 -2.195 -2.622 5.809 -1.476 -3.215 -3.461 -1.651 -2.667 -2.678 -2.779 -1.002 -1.919 -2.44 -3.148 -2.864
259 L -0.962 -2.399 -3.18 -3.386 0.043 -2.685 -3.187 -3.226 -2.575 2.836 2.94 -2.468 1.601 0.349 -3.422 -2.79 -1.046 -1.973 -1.168 2.797
260 N -1.66 -0.415 5.643 1.281 -1.846 -0.527 -0.725 -0.155 0.968 -2.712 -3.152 -0.296 -2.161 -2.374 -2.588 -0.118 -0.451 -2.966 -2.069 -2.56
261 F -2.334 -2.896 -2.86 -3.314 -1.374 -3.864 -3.482 -2.875 -0.828 0.277 0.565 -3.304 0.201 6.515 -4.448 -3.031 -2.371 0.852 2.931 -0.507
262 Y -1.586 -2.364 -2.638 -3.1 -0.841 -2.409 -2.95 -3.193 0.603 2.944 0.664 -2.248 0.457 2.188 -3.418 -2.739 -1.538 0.86 4.833 1.537
263 F -1.434 -2.836 -2.973 -3.243 -0.541 -3.331 -3.371 -3.035 -1.653 2.6 0.975 -2.891 0.662 4.795 -3.837 -2.836 -1.446 -0.31 1.533 2.192
264 S 1.068 -0.741 0.497 -0.249 0.072 -0.57 -0.555 -0.106 -0.46 -1.911 -2.328 -0.285 -1.187 -1.943 -1.475 3.262 1.011 -2.549 -1.756 -1.292
265 V -0.749 -2.777 -3.091 -3.173 0.105 -2.882 -3.263 -3.205 -2.811 3.871 1.334 -2.53 1.06 -0.074 -3.333 -2.653 -0.746 -2.284 -1.285 3.561
266 F -0.832 -2.38 -2.179 -2.655 -0.433 -2.742 -2.715 -2.37 -1.387 1.508 0.488 -2.394 0.325 4.741 -3.408 -0.9 -0.956 -0.345 1.512 2.093
267 L -1.72 -2.348 -3.228 -3.541 -0.411 -2.901 -3.349 -3.247 -1.865 1.66 3.482 -2.663 1.757 3.524 -3.793 -3.126 -1.759 -0.795 0.551 0.779
268 A 2.532 -1.942 -2.227 -2.332 0.515 -1.885 -1.987 -0.835 -1.939 1.702 0.029 -1.517 0.103 -1.033 -2.2 -0.601 -0.437 -2.414 -1.511 2.772
269 L -0.962 -2.399 -3.18 -3.386 0.043 -2.685 -3.187 -3.226 -2.575 2.836 2.94 -2.468 1.601 0.349 -3.422 -2.79 -1.046 -1.973 -1.168 2.797
270 L -1.541 -2.186 -3.362 -3.62 -0.15 -2.64 -3.306 -3.383 -2.314 2.005 4.037 -2.478 2.132 0.833 -3.604 -3.158 -1.581 -1.65 -1.056 1.106
271 L -1.541 -2.186 -3.362 -3.62 -0.15 -2.64 -3.306 -3.383 -2.314 2.005 4.037 -2.478 2.132 0.833 -3.604 -3.158 -1.581 -1.65 -1.056 1.106
272 A 3.918 -1.484 -1.662 -1.687 0.68 -1.32 -1.298 0.374 -1.211 -0.83 -1.321 -0.849 -0.874 -1.848 -1.475 0.455 -0.422 -2.44 -1.756 0.139
273 F -1.434 -2.836 -2.973 -3.243 -0.541 -3.331 -3.371 -3.035 -1.653 2.6 0.975 -2.891 0.662 4.795 -3.837 -2.836 -1.446 -0.31 1.533 2.192
274 N -1.735 -1.016 3.832 -0.133 -1.799 -1.087 -1.43 -1.221 1.592 -1.603 -1.818 -0.978 -1.328 1.72 -2.936 -1.051 -1.156 0.739 4.792 -1.663
275 Y -1.812 -1.777 -2.126 -3.022 -1.752 -1.784 -2.363 -2.932 2.105 -0.804 -0.91 -1.873 -0.682 3.348 -3.333 -2.437 -2.089 2.309 6.655 -0.979
276 N -1.421 0.45 4.92 0.903 -1.871 -0.124 -0.421 -0.402 0.717 -2.546 -2.888 1.785 -1.89 -2.469 -2.328 -0.283 -0.589 -2.849 -1.989 -2.402
277 R -1.333 4.949 -0.405 -1.322 -2.179 0.6 -0.309 -1.903 0.024 -2.474 -2.072 2.856 -1.217 -2.545 -2.407 -1.259 -1.349 -2.302 -1.769 -2.113
278 K -0.988 3.39 -0.315 -0.911 -2.045 0.737 0.118 -1.52 -0.154 -2.238 -2.186 4.042 -1.224 -2.719 -1.91 -1.004 -1.171 -2.467 -1.785 -2.039
279 N -1.266 -0.265 3.985 1.402 -2.115 0.559 2.932 -0.915 0.695 -2.738 -2.918 0.231 -1.95 -2.489 -2.213 -0.435 -0.845 -2.662 -1.987 -2.339
280 K -1.348 1.963 -0.432 -1.326 -2.037 0.047 -0.499 -1.861 4.638 -1.893 -1.895 2.467 -1.087 0.475 -2.414 -1.449 -1.622 -0.24 3.378 -1.931
281 R -1.67 3.732 -1.176 -2.202 -1.994 -0.409 -1.323 -2.502 1.272 -1.568 -1.415 0.684 -0.94 1.709 -3.002 -1.876 -1.754 0.852 4.806 -1.51
282 G -0.699 -1.129 3.525 2.913 -1.503 -0.961 -0.451 2.664 -0.033 -2.716 -3.186 -0.716 -2.256 -2.516 -2.393 0.284 -0.717 -2.895 -2.488 -2.506
283 I -1.207 -3.016 -3.219 -3.179 -0.084 -3.124 -3.575 -3.408 -2.736 4.372 1.595 -2.641 1.22 0.148 -3.461 -2.965 -0.989 -2.209 -1.285 3.052
284 G -0.695 -1.947 0.494 4.065 -1.799 -1.458 -0.237 4.059 -0.968 -2.96 -3.476 -1.211 -2.682 -2.796 -2.524 -0.977 -1.655 -2.934 -3.095 -2.864
285 Y -1.812 -1.777 -2.126 -3.022 -1.752 -1.784 -2.363 -2.932 2.105 -0.804 -0.91 -1.873 -0.682 3.348 -3.333 -2.437 -2.089 2.309 6.655 -0.979
286 K -0.826 2.094 -0.268 -0.722 -1.977 0.807 0.313 -1.342 -0.243 -2.123 -2.24 4.49 -1.224 -2.806 -1.687 -0.881 -1.082 -2.549 -1.789 -1.999
287 Y -1.586 -2.364 -2.638 -3.1 -0.841 -2.409 -2.95 -3.193 0.603 2.944 0.664 -2.248 0.457 2.188 -3.418 -2.739 -1.538 0.86 4.833 1.537
288 L -1.541 -2.186 -3.362 -3.62 -0.15 -2.64 -3.306 -3.383 -2.314 2.005 4.037 -2.478 2.132 0.833 -3.604 -3.158 -1.581 -1.65 -1.056 1.106
289 Y -1.812 -1.777 -2.126 -3.022 -1.752 -1.784 -2.363 -2.932 2.105 -0.804 -0.91 -1.873 -0.682 3.348 -3.333 -2.437 -2.089 2.309 6.655 -0.979
290 I -1.046 -2.934 -3.176 -3.177 -0.02 -3.041 -3.467 -3.339 -2.761 4.214 1.511 -2.603 1.167 0.076 -3.418 -2.857 -0.906 -2.234 -1.285 3.232
291 G 0.62 -1.438 0.066 -0.736 -0.541 -1.27 -1.407 4.159 -0.924 -2.49 -2.839 -0.888 -1.833 -2.287 -2.054 1.855 -0.097 -2.494 -2.369 -1.973
292 L -1.189 -1.564 -2.58 -2.995 -0.164 -1.374 -2.563 -2.763 -1.25 1.709 2.74 -1.677 5.056 0.563 -3.329 -2.262 -1.171 -1.388 -0.887 1.019
293 L -1.541 -2.186 -3.362 -3.62 -0.15 -2.64 -3.306 -3.383 -2.314 2.005 4.037 -2.478 2.132 0.833 -3.604 -3.158 -1.581 -1.65 -1.056 1.106
294 G -0.875 -2.614 -1.403 -2.15 -1.347 -2.911 -3.02 3.948 -1.134 -0.97 -0.796 -2.361 -0.89 4.631 -3.495 -1.842 -2.136 -0.348 1.262 -1.452
295 S 1.068 -0.741 0.497 -0.249 0.072 -0.57 -0.555 -0.106 -0.46 -1.911 -2.328 -0.285 -1.187 -1.943 -1.475 3.262 1.011 -2.549 -1.756 -1.292
296 A 2.556 -1.282 -0.801 -1.331 0.414 -1.209 -1.338 -0.354 -1.31 -0.511 -1.186 -0.82 -0.698 -1.711 -1.579 0.582 2.767 -2.31 -1.731 0.184
297 C -1.239 -3.109 -2.912 -3.366 7.741 -3.654 -3.695 -2.497 -1.698 -0.184 -0.135 -3.207 -0.368 4.66 -3.761 -2.271 -1.796 -0.521 1.302 -0.458
298 I -0.676 -1.925 -1.297 -1.899 -0.011 -1.968 -2.307 -2.208 -1.99 3.03 0.622 -1.583 0.508 -0.543 -2.455 -0.606 2.669 -2.185 -1.488 1.835
299 A 2.831 -1.089 -0.385 -0.879 0.392 -0.921 -0.903 0.144 -0.811 -1.32 -1.781 -0.553 -1.026 -1.895 -1.475 2.187 0.383 -2.494 -1.756 -0.489
300 L -1.458 -2.607 -3.312 -3.392 -0.15 -2.911 -3.49 -3.43 -2.505 3.529 3.092 -2.577 1.734 0.542 -3.554 -3.117 -1.317 -1.905 -1.168 2.114
301 L -0.814 -2.332 -3.138 -3.383 0.105 -2.614 -3.092 -3.161 -2.599 2.562 2.887 -2.433 1.555 0.282 -3.38 -2.688 -0.961 -1.995 -1.168 2.993
302 F -2.334 -2.896 -2.86 -3.314 -1.374 -3.864 -3.482 -2.875 -0.828 0.277 0.565 -3.304 0.201 6.515 -4.448 -3.031 -2.371 0.852 2.931 -0.507
303 N -1.735 -1.016 3.832 -0.133 -1.799 -1.087 -1.43 -1.221 1.592 -1.603 -1.818 -0.978 -1.328 1.72 -2.936 -1.051 -1.156 0.739 4.792 -1.663
304 G 0.09 -2.358 -0.44 -1.323 -1.32 -2.195 -2.622 5.809 -1.476 -3.215 -3.461 -1.651 -2.667 -2.678 -2.779 -1.002 -1.919 -2.44 -3.148 -2.864
305 V -0.626 -1.882 -2.631 -2.984 0.097 -1.718 -2.611 -2.763 -1.78 2.404 1.601 -1.882 4.115 0.067 -3.207 -2.147 -0.733 -1.796 -1.05 2.964
306 P -0.836 -2.014 -1.934 -1.564 -1.457 -1.933 -1.622 -1.852 -1.608 -2.318 -2.75 -1.064 -2.403 -3.336 6.663 -1.452 -1.348 -4.549 -2.636 -2.162
307 I -1.377 -3.101 -3.263 -3.181 -0.15 -3.209 -3.687 -3.479 -2.711 4.521 1.677 -2.679 1.271 0.218 -3.505 -3.076 -1.075 -2.185 -1.285 2.86
308 L -1.541 -2.186 -3.362 -3.62 -0.15 -2.64 -3.306 -3.383 -2.314 2.005 4.037 -2.478 2.132 0.833 -3.604 -3.158 -1.581 -1.65 -1.056 1.106
309 L -1.08 -1.383 -2.36 -2.814 -0.168 -1.051 -2.353 -2.583 -0.968 1.603 2.135 -1.452 5.611 0.468 -3.242 -2.016 -1.046 -1.306 -0.832 0.99
310 R -1.534 5.51 -0.462 -1.564 -2.259 0.518 -0.561 -2.128 0.098 -2.612 -2.028 2.018 -1.224 -2.472 -2.704 -1.406 -1.454 -2.234 -1.772 -2.162
311 L -1.08 -1.383 -2.36 -2.814 -0.168 -1.051 -2.353 -2.583 -0.968 1.603 2.135 -1.452 5.611 0.468 -3.242 -2.016 -1.046 -1.306 -0.832 0.99
312 Q -0.883 1.007 -0.093 -0.357 -1.911 4.883 1.392 -1.479 0.769 -2.24 -1.991 1.222 -0.403 -2.959 -2.151 -0.755 -0.975 -2.185 -1.285 -1.787
313 L -1.541 -2.186 -3.362 -3.62 -0.15 -2.64 -3.306 -3.383 -2.314 2.005 4.037 -2.478 2.132 0.833 -3.604 -3.158 -1.581 -1.65 -1.056 1.106
314 L -1.541 -2.186 -3.362 -3.62 -0.15 -2.64 -3.306 -3.383 -2.314 2.005 4.037 -2.478 2.132 0.833 -3.604 -3.158 -1.581 -1.65 -1.056 1.106
315 C -0.447 -3.339 -2.965 -3.419 9.68 -3.458 -3.925 -2.163 -2.95 -0.732 -1.061 -3.113 -1.079 -2.027 -3.207 -1.67 -1.317 -3.235 -2.796 -0.409
316 F -2.334 -2.896 -2.86 -3.314 -1.374 -3.864 -3.482 -2.875 -0.828 0.277 0.565 -3.304 0.201 6.515 -4.448 -3.031 -2.371 0.852 2.931 -0.507
317 T -0.112 -1.093 -0.139 -1.014 0.122 -1.103 -1.378 -1.329 -1.413 -0.224 -1.057 -0.791 -0.532 -1.58 -1.687 0.705 4.245 -2.185 -1.706 0.229
318 G 0.62 -1.438 0.066 -0.736 -0.541 -1.27 -1.407 4.159 -0.924 -2.49 -2.839 -0.888 -1.833 -2.287 -2.054 1.855 -0.097 -2.494 -2.369 -1.973
319 F -1.816 -2.997 -3.054 -3.247 -0.698 -3.518 -3.583 -3.161 -1.619 3.118 1.174 -2.975 0.786 4.823 -3.938 -3.053 -1.651 -0.284 1.533 1.642
320 I -1.377 -3.101 -3.263 -3.181 -0.15 -3.209 -3.687 -3.479 -2.711 4.521 1.677 -2.679 1.271 0.218 -3.505 -3.076 -1.075 -2.185 -1.285 2.86
321 F -2.334 -2.896 -2.86 -3.314 -1.374 -3.864 -3.482 -2.875 -0.828 0.277 0.565 -3.304 0.201 6.515 -4.448 -3.031 -2.371 0.852 2.931 -0.507
322 F -1.015 -1.856 -1.19 -1.941 -0.53 -2.165 -2.242 -1.999 -1.106 0.037 -0.134 -1.782 -0.142 4.684 -2.749 -0.596 2.522 -0.284 1.458 -0.116
323 P -0.836 -2.014 -1.934 -1.564 -1.457 -1.933 -1.622 -1.852 -1.608 -2.318 -2.75 -1.064 -2.403 -3.336 6.663 -1.452 -1.348 -4.549 -2.636 -2.162
324 L 2.323 -1.814 -2.389 -2.495 0.295 -1.905 -2.131 -0.932 -1.71 0.922 2.456 -1.55 1.004 -0.207 -2.348 -0.82 -0.944 -2.018 -1.385 0.663
325 V -0.749 -2.777 -3.091 -3.173 0.105 -2.882 -3.263 -3.205 -2.811 3.871 1.334 -2.53 1.06 -0.074 -3.333 -2.653 -0.746 -2.284 -1.285 3.561
326 L -0.814 -2.332 -3.138 -3.383 0.105 -2.614 -3.092 -3.161 -2.599 2.562 2.887 -2.433 1.555 0.282 -3.38 -2.688 -0.961 -1.995 -1.168 2.993
327 Y -1.812 -1.777 -2.126 -3.022 -1.752 -1.784 -2.363 -2.932 2.105 -0.804 -0.91 -1.873 -0.682 3.348 -3.333 -2.437 -2.089 2.309 6.655 -0.979
328 D -1.653 3.747 0.486 4.047 -2.315 -0.094 0.356 -1.582 -0.201 -2.668 -2.668 0.933 -1.868 -2.687 -2.489 -1.17 -1.433 -2.81 -2.338 -2.492
329 Y -1.586 -2.364 -2.638 -3.1 -0.841 -2.409 -2.95 -3.193 0.603 2.944 0.664 -2.248 0.457 2.188 -3.418 -2.739 -1.538 0.86 4.833 1.537
330 F -2.334 -2.896 -2.86 -3.314 -1.374 -3.864 -3.482 -2.875 -0.828 0.277 0.565 -3.304 0.201 6.515 -4.448 -3.031 -2.371 0.852 2.931 -0.507
331 I -1.225 -2.116 -2.776 -2.991 -0.159 -1.933 -2.944 -2.996 -1.71 3.416 1.915 -2.001 4.19 0.346 -3.37 -2.498 -1.06 -1.712 -1.05 2.074
332 K -0.826 2.094 -0.268 -0.722 -1.977 0.807 0.313 -1.342 -0.243 -2.123 -2.24 4.49 -1.224 -2.806 -1.687 -0.881 -1.082 -2.549 -1.789 -1.999
333 D -1.263 0.804 0.558 4.116 -2.168 0.088 0.705 -1.231 -0.386 -2.408 -2.798 2.914 -1.868 -2.862 -1.972 -0.916 -1.243 -2.998 -2.348 -2.399
334 T 0.538 -0.911 0.197 -0.606 0.097 -0.824 -0.937 -0.653 -0.897 -0.946 -1.623 -0.527 -0.841 -1.756 -1.579 2.258 3.059 -2.361 -1.731 -0.432
335 L -1.541 -2.186 -3.362 -3.62 -0.15 -2.64 -3.306 -3.383 -2.314 2.005 4.037 -2.478 2.132 0.833 -3.604 -3.158 -1.581 -1.65 -1.056 1.106
336 L -1.91 -2.52 -3.1 -3.463 -0.698 -3.188 -3.393 -3.117 -1.476 1.268 2.795 -2.862 1.326 4.892 -3.996 -3.094 -1.949 -0.136 1.577 0.411
337 G -0.654 -1.226 3.974 0.264 -1.571 -1.242 -1.52 4.153 -0.002 -2.953 -3.302 -0.894 -2.403 -2.522 -2.682 -0.526 -1.093 -2.691 -2.558 -2.708
338 N -1.66 -0.415 5.643 1.281 -1.846 -0.527 -0.725 -0.155 0.968 -2.712 -3.152 -0.296 -2.161 -2.374 -2.588 -0.118 -0.451 -2.966 -2.069 -2.56
339 Y -1.812 -1.777 -2.126 -3.022 -1.752 -1.784 -2.363 -2.932 2.105 -0.804 -0.91 -1.873 -0.682 3.348 -3.333 -2.437 -2.089 2.309 6.655 -0.979
340 F -1.816 -2.997 -3.054 -3.247 -0.698 -3.518 -3.583 -3.161 -1.619 3.118 1.174 -2.975 0.786 4.823 -3.938 -3.053 -1.651 -0.284 1.533 1.642
341 F -2.334 -2.896 -2.86 -3.314 -1.374 -3.864 -3.482 -2.875 -0.828 0.277 0.565 -3.304 0.201 6.515 -4.448 -3.031 -2.371 0.852 2.931 -0.507
342 Q -0.879 1.011 -0.089 -0.353 -1.908 4.87 1.396 -1.475 0.773 -2.237 -1.987 1.225 -0.399 -2.955 -2.147 -0.751 -0.971 -2.181 -1.281 -1.783
343 L -1.454 -2.604 -3.309 -3.388 -0.147 -2.907 -3.486 -3.427 -2.502 3.523 3.089 -2.573 1.737 0.545 -3.551 -3.113 -1.313 -1.902 -1.165 2.118
344 A 3.234 -1.211 -0.748 -1.121 0.495 -1.044 -1.025 0.226 -0.935 -1.144 -1.616 -0.645 -0.971 -1.876 -1.472 1.711 0.142 -2.472 -1.752 -0.261
345 I -1.658 -3.027 -3.119 -3.221 -0.5 -3.408 -3.613 -3.26 -1.935 3.657 1.355 -2.869 0.96 3.928 -3.783 -3.057 -1.442 -0.786 0.864 2.111
346 A 3.234 -1.211 -0.748 -1.121 0.495 -1.044 -1.025 0.226 -0.935 -1.144 -1.616 -0.645 -0.971 -1.876 -1.472 1.711 0.142 -2.472 -1.752 -0.261
347 V -0.563 -2.673 -3.033 -3.166 0.189 -2.777 -3.131 -3.116 -2.842 3.614 1.214 -2.478 0.989 -0.174 -3.275 -2.521 -0.641 -2.315 -1.281 3.755
348 V -0.563 -2.673 -3.033 -3.166 0.189 -2.777 -3.131 -3.116 -2.842 3.614 1.214 -2.478 0.989 -0.174 -3.275 -2.521 -0.641 -2.315 -1.281 3.755
349 F -2.331 -2.893 -2.857 -3.311 -1.371 -3.861 -3.479 -2.871 -0.825 0.28 0.568 -3.301 0.205 6.509 -4.445 -3.027 -2.367 0.855 2.934 -0.504
350 V -0.465 -2.842 -2.991 -3.246 6.716 -2.95 -3.326 -2.736 -2.888 2.627 0.583 -2.657 0.42 -0.712 -3.233 -2.17 -0.812 -2.602 -1.703 2.992
351 L -1.537 -2.183 -3.359 -3.617 -0.147 -2.637 -3.302 -3.379 -2.31 2.008 4.031 -2.474 2.136 0.836 -3.601 -3.155 -1.577 -1.647 -1.053 1.109
352 N -1.706 -0.798 4.562 0.423 -1.811 -0.884 -1.172 -0.817 1.402 -1.924 -2.195 -0.729 -1.576 0.884 -2.812 -0.701 -0.898 -0.054 3.746 -1.929
353 F -2.331 -2.893 -2.857 -3.311 -1.371 -3.861 -3.479 -2.871 -0.825 0.28 0.568 -3.301 0.205 6.509 -4.445 -3.027 -2.367 0.855 2.934 -0.504
354 Y -1.809 -1.774 -2.122 -3.019 -1.748 -1.78 -2.36 -2.928 2.108 -0.8 -0.906 -1.87 -0.679 3.352 -3.33 -2.434 -2.086 2.312 6.647 -0.976
355 K -0.929 3.018 -0.296 -0.843 -2.019 0.764 0.188 -1.456 -0.18 -2.195 -2.2 4.191 -1.22 -2.744 -1.83 -0.959 -1.137 -2.491 -1.782 -2.022
356 N -1.559 -1.062 4.531 0.407 -1.161 -1.173 -1.416 -0.898 0.179 1.779 -0.57 -0.891 -0.523 -1.229 -2.858 -0.808 -0.641 -2.678 -1.78 0.463
357 L -1.537 -2.183 -3.359 -3.617 -0.147 -2.637 -3.302 -3.379 -2.31 2.008 4.031 -2.474 2.136 0.836 -3.601 -3.155 -1.577 -1.647 -1.053 1.109
358 S 0.414 -0.625 3.304 0.36 -0.434 -0.552 -0.607 -0.119 0.102 -2.151 -2.574 -0.285 -1.473 -2.076 -1.797 2.498 0.604 -2.678 -1.853 -1.653
359 S 1.072 -0.737 0.501 -0.245 0.076 -0.566 -0.552 -0.103 -0.456 -1.908 -2.325 -0.281 -1.183 -1.94 -1.472 3.25 1.015 -2.545 -1.752 -1.289
360 G 0.093 -2.354 -0.436 -1.319 -1.317 -2.192 -2.618 5.806 -1.473 -3.212 -3.457 -1.647 -2.663 -2.675 -2.776 -0.999 -1.916 -2.437 -3.145 -2.861
361 I -1.373 -3.097 -3.259 -3.177 -0.147 -3.206 -3.683 -3.475 -2.708 4.511 1.68 -2.675 1.275 0.221 -3.501 -3.073 -1.071 -2.181 -1.281 2.864
362 V -0.23 -2.483 -2.926 -3.161 0.344 -2.584 -2.89 -2.952 -2.911 3.033 0.949 -2.385 0.835 -0.395 -3.168 -2.28 -0.448 -2.384 -1.281 4.115
363 Y -1.757 -1.245 2.833 -0.813 -1.779 -1.298 -1.705 -1.683 1.777 -1.308 -1.479 -1.243 -1.093 2.374 -3.059 -1.439 -1.431 1.365 5.547 -1.413
364 A 2.292 -1.069 -0.223 1.654 -0.45 -0.809 -0.503 -0.408 5.064 -1.607 -1.987 -0.814 -1.239 -1.607 -1.975 -0.307 -1.075 -2.206 -0.224 -1.014
365 Y -1.809 -1.774 -2.122 -3.019 -1.748 -1.78 -2.36 -2.928 2.108 -0.8 -0.906 -1.87 -0.679 3.352 -3.33 -2.434 -2.086 2.312 6.647 -0.976
366 V -0.856 -2.312 -2.68 -3.115 -0.293 -2.376 -2.813 -3.025 -0.18 2.62 0.613 -2.246 0.503 1.499 -3.275 -2.451 -1.009 0.113 3.825 2.939
367 P -0.829 -2.006 -1.926 -1.557 -1.45 -1.926 -1.615 -1.845 -1.6 -2.31 -2.743 -1.057 -2.396 -3.328 6.655 -1.445 -1.341 -4.542 -2.628 -2.155
368 F -2.187 -2.566 -2.651 -3.231 -1.457 -3.181 -3.152 -2.882 0.233 0.049 0.268 -2.868 0.012 5.979 -4.119 -2.863 -2.29 1.298 4.386 -0.611
369 W -2.157 -2.599 -3.194 -3.463 -1.407 -2.943 -3.185 -2.688 -1.567 1.917 -0.077 -2.749 -0.158 0.859 -4.622 -3.255 -2.045 9.454 1.409 0.545
370 I -1.511 -2.586 -2.828 -3.123 -0.588 -2.649 -3.172 -3.281 -0.139 3.562 1.046 -2.381 0.758 1.672 -3.443 -2.844 -1.371 0.157 3.825 2.052
371 R -1.439 4.001 3.1 -0.174 -2.065 0.269 -0.443 -1.196 0.374 -2.553 -2.391 2.136 -1.5 -2.488 -2.467 -0.827 -1.018 -2.509 -1.867 -2.256