#Seq2Logo.py -f /work3/idamei/ssn-clusterings/2206011120/clusters/0004_307/sequences.afa -m 0.0001 -b 50 -o /work3/idamei/ssn-clusterings/2206011120/clusters/0004_307/sequences.logo
Last position-specific scoring matrix computed, values are in halfbits
A R N D C Q E G H I L K M F P S T W Y V
0 M -1.179 -1.482 -2.459 -2.913 -0.267 -1.15 -2.452 -2.682 -1.067 1.504 2.036 -1.551 6.065 0.369 -3.341 -2.115 -1.145 -1.405 -0.931 0.891
1 Y -1.911 -1.876 -2.224 -3.121 -1.85 -1.882 -2.462 -3.031 2.006 -0.902 -1.009 -1.972 -0.781 3.25 -3.432 -2.536 -2.188 2.21 6.853 -1.078
2 L -1.639 -2.285 -3.461 -3.719 -0.249 -2.739 -3.404 -3.481 -2.412 1.906 4.193 -2.577 2.034 0.734 -3.703 -3.257 -1.679 -1.749 -1.155 1.007
3 L -1.529 -2.861 -3.394 -3.419 -0.249 -3.106 -3.653 -3.545 -2.671 4.088 2.732 -2.709 1.489 0.339 -3.636 -3.202 -1.332 -2.094 -1.305 2.286
4 T -0.251 -1.586 -0.905 -1.669 0.097 -1.617 -1.899 -1.875 -1.931 1.202 -0.325 -1.331 -0.101 -1.229 -2.201 -0.092 3.591 -2.349 -1.658 2.295
5 L -0.947 -1.617 -1.727 -2.369 -0.161 -1.609 -2.338 -2.405 -1.611 1.179 2.433 -1.591 3.752 -0.015 -2.818 -1.116 2.012 -1.79 -1.274 0.701
6 I -1.643 -2.992 -3.306 -3.371 -0.42 -3.301 -3.684 -3.452 -2.337 3.984 2.086 -2.837 1.191 2.743 -3.758 -3.181 -1.436 -1.429 -0.09 2.151
7 L -1.541 -2.857 -3.181 -3.39 -0.503 -3.283 -3.509 -3.26 -2.009 3.049 1.858 -2.881 0.967 4.041 -3.838 -3.025 -1.501 -0.849 0.781 2.186
8 S 0.106 -1.808 -0.886 -1.476 5.044 -1.719 -1.833 -1.296 -1.494 2.159 -0.294 -1.38 -0.205 -1.14 -2.379 1.898 0.028 -2.62 -1.83 0.793
9 V -0.291 -2.042 -1.776 -2.357 0.17 -2.102 -2.394 -2.405 -2.422 2.194 0.32 -1.851 0.346 -0.84 -2.686 -1.016 2.207 -2.417 -1.518 3.517
10 F -0.257 -1.721 -0.817 -1.491 -0.66 -1.869 -1.761 -1.269 -0.737 -0.713 -0.632 -1.515 -0.509 4.801 -2.693 1.85 -0.309 -0.473 1.351 -0.972
11 Y -1.911 -1.876 -2.224 -3.121 -1.85 -1.882 -2.462 -3.031 2.006 -0.902 -1.009 -1.972 -0.781 3.25 -3.432 -2.536 -2.188 2.21 6.853 -1.078
12 L -1.639 -2.285 -3.461 -3.719 -0.249 -2.739 -3.404 -3.481 -2.412 1.906 4.193 -2.577 2.034 0.734 -3.703 -3.257 -1.679 -1.749 -1.155 1.007
13 Y 1.606 -1.775 -2.061 -2.604 -0.797 -1.719 -2.062 -1.475 1.26 -0.911 -1.14 -1.589 -0.843 2.309 -2.672 -1.226 -1.52 1.306 5.753 -0.656
14 L -1.234 -2.492 -3.224 -3.508 -0.237 -2.891 -3.288 -3.245 -2.273 2.093 2.951 -2.667 1.382 2.76 -3.67 -2.916 -1.353 -1.334 -0.04 2.479
15 L -1.4 -1.856 -2.917 -3.288 -0.258 -1.836 -2.889 -3.054 -1.662 1.712 3.311 -2.019 4.703 0.557 -3.516 -2.63 -1.4 -1.572 -1.041 0.949
16 D -1.836 -1.241 3.615 5.067 -2.285 -0.851 0.472 -0.862 -0.042 -2.82 -3.472 -0.739 -2.606 -2.825 -2.484 -0.745 -1.154 -3.429 -2.779 -2.858
17 R -1.175 3.502 -0.454 -0.049 -2.309 0.812 2.442 -1.885 -0.004 -2.585 -2.409 2.941 -1.489 -2.724 -2.157 -1.112 -1.374 -2.486 -1.921 -2.196
18 N -1.645 -0.4 5.612 1.296 -1.832 -0.512 -0.711 -0.14 0.983 -2.698 -3.137 -0.281 -2.147 -2.36 -2.573 -0.104 -0.437 -2.952 -2.054 -2.546
19 K -1.032 3.032 -0.398 -0.945 -2.121 0.662 0.086 -1.558 -0.282 -2.298 -2.302 4.412 -1.322 -2.846 -1.932 -1.061 -1.239 -2.593 -1.885 -2.124
20 F -2.248 -2.572 -2.693 -3.312 -1.593 -3.092 -3.158 -2.992 0.407 -0.139 0.053 -2.843 -0.163 5.904 -4.126 -2.918 -2.373 1.324 4.846 -0.755
21 T -0.559 -1.077 0.004 2.068 -0.599 -0.589 1.14 -1.486 -0.976 -0.946 -1.684 -0.593 -1.084 -2.021 -1.91 0.17 3.528 -2.504 -2.024 -0.523
22 K -1.177 1.374 3.275 0.011 -2.032 0.328 -0.092 -0.989 0.121 -2.405 -2.612 3.793 -1.602 -2.753 -2.056 -0.702 -0.955 -2.78 -1.978 -2.273
23 Y -1.798 -1.763 -2.111 -3.008 -1.737 -1.769 -2.349 -2.918 2.119 -0.789 -0.896 -1.859 -0.668 3.363 -3.319 -2.423 -2.075 2.323 6.624 -0.965
24 L -1.493 -2.331 -2.828 -2.821 -0.818 -2.64 -2.751 -2.802 -1.875 0.734 2.595 -2.125 0.811 2.555 3.73 -2.553 -1.714 -1.696 -0.275 -0.011
25 A 4.143 -1.582 -1.761 -1.786 0.581 -1.419 -1.397 0.275 -1.31 -0.929 -1.42 -0.947 -0.972 -1.947 -1.574 0.356 -0.521 -2.539 -1.854 0.04
26 F -2.433 -2.995 -2.959 -3.413 -1.473 -3.963 -3.581 -2.973 -0.927 0.178 0.466 -3.403 0.103 6.663 -4.547 -3.129 -2.469 0.753 2.832 -0.606
27 F -2.054 -1.823 2.923 -1.024 -1.366 -2.244 -2.328 -1.812 -0.351 -0.057 0.988 -1.928 0.022 4.86 -3.663 -1.82 -1.566 -0.451 1.362 -0.739
28 L -1.135 -2.382 -3.31 -3.559 -0.076 -2.721 -3.26 -3.332 -2.599 2.29 3.443 -2.546 1.662 0.379 -3.552 -2.935 -1.252 -1.975 -1.229 2.6
29 V 1.922 -2.293 -2.586 -2.685 0.286 -2.279 -2.452 -1.53 -2.3 2.634 0.434 -1.915 0.36 -0.776 -2.63 -1.236 -0.635 -2.469 -1.532 3.216
30 L -1.556 -2.706 -3.411 -3.491 -0.249 -3.01 -3.589 -3.529 -2.604 3.677 3.172 -2.675 1.635 0.443 -3.653 -3.216 -1.415 -2.004 -1.267 2.016
31 F -1.622 -2.663 -2.39 -2.842 -0.74 -3.092 -3.162 -2.819 -1.536 2.55 0.702 -2.619 0.409 4.905 -3.584 -2.085 0.605 -0.383 1.409 1.067
32 P -0.935 -2.112 -2.032 -1.662 -1.556 -2.032 -1.721 -1.951 -1.706 -2.416 -2.849 -1.163 -2.502 -3.434 6.76 -1.551 -1.447 -4.648 -2.734 -2.26
33 V -0.765 -2.25 -2.875 -3.144 0.001 -2.155 -2.911 -3.002 -2.184 2.983 1.416 -2.181 3.714 -0.078 -3.347 -2.405 -0.836 -2.049 -1.225 3.323
34 C 0.811 -2.825 -2.883 -3.037 6.805 -2.863 -3.162 -2.059 -2.599 2.724 0.338 -2.454 0.157 -0.9 -3.014 -1.709 -1.017 -2.676 -1.89 2.106
35 F -1.552 -2.852 -2.982 -3.362 -0.782 -3.472 -3.371 -3.0 -1.47 1.409 0.598 -3.064 0.328 5.611 -4.056 -2.858 -1.679 0.018 1.979 2.082
36 L -1.234 -2.492 -3.224 -3.508 -0.237 -2.891 -3.288 -3.245 -2.273 2.093 2.951 -2.667 1.382 2.76 -3.67 -2.916 -1.353 -1.334 -0.04 2.479
37 Y -2.075 -2.203 -2.449 -3.215 -1.719 -2.424 -2.789 -3.011 1.316 -0.496 -0.429 -2.375 -0.455 4.872 -3.758 -2.721 -2.279 1.801 6.021 -0.912
38 F -2.433 -2.995 -2.959 -3.413 -1.473 -3.963 -3.581 -2.973 -0.927 0.178 0.466 -3.403 0.103 6.663 -4.547 -3.129 -2.469 0.753 2.832 -0.606
39 F -1.569 -1.093 -1.802 -2.036 -1.147 2.299 -0.996 -2.584 -0.687 2.329 0.351 -0.941 0.342 3.866 -3.311 -2.169 -1.506 -0.889 0.762 0.783
40 V -0.457 -2.369 -2.925 -3.202 0.162 -2.366 -2.895 -2.989 -2.584 2.737 1.082 -2.308 2.572 -0.334 -3.282 -2.336 -0.641 -2.275 -1.303 4.015
41 P -0.935 -2.112 -2.032 -1.662 -1.556 -2.032 -1.721 -1.951 -1.706 -2.416 -2.849 -1.163 -2.502 -3.434 6.76 -1.551 -1.447 -4.648 -2.734 -2.26
42 A 4.143 -1.582 -1.761 -1.786 0.581 -1.419 -1.397 0.275 -1.31 -0.929 -1.42 -0.947 -0.972 -1.947 -1.574 0.356 -0.521 -2.539 -1.854 0.04
43 L -1.589 -2.088 -3.008 -3.376 -0.427 -2.244 -3.076 -3.107 -1.633 1.542 3.179 -2.3 3.936 2.867 -3.696 -2.806 -1.6 -1.054 0.061 0.752
44 Q -0.981 0.908 -0.191 -0.456 -2.01 5.21 1.293 -1.578 0.671 -2.339 -2.09 1.123 -0.502 -3.057 -2.25 -0.853 -1.074 -2.283 -1.384 -1.886
45 Y -1.838 -1.658 1.393 -1.87 -1.528 -1.747 -2.238 -2.397 1.416 -0.391 0.613 -1.724 -0.234 2.455 -3.335 -2.086 -1.761 1.324 5.759 -0.787
46 D -1.836 -1.241 3.615 5.067 -2.285 -0.851 0.472 -0.862 -0.042 -2.82 -3.472 -0.739 -2.606 -2.825 -2.484 -0.745 -1.154 -3.429 -2.779 -2.858
47 V -0.332 -2.585 -3.028 -3.263 0.241 -2.686 -2.992 -3.054 -3.014 2.931 0.847 -2.487 0.733 -0.497 -3.27 -2.383 -0.55 -2.486 -1.384 4.373
48 G -0.009 -2.456 -0.539 -1.422 -1.419 -2.294 -2.721 5.9 -1.575 -3.314 -3.559 -1.75 -2.766 -2.777 -2.878 -1.101 -2.018 -2.539 -3.247 -2.963
49 T -0.211 -1.191 -0.238 -1.113 0.023 -1.202 -1.477 -1.428 -1.512 -0.323 -1.156 -0.89 -0.631 -1.679 -1.786 0.606 4.522 -2.283 -1.805 0.131
50 D -1.876 -1.687 1.1 5.975 -2.471 -0.971 0.951 -1.222 -0.635 -2.824 -3.59 -0.928 -2.796 -3.018 -2.388 -1.051 -1.512 -3.63 -3.142 -2.963
51 Y -1.911 -1.876 -2.224 -3.121 -1.85 -1.882 -2.462 -3.031 2.006 -0.902 -1.009 -1.972 -0.781 3.25 -3.432 -2.536 -2.188 2.21 6.853 -1.078
52 F -1.593 -2.165 -2.756 -3.131 -0.612 -2.16 -2.988 -2.912 -1.242 2.094 1.518 -2.252 4.458 4.069 -3.737 -2.584 -1.528 -0.588 0.876 0.94
53 S 0.969 -0.84 0.398 -0.347 -0.026 -0.669 -0.654 -0.205 -0.559 -2.01 -2.427 -0.384 -1.285 -2.042 -1.574 3.581 0.912 -2.648 -1.854 -1.391
54 Y -1.911 -1.876 -2.224 -3.121 -1.85 -1.882 -2.462 -3.031 2.006 -0.902 -1.009 -1.972 -0.781 3.25 -3.432 -2.536 -2.188 2.21 6.853 -1.078
55 V -0.332 -2.585 -3.028 -3.263 0.241 -2.686 -2.992 -3.054 -3.014 2.931 0.847 -2.487 0.733 -0.497 -3.27 -2.383 -0.55 -2.486 -1.384 4.373
56 D -1.415 -0.861 0.433 4.516 -2.49 0.347 3.405 -1.606 -0.133 -2.843 -3.169 -0.078 -2.286 -2.858 -2.177 -0.969 -1.455 -3.002 -2.519 -2.575
57 M -1.179 -1.482 -2.459 -2.913 -0.267 -1.15 -2.452 -2.682 -1.067 1.504 2.036 -1.551 6.065 0.369 -3.341 -2.115 -1.145 -1.405 -0.931 0.891
58 Y -1.911 -1.876 -2.224 -3.121 -1.85 -1.882 -2.462 -3.031 2.006 -0.902 -1.009 -1.972 -0.781 3.25 -3.432 -2.536 -2.188 2.21 6.853 -1.078
59 K -1.294 2.613 3.266 -0.082 -2.076 0.275 -0.235 -1.088 0.172 -2.486 -2.572 3.346 -1.602 -2.698 -2.217 -0.776 -1.009 -2.723 -1.975 -2.301
60 Y -1.876 -1.322 -1.087 -2.26 -2.032 -1.237 -1.7 -2.558 5.609 -1.399 -1.469 -1.554 -0.961 2.398 -3.224 -2.221 -2.233 1.407 5.905 -1.615
61 G -0.009 -2.456 -0.539 -1.422 -1.419 -2.294 -2.721 5.9 -1.575 -3.314 -3.559 -1.75 -2.766 -2.777 -2.878 -1.101 -2.018 -2.539 -3.247 -2.963
62 Y -1.911 -1.876 -2.224 -3.121 -1.85 -1.882 -2.462 -3.031 2.006 -0.902 -1.009 -1.972 -0.781 3.25 -3.432 -2.536 -2.188 2.21 6.853 -1.078
63 N -1.759 -0.514 5.842 1.183 -1.945 -0.626 -0.824 -0.253 0.87 -2.811 -3.25 -0.394 -2.26 -2.473 -2.686 -0.217 -0.55 -3.065 -2.167 -2.659
64 I -1.042 -2.98 -3.246 -3.274 -0.076 -3.086 -3.496 -3.392 -2.876 4.274 1.354 -2.677 1.033 -0.072 -3.488 -2.886 -0.95 -2.349 -1.384 3.404
65 E -1.276 -0.632 0.171 3.801 -2.497 0.679 3.91 -1.746 0.016 -2.85 -3.041 0.158 -2.134 -2.807 -2.11 -0.942 -1.436 -2.819 -2.338 -2.456
66 Y -1.896 -2.173 -2.706 -3.357 -1.159 -2.424 -2.919 -3.163 0.684 0.498 1.962 -2.368 0.594 3.735 -3.683 -2.855 -2.051 1.119 5.191 -0.143
67 Y -1.911 -1.876 -2.224 -3.121 -1.85 -1.882 -2.462 -3.031 2.006 -0.902 -1.009 -1.972 -0.781 3.25 -3.432 -2.536 -2.188 2.21 6.853 -1.078
68 Y -1.911 -1.876 -2.224 -3.121 -1.85 -1.882 -2.462 -3.031 2.006 -0.902 -1.009 -1.972 -0.781 3.25 -3.432 -2.536 -2.188 2.21 6.853 -1.078
69 E -1.21 0.651 3.269 0.753 -2.167 0.545 2.423 -1.149 0.316 -2.617 -2.773 2.543 -1.786 -2.689 -2.126 -0.675 -1.021 -2.723 -2.018 -2.32
70 K -0.925 1.995 -0.367 -0.821 -2.076 0.708 0.214 -1.441 -0.342 -2.222 -2.339 4.728 -1.322 -2.904 -1.786 -0.98 -1.181 -2.648 -1.887 -2.098
71 G -0.809 0.24 3.259 -0.128 -1.799 -0.486 -0.871 3.249 -0.179 -2.748 -3.002 2.26 -2.053 -2.712 -2.41 -0.739 -1.188 -2.742 -2.377 -2.551
72 E -1.018 -0.221 -0.437 1.419 -2.51 1.248 4.712 -2.048 0.294 -2.863 -2.802 0.578 -1.852 -2.707 -1.98 -0.89 -1.4 -2.486 -2.007 -2.233
73 L -2.103 -2.458 -3.022 -3.508 -1.176 -2.942 -3.222 -3.046 -0.541 0.542 2.037 -2.759 0.645 4.364 -4.157 -3.112 -2.183 5.923 3.398 -0.204
74 V -0.332 -2.585 -3.028 -3.263 0.241 -2.686 -2.992 -3.054 -3.014 2.931 0.847 -2.487 0.733 -0.497 -3.27 -2.383 -0.55 -2.486 -1.384 4.373
75 F -2.433 -2.995 -2.959 -3.413 -1.473 -3.963 -3.581 -2.973 -0.927 0.178 0.466 -3.403 0.103 6.663 -4.547 -3.129 -2.469 0.753 2.832 -0.606
76 Y -1.876 -1.322 -1.087 -2.26 -2.032 -1.237 -1.7 -2.558 5.609 -1.399 -1.469 -1.554 -0.961 2.398 -3.224 -2.221 -2.233 1.407 5.905 -1.615
77 Y -0.126 -1.312 -0.625 -1.413 -0.797 -1.212 -1.419 -1.285 1.0 -1.403 -1.632 -1.07 -1.022 1.677 -2.356 1.908 -0.24 0.701 4.991 -1.23
78 L -1.529 -2.861 -3.394 -3.419 -0.249 -3.106 -3.653 -3.545 -2.671 4.088 2.732 -2.709 1.489 0.339 -3.636 -3.202 -1.332 -2.094 -1.305 2.286
79 L -1.639 -2.285 -3.461 -3.719 -0.249 -2.739 -3.404 -3.481 -2.412 1.906 4.193 -2.577 2.034 0.734 -3.703 -3.257 -1.679 -1.749 -1.155 1.007
80 K -0.731 0.663 -0.939 -1.274 -1.067 2.741 -0.003 -1.938 -0.524 0.581 -0.804 2.464 -0.239 -1.898 -2.371 -1.327 -0.921 -2.469 -1.542 1.778
81 I -1.761 -3.13 -3.221 -3.323 -0.602 -3.51 -3.716 -3.362 -2.038 3.877 1.253 -2.971 0.858 4.036 -3.885 -3.16 -1.544 -0.889 0.762 2.009
82 L 1.336 -1.375 -0.773 -1.357 0.015 -1.345 -1.456 -0.835 -1.189 0.044 1.603 -1.053 0.311 -0.787 -2.126 2.037 0.032 -2.3 -1.602 -0.147
83 R -1.078 4.647 -0.449 -1.468 -1.331 -0.027 -0.907 -1.935 -0.422 -1.68 -1.765 1.249 -1.073 -2.242 -2.423 -0.619 1.981 -2.316 -1.849 -1.228
84 A 2.153 0.294 -0.444 -0.925 -0.303 -0.322 -0.537 -0.371 -0.708 -1.663 -2.025 2.337 -1.189 -2.267 -1.643 1.643 -0.127 -2.611 -1.865 -1.009
85 F -2.285 -2.864 -3.037 -3.462 -1.229 -3.719 -3.551 -3.052 -1.127 0.548 1.518 -3.248 0.528 6.21 -4.388 -3.15 -2.322 0.46 2.447 -0.267
86 G 0.344 1.552 -0.035 -0.866 -0.743 -0.87 -1.194 3.282 -0.748 -2.503 -2.699 -0.167 -1.707 -2.355 -2.143 2.08 -0.151 -2.557 -2.251 -1.976
87 L -1.639 -2.285 -3.461 -3.719 -0.249 -2.739 -3.404 -3.481 -2.412 1.906 4.193 -2.577 2.034 0.734 -3.703 -3.257 -1.679 -1.749 -1.155 1.007
88 G -0.009 -2.456 -0.539 -1.422 -1.419 -2.294 -2.721 5.9 -1.575 -3.314 -3.559 -1.75 -2.766 -2.777 -2.878 -1.101 -2.018 -2.539 -3.247 -2.963
89 E -1.018 -0.221 -0.437 1.419 -2.51 1.248 4.712 -2.048 0.294 -2.863 -2.802 0.578 -1.852 -2.707 -1.98 -0.89 -1.4 -2.486 -2.007 -2.233
90 Q -0.981 0.908 -0.191 -0.456 -2.01 5.21 1.293 -1.578 0.671 -2.339 -2.09 1.123 -0.502 -3.057 -2.25 -0.853 -1.074 -2.283 -1.384 -1.886
91 S 0.969 -0.84 0.398 -0.347 -0.026 -0.669 -0.654 -0.205 -0.559 -2.01 -2.427 -0.384 -1.285 -2.042 -1.574 3.581 0.912 -2.648 -1.854 -1.391
92 I -1.042 -2.98 -3.246 -3.274 -0.076 -3.086 -3.496 -3.392 -2.876 4.274 1.354 -2.677 1.033 -0.072 -3.488 -2.886 -0.95 -2.349 -1.384 3.404
93 F -2.433 -2.995 -2.959 -3.413 -1.473 -3.963 -3.581 -2.973 -0.927 0.178 0.466 -3.403 0.103 6.663 -4.547 -3.129 -2.469 0.753 2.832 -0.606
94 V -0.494 -2.679 -3.081 -3.266 0.165 -2.781 -3.11 -3.135 -2.979 3.33 0.982 -2.533 0.811 -0.385 -3.323 -2.501 -0.645 -2.451 -1.384 4.16
95 L -1.081 -1.873 -1.955 -2.57 -0.156 -2.131 -2.61 -2.624 -2.08 1.336 3.24 -1.899 1.386 0.13 -2.914 -1.348 1.957 -1.917 -1.356 0.743
96 V -0.291 -2.042 -1.776 -2.357 0.17 -2.102 -2.394 -2.405 -2.422 2.194 0.32 -1.851 0.346 -0.84 -2.686 -1.016 2.207 -2.417 -1.518 3.517
97 S 0.969 -0.84 0.398 -0.347 -0.026 -0.669 -0.654 -0.205 -0.559 -2.01 -2.427 -0.384 -1.285 -2.042 -1.574 3.581 0.912 -2.648 -1.854 -1.391
98 L -1.325 -2.612 -3.352 -3.488 -0.161 -2.907 -3.45 -3.437 -2.635 3.327 3.109 -2.627 1.577 0.359 -3.594 -3.066 -1.292 -2.034 -1.267 2.447
99 V -0.665 -2.776 -3.135 -3.269 0.087 -2.879 -3.233 -3.218 -2.944 3.68 1.111 -2.581 0.887 -0.277 -3.377 -2.624 -0.743 -2.417 -1.384 3.929
100 Y -1.859 -1.347 3.005 -0.915 -1.882 -1.4 -1.807 -1.786 1.674 -1.41 -1.582 -1.345 -1.195 2.272 -3.161 -1.542 -1.533 1.263 5.746 -1.515
101 T 0.439 -1.01 0.098 -0.705 -0.002 -0.923 -1.036 -0.752 -0.996 -1.045 -1.722 -0.626 -0.94 -1.855 -1.678 2.461 3.248 -2.46 -1.83 -0.531
102 F -1.712 -2.672 -3.129 -3.485 -0.691 -3.276 -3.416 -3.147 -1.644 1.423 2.322 -2.943 0.986 4.972 -4.006 -3.031 -1.797 -0.3 1.464 1.421
103 F -0.817 -2.086 -1.371 -2.001 -0.906 -2.414 -2.25 -1.734 -0.799 -0.385 -0.218 -2.019 -0.29 5.562 -3.19 0.926 -0.867 -0.004 1.933 -0.845
104 W -2.639 -2.643 -3.159 -3.613 -2.076 -3.23 -3.229 -2.624 -1.127 -1.056 -0.809 -3.051 -0.796 4.214 -5.15 -3.341 -2.681 9.583 2.347 -1.633
105 L -0.31 -1.758 -1.514 -2.075 -0.087 -1.867 -2.127 -1.898 -1.725 1.346 2.65 -1.638 1.052 -0.15 -2.751 0.945 -0.387 -2.14 -1.41 1.485
106 Y 1.606 -1.775 -2.061 -2.604 -0.797 -1.719 -2.062 -1.475 1.26 -0.911 -1.14 -1.589 -0.843 2.309 -2.672 -1.226 -1.52 1.306 5.753 -0.656
107 F -1.946 -2.927 -3.168 -3.416 -0.797 -3.503 -3.617 -3.245 -1.669 2.75 1.816 -3.035 0.878 4.968 -4.056 -3.166 -1.845 -0.333 1.449 1.188
108 L -1.088 -2.665 -3.278 -3.413 -0.076 -2.898 -3.376 -3.362 -2.734 3.449 2.584 -2.611 1.364 0.162 -3.52 -2.911 -1.097 -2.156 -1.305 3.03
109 Y -1.119 -2.505 -2.729 -3.28 4.961 -2.674 -3.032 -2.886 -0.105 1.105 -0.031 -2.537 -0.095 3.233 -3.51 -2.429 -1.452 0.344 4.206 2.031
110 L -1.639 -2.285 -3.461 -3.719 -0.249 -2.739 -3.404 -3.481 -2.412 1.906 4.193 -2.577 2.034 0.734 -3.703 -3.257 -1.679 -1.749 -1.155 1.007
111 L -1.639 -2.285 -3.461 -3.719 -0.249 -2.739 -3.404 -3.481 -2.412 1.906 4.193 -2.577 2.034 0.734 -3.703 -3.257 -1.679 -1.749 -1.155 1.007
112 K -0.925 1.995 -0.367 -0.821 -2.076 0.708 0.214 -1.441 -0.342 -2.222 -2.339 4.728 -1.322 -2.904 -1.786 -0.98 -1.181 -2.648 -1.887 -2.098
113 K -1.177 1.374 3.275 0.011 -2.032 0.328 -0.092 -0.989 0.121 -2.405 -2.612 3.793 -1.602 -2.753 -2.056 -0.702 -0.955 -2.78 -1.978 -2.273
114 A 1.621 -1.263 3.032 -0.663 -0.818 -1.262 -1.484 -0.685 0.824 -1.421 -1.742 -1.033 -1.267 0.843 -2.462 -0.556 -0.989 -0.087 3.939 -1.029
115 G -0.753 -1.324 4.142 0.165 -1.67 -1.341 -1.619 4.223 -0.101 -3.052 -3.401 -0.993 -2.502 -2.621 -2.781 -0.625 -1.192 -2.79 -2.657 -2.807
116 Y -2.075 -2.203 -2.449 -3.215 -1.719 -2.424 -2.789 -3.011 1.316 -0.496 -0.429 -2.375 -0.455 4.872 -3.758 -2.721 -2.279 1.801 6.021 -0.912
117 K -1.032 3.032 -0.398 -0.945 -2.121 0.662 0.086 -1.558 -0.282 -2.298 -2.302 4.412 -1.322 -2.846 -1.932 -1.061 -1.239 -2.593 -1.885 -2.124
118 I -1.042 -2.98 -3.246 -3.274 -0.076 -3.086 -3.496 -3.392 -2.876 4.274 1.354 -2.677 1.033 -0.072 -3.488 -2.886 -0.95 -2.349 -1.384 3.404
119 W -2.748 -2.482 -3.265 -3.719 -2.433 -2.923 -3.068 -2.464 -1.233 -1.952 -1.749 -2.89 -1.379 1.03 -5.507 -3.454 -2.794 10.708 2.071 -2.326
120 L -1.112 -2.52 -3.293 -3.485 -0.076 -2.808 -3.318 -3.347 -2.666 2.927 3.045 -2.579 1.517 0.273 -3.535 -2.923 -1.173 -2.064 -1.267 2.823
121 I -1.161 -2.947 -3.178 -3.296 -0.237 -3.177 -3.464 -3.289 -2.455 3.78 1.183 -2.769 0.872 2.62 -3.62 -2.879 -1.116 -1.553 -0.116 3.126
122 F 1.762 -2.325 -2.522 -2.723 -0.087 -2.505 -2.504 -1.468 -1.618 1.202 0.12 -2.098 0.038 3.856 -2.873 -1.307 -1.048 -0.981 0.692 2.176
123 L -2.009 -2.618 -3.199 -3.562 -0.797 -3.287 -3.491 -3.216 -1.575 1.17 2.893 -2.96 1.227 5.011 -4.094 -3.193 -2.047 -0.235 1.479 0.312
124 L -1.639 -2.285 -3.461 -3.719 -0.249 -2.739 -3.404 -3.481 -2.412 1.906 4.193 -2.577 2.034 0.734 -3.703 -3.257 -1.679 -1.749 -1.155 1.007
125 Y -2.075 -2.203 -2.449 -3.215 -1.719 -2.424 -2.789 -3.011 1.316 -0.496 -0.429 -2.375 -0.455 4.872 -3.758 -2.721 -2.279 1.801 6.021 -0.912
126 F -2.433 -2.995 -2.959 -3.413 -1.473 -3.963 -3.581 -2.973 -0.927 0.178 0.466 -3.403 0.103 6.663 -4.547 -3.129 -2.469 0.753 2.832 -0.606
127 C -0.43 -2.482 -1.791 -2.478 8.659 -2.544 -2.907 -1.956 -2.441 -0.651 -1.159 -2.216 -0.983 -1.969 -2.705 -0.745 2.008 -2.94 -2.484 -0.279
128 V -0.665 -2.776 -3.135 -3.269 0.087 -2.879 -3.233 -3.218 -2.944 3.68 1.111 -2.581 0.887 -0.277 -3.377 -2.624 -0.743 -2.417 -1.384 3.929
129 T -0.211 -1.191 -0.238 -1.113 0.023 -1.202 -1.477 -1.428 -1.512 -0.323 -1.156 -0.89 -0.631 -1.679 -1.786 0.606 4.522 -2.283 -1.805 0.131
130 G -0.009 -2.456 -0.539 -1.422 -1.419 -2.294 -2.721 5.9 -1.575 -3.314 -3.559 -1.75 -2.766 -2.777 -2.878 -1.101 -2.018 -2.539 -3.247 -2.963
131 I -1.476 -3.2 -3.361 -3.28 -0.249 -3.308 -3.786 -3.578 -2.81 4.767 1.578 -2.777 1.172 0.119 -3.603 -3.175 -1.173 -2.283 -1.384 2.761
132 Y -1.911 -1.876 -2.224 -3.121 -1.85 -1.882 -2.462 -3.031 2.006 -0.902 -1.009 -1.972 -0.781 3.25 -3.432 -2.536 -2.188 2.21 6.853 -1.078
133 Q -1.231 0.521 0.005 -0.643 -2.144 4.249 0.789 -1.649 5.397 -2.473 -2.277 0.6 -0.76 -2.174 -2.436 -1.103 -1.434 -2.019 -0.039 -2.245
134 N -1.759 -0.514 5.842 1.183 -1.945 -0.626 -0.824 -0.253 0.87 -2.811 -3.25 -0.394 -2.26 -2.473 -2.686 -0.217 -0.55 -3.065 -2.167 -2.659
135 Q -0.981 0.908 -0.191 -0.456 -2.01 5.21 1.293 -1.578 0.671 -2.339 -2.09 1.123 -0.502 -3.057 -2.25 -0.853 -1.074 -2.283 -1.384 -1.886
136 L -1.478 -1.992 -3.087 -3.424 -0.255 -2.107 -3.051 -3.19 -1.891 1.778 3.636 -2.193 4.055 0.617 -3.577 -2.824 -1.49 -1.63 -1.078 0.969
137 N -1.759 -0.514 5.842 1.183 -1.945 -0.626 -0.824 -0.253 0.87 -2.811 -3.25 -0.394 -2.26 -2.473 -2.686 -0.217 -0.55 -3.065 -2.167 -2.659
138 G -0.009 -2.456 -0.539 -1.422 -1.419 -2.294 -2.721 5.9 -1.575 -3.314 -3.559 -1.75 -2.766 -2.777 -2.878 -1.101 -2.018 -2.539 -3.247 -2.963
139 L -1.639 -2.285 -3.461 -3.719 -0.249 -2.739 -3.404 -3.481 -2.412 1.906 4.193 -2.577 2.034 0.734 -3.703 -3.257 -1.679 -1.749 -1.155 1.007
140 R -1.633 5.687 -0.561 -1.662 -2.358 0.419 -0.659 -2.227 -0.0 -2.71 -2.127 1.92 -1.322 -2.571 -2.803 -1.505 -1.553 -2.333 -1.871 -2.26
141 Q -0.981 0.908 -0.191 -0.456 -2.01 5.21 1.293 -1.578 0.671 -2.339 -2.09 1.123 -0.502 -3.057 -2.25 -0.853 -1.074 -2.283 -1.384 -1.886
142 Y -1.911 -1.876 -2.224 -3.121 -1.85 -1.882 -2.462 -3.031 2.006 -0.902 -1.009 -1.972 -0.781 3.25 -3.432 -2.536 -2.188 2.21 6.853 -1.078
143 L -1.274 -1.949 -2.729 -3.03 -0.261 -1.707 -2.832 -2.951 -1.54 3.034 1.891 -1.905 5.149 0.288 -3.426 -2.427 -1.154 -1.669 -1.074 1.657
144 A 4.143 -1.582 -1.761 -1.786 0.581 -1.419 -1.397 0.275 -1.31 -0.929 -1.42 -0.947 -0.972 -1.947 -1.574 0.356 -0.521 -2.539 -1.854 0.04
145 I -1.476 -3.2 -3.361 -3.28 -0.249 -3.308 -3.786 -3.578 -2.81 4.767 1.578 -2.777 1.172 0.119 -3.603 -3.175 -1.173 -2.283 -1.384 2.761
146 A 3.145 -1.677 -1.907 -2.166 -0.026 -1.565 -1.71 -0.469 0.252 -0.92 -1.276 -1.25 -0.907 0.903 -2.071 -0.328 -0.977 -0.019 3.952 -0.287
147 L -1.529 -2.861 -3.394 -3.419 -0.249 -3.106 -3.653 -3.545 -2.671 4.088 2.732 -2.709 1.489 0.339 -3.636 -3.202 -1.332 -2.094 -1.305 2.286
148 L -1.639 -2.285 -3.461 -3.719 -0.249 -2.739 -3.404 -3.481 -2.412 1.906 4.193 -2.577 2.034 0.734 -3.703 -3.257 -1.679 -1.749 -1.155 1.007
149 P -0.935 -2.112 -2.032 -1.662 -1.556 -2.032 -1.721 -1.951 -1.706 -2.416 -2.849 -1.163 -2.502 -3.434 6.76 -1.551 -1.447 -4.648 -2.734 -2.26
150 C -0.867 -3.0 -3.19 -3.583 8.655 -3.258 -3.802 -2.614 -2.821 0.391 1.808 -2.984 0.321 -0.834 -3.432 -2.185 -1.501 -2.704 -2.192 0.09
151 L -0.275 -1.985 -1.497 -1.987 -0.087 -1.997 -2.204 -1.917 -1.824 2.853 1.455 -1.685 0.681 -0.412 -2.727 0.952 -0.272 -2.333 -1.491 2.098
152 F -2.077 -3.062 -3.087 -3.368 -1.005 -3.728 -3.648 -3.161 -1.429 2.583 0.886 -3.179 0.505 5.638 -4.197 -3.145 -1.97 0.047 1.979 0.988
153 L -1.3 -2.762 -3.335 -3.416 -0.161 -3.0 -3.511 -3.452 -2.703 3.786 2.659 -2.66 1.427 0.252 -3.577 -3.053 -1.212 -2.125 -1.305 2.682
154 L -1.376 -2.333 -3.384 -3.638 -0.161 -2.73 -3.331 -3.406 -2.504 2.104 3.842 -2.562 1.854 0.562 -3.626 -3.092 -1.458 -1.86 -1.192 1.912
155 L -1.88 -2.503 -3.284 -3.613 -0.602 -3.092 -3.462 -3.302 -1.828 1.437 3.394 -2.827 1.522 4.151 -3.958 -3.214 -1.919 -0.657 0.836 0.563
156 Y -1.911 -1.876 -2.224 -3.121 -1.85 -1.882 -2.462 -3.031 2.006 -0.902 -1.009 -1.972 -0.781 3.25 -3.432 -2.536 -2.188 2.21 6.853 -1.078
157 E -0.272 -0.222 2.123 0.607 -1.297 1.892 2.476 -0.934 0.22 -2.458 -2.61 0.25 -1.449 -2.481 -1.982 1.491 -0.256 -2.593 -1.868 -1.928
158 R -1.69 4.683 -0.22 -1.447 -2.383 0.209 -0.639 -2.076 5.318 -2.727 -2.304 1.253 -1.335 -1.925 -2.818 -1.562 -1.788 -2.049 -0.233 -2.523
159 K -0.934 1.84 -0.337 -0.757 -2.065 2.112 0.425 -1.463 -0.146 -2.241 -2.296 4.363 -1.168 -2.929 -1.858 -0.958 -1.163 -2.584 -1.797 -2.061
160 Y -2.075 -2.203 -2.449 -3.215 -1.719 -2.424 -2.789 -3.011 1.316 -0.496 -0.429 -2.375 -0.455 4.872 -3.758 -2.721 -2.279 1.801 6.021 -0.912
161 L -1.82 -2.799 -3.252 -3.465 -0.602 -3.294 -3.586 -3.332 -1.931 2.907 2.518 -2.898 1.209 4.094 -3.921 -3.187 -1.726 -0.771 0.799 1.375
162 L -1.143 -2.273 -2.839 -2.8 -0.523 -2.475 -2.67 -2.815 -2.241 1.306 2.627 -2.012 0.901 -0.348 3.745 -2.439 -1.384 -2.575 -1.635 1.392
163 A 3.417 -1.313 -0.85 -1.223 0.392 -1.146 -1.128 0.124 -1.037 -1.246 -1.718 -0.747 -1.073 -1.978 -1.574 1.863 0.04 -2.575 -1.854 -0.363
164 F -1.071 -2.369 -2.369 -2.877 -0.358 -2.715 -2.903 -2.746 -1.832 1.609 1.468 -2.409 0.635 3.959 -3.359 -1.897 0.777 -0.869 0.75 2.273
165 V -0.108 -2.028 -1.458 -1.942 -0.004 -1.99 -2.156 -1.872 -1.899 2.997 0.445 -1.673 0.387 -0.672 -2.672 0.991 -0.134 -2.469 -1.532 2.747
166 L -1.081 -1.873 -1.955 -2.57 -0.156 -2.131 -2.61 -2.624 -2.08 1.336 3.24 -1.899 1.386 0.13 -2.914 -1.348 1.957 -1.917 -1.356 0.743
167 T 0.238 -1.069 -0.01 -0.835 0.006 -1.013 -1.176 -0.96 -1.158 -0.784 -1.521 -0.711 -0.833 -1.795 -1.713 1.964 3.738 -2.4 -1.822 -0.293
168 L 0.615 -2.467 -3.002 -3.093 -0.01 -2.626 -2.996 -2.386 -2.403 3.137 2.437 -2.277 1.187 0.007 -3.128 -2.116 -1.091 -2.164 -1.377 2.363
169 I -1.79 -2.96 -3.237 -3.393 -0.602 -3.4 -3.65 -3.347 -1.984 3.433 1.954 -2.934 1.039 4.065 -3.903 -3.173 -1.634 -0.829 0.781 1.709
170 A 4.143 -1.582 -1.761 -1.786 0.581 -1.419 -1.397 0.275 -1.31 -0.929 -1.42 -0.947 -0.972 -1.947 -1.574 0.356 -0.521 -2.539 -1.854 0.04
171 S 0.407 -1.379 -0.489 -1.181 0.074 -1.297 -1.395 -1.1 -1.343 0.798 -0.738 -1.025 -0.356 -1.379 -2.077 2.115 1.632 -2.53 -1.681 2.001
172 L -1.88 -2.503 -3.284 -3.613 -0.602 -3.092 -3.462 -3.302 -1.828 1.437 3.394 -2.827 1.522 4.151 -3.958 -3.214 -1.919 -0.657 0.836 0.563
173 C 0.052 -2.293 -1.411 -2.043 8.658 -2.249 -2.428 -1.403 -1.963 -1.173 -1.524 -1.938 -1.213 -2.098 -2.606 1.197 -0.417 -3.086 -2.505 -0.774
174 H -1.806 -0.456 0.361 -1.06 -2.433 -0.264 -0.599 -1.796 8.167 -2.76 -2.694 -0.864 -1.36 -0.951 -2.848 -1.678 -2.325 -1.553 1.568 -3.134
175 A 3.117 -1.981 -2.108 -2.234 0.044 -2.046 -1.959 -0.461 -1.176 -0.511 -0.646 -1.559 -0.568 3.771 -2.27 -0.412 -1.037 -0.991 0.621 -0.16
176 S 0.969 -0.84 0.398 -0.347 -0.026 -0.669 -0.654 -0.205 -0.559 -2.01 -2.427 -0.384 -1.285 -2.042 -1.574 3.581 0.912 -2.648 -1.854 -1.391
177 F -2.248 -2.572 -2.693 -3.312 -1.593 -3.092 -3.158 -2.992 0.407 -0.139 0.053 -2.843 -0.163 5.904 -4.126 -2.918 -2.373 1.324 4.846 -0.755
178 L 1.679 -2.281 -2.75 -2.805 0.055 -2.377 -2.661 -1.658 -2.105 2.786 2.282 -1.978 0.997 -0.157 -2.783 -1.494 -1.085 -2.172 -1.45 1.494
179 L -1.088 -2.665 -3.278 -3.413 -0.076 -2.898 -3.376 -3.362 -2.734 3.449 2.584 -2.611 1.364 0.162 -3.52 -2.911 -1.097 -2.156 -1.305 3.03
180 V -0.291 -2.042 -1.776 -2.357 0.17 -2.102 -2.394 -2.405 -2.422 2.194 0.32 -1.851 0.346 -0.84 -2.686 -1.016 2.207 -2.417 -1.518 3.517
181 Y -2.075 -2.203 -2.449 -3.215 -1.719 -2.424 -2.789 -3.011 1.316 -0.496 -0.429 -2.375 -0.455 4.872 -3.758 -2.721 -2.279 1.801 6.021 -0.912
182 P -1.104 -2.431 -2.411 -2.108 -1.052 -2.398 -2.26 -2.398 -2.029 2.04 -0.557 -1.608 -0.715 -1.724 5.629 -1.998 -1.353 -3.63 -2.211 0.459
183 F -2.077 -3.062 -3.087 -3.368 -1.005 -3.728 -3.648 -3.161 -1.429 2.583 0.886 -3.179 0.505 5.638 -4.197 -3.145 -1.97 0.047 1.979 0.988
184 F -2.109 -2.458 -2.764 -3.359 -1.34 -2.91 -3.132 -3.072 0.283 0.27 1.237 -2.715 0.3 5.299 -3.988 -2.937 -2.23 1.086 4.661 -0.399
185 F -1.915 -3.095 -3.153 -3.345 -0.797 -3.617 -3.681 -3.26 -1.717 3.302 1.075 -3.073 0.687 4.947 -4.037 -3.152 -1.749 -0.383 1.434 1.543
186 F -1.712 -2.672 -3.129 -3.485 -0.691 -3.276 -3.416 -3.147 -1.644 1.423 2.322 -2.943 0.986 4.972 -4.006 -3.031 -1.797 -0.3 1.464 1.421
187 V -0.986 -0.255 -1.876 -2.222 -0.726 -1.231 -1.621 -2.464 -1.487 2.17 0.219 1.959 0.177 2.344 -2.876 -2.028 -1.118 -1.643 -0.217 2.337
188 F -1.375 -2.526 -2.919 -3.359 -0.633 -2.891 -3.141 -3.089 -0.772 1.564 1.478 -2.675 0.62 4.252 -3.744 -2.779 -1.531 0.065 3.17 2.193
189 L -1.699 -2.677 -3.339 -3.514 -0.42 -3.099 -3.556 -3.421 -2.219 3.057 3.082 -2.767 1.505 2.833 -3.793 -3.208 -1.611 -1.287 -0.04 1.551
190 K -1.259 2.459 -1.121 -1.664 -1.366 -0.115 -0.741 -2.116 -0.81 -0.172 1.577 3.203 0.265 -1.109 -2.471 -1.659 -1.4 -2.267 -1.62 -0.679
191 P -0.935 -2.112 -2.032 -1.662 -1.556 -2.032 -1.721 -1.951 -1.706 -2.416 -2.849 -1.163 -2.502 -3.434 6.76 -1.551 -1.447 -4.648 -2.734 -2.26
192 K 0.052 0.366 -0.049 -0.743 -0.543 -0.271 -0.556 -0.964 -0.761 -1.386 -1.913 2.343 -1.062 -2.164 -1.713 1.699 2.373 -2.521 -1.849 -0.965
193 P -0.935 -2.112 -2.032 -1.662 -1.556 -2.032 -1.721 -1.951 -1.706 -2.416 -2.849 -1.163 -2.502 -3.434 6.76 -1.551 -1.447 -4.648 -2.734 -2.26
194 F -1.217 -1.189 -2.414 -2.784 -0.656 -2.039 -2.335 -2.749 -1.575 1.488 1.402 0.452 0.568 3.935 -3.359 -2.427 -1.375 -0.904 0.744 2.147
195 R -1.021 4.041 -1.133 -1.92 -1.18 -0.233 -1.048 -2.317 -0.772 0.509 -0.791 1.958 -0.465 -1.743 -2.744 -1.666 -1.121 -2.434 -1.702 1.738
196 V -0.848 -2.876 -3.19 -3.271 0.006 -2.98 -3.362 -3.304 -2.91 3.992 1.235 -2.629 0.961 -0.173 -3.432 -2.752 -0.845 -2.383 -1.384 3.678
197 A 2.471 -1.94 -2.463 -2.594 -0.032 -2.027 -2.19 -0.945 -1.618 0.255 1.731 -1.685 0.365 -0.232 -2.595 -0.933 -1.169 5.698 -0.545 0.152
198 F 1.534 -2.261 -2.385 -2.723 -0.66 -2.522 -2.497 -1.458 -0.277 -0.319 -0.276 -2.13 -0.358 5.03 -3.051 -1.401 -1.628 0.393 3.446 -0.442
199 L -1.639 -2.285 -3.461 -3.719 -0.249 -2.739 -3.404 -3.481 -2.412 1.906 4.193 -2.577 2.034 0.734 -3.703 -3.257 -1.679 -1.749 -1.155 1.007
200 F -2.433 -2.995 -2.959 -3.413 -1.473 -3.963 -3.581 -2.973 -0.927 0.178 0.466 -3.403 0.103 6.663 -4.547 -3.129 -2.469 0.753 2.832 -0.606
201 I -1.502 -3.026 -3.378 -3.348 -0.249 -3.205 -3.718 -3.561 -2.74 4.447 2.212 -2.743 1.335 0.231 -3.62 -3.189 -1.252 -2.187 -1.344 2.534
202 L -1.82 -2.799 -3.252 -3.465 -0.602 -3.294 -3.586 -3.332 -1.931 2.907 2.518 -2.898 1.209 4.094 -3.921 -3.187 -1.726 -0.771 0.799 1.375
203 S 0.828 -1.054 0.262 -0.501 -0.217 -0.884 -0.911 2.091 -0.705 -2.19 -2.588 -0.571 -1.485 -2.152 -1.754 3.166 0.588 -2.629 -2.045 -1.601
204 F -2.433 -2.995 -2.959 -3.413 -1.473 -3.963 -3.581 -2.973 -0.927 0.178 0.466 -3.403 0.103 6.663 -4.547 -3.129 -2.469 0.753 2.832 -0.606
205 F 0.623 -2.605 -2.801 -3.005 -0.243 -2.863 -2.931 -2.202 -1.844 2.359 0.594 -2.456 0.389 3.923 -3.282 -1.985 -1.167 -0.955 0.727 2.515
206 F -1.521 -2.542 -2.298 -2.858 -0.833 -3.076 -3.015 -2.663 -1.284 0.797 0.324 -2.66 0.112 5.591 -3.66 -1.977 0.573 0.033 1.958 1.118
207 S 0.287 -1.146 -0.242 -1.012 -0.516 -1.019 -1.141 -0.878 0.567 -1.592 -1.873 -0.823 -1.107 0.88 -2.071 2.579 0.197 -0.049 3.952 -1.283
208 L 2.08 -1.509 -1.181 -1.638 0.124 -1.487 -1.604 -0.728 -1.329 0.149 1.652 -1.163 0.342 -0.777 -2.126 1.424 -0.235 -2.283 -1.602 0.047
209 F -2.285 -2.864 -3.037 -3.462 -1.229 -3.719 -3.551 -3.052 -1.127 0.548 1.518 -3.248 0.528 6.21 -4.388 -3.15 -2.322 0.46 2.447 -0.267
210 V -0.959 -2.845 -3.123 -3.293 -0.15 -3.069 -3.331 -3.204 -2.485 3.442 1.057 -2.719 0.796 2.581 -3.561 -2.745 -1.005 -1.578 -0.116 3.427
211 L -1.3 -2.762 -3.335 -3.416 -0.161 -3.0 -3.511 -3.452 -2.703 3.786 2.659 -2.66 1.427 0.252 -3.577 -3.053 -1.212 -2.125 -1.305 2.682
212 P -0.935 -2.112 -2.032 -1.662 -1.556 -2.032 -1.721 -1.951 -1.706 -2.416 -2.849 -1.163 -2.502 -3.434 6.76 -1.551 -1.447 -4.648 -2.734 -2.26
213 K -1.007 1.228 -0.911 -1.365 -1.34 0.211 -0.433 -1.798 -0.564 -0.401 -0.083 3.717 3.31 -1.368 -2.217 -1.311 -1.169 -2.172 -1.532 -0.731
214 L -1.82 -2.799 -3.252 -3.465 -0.602 -3.294 -3.586 -3.332 -1.931 2.907 2.518 -2.898 1.209 4.094 -3.921 -3.187 -1.726 -0.771 0.799 1.375
215 L -1.639 -2.285 -3.461 -3.719 -0.249 -2.739 -3.404 -3.481 -2.412 1.906 4.193 -2.577 2.034 0.734 -3.703 -3.257 -1.679 -1.749 -1.155 1.007
216 P -0.935 -2.112 -2.032 -1.662 -1.556 -2.032 -1.721 -1.951 -1.706 -2.416 -2.849 -1.163 -2.502 -3.434 6.76 -1.551 -1.447 -4.648 -2.734 -2.26
217 F -1.41 -2.365 -2.853 -3.191 -0.51 -2.456 -3.089 -2.975 -1.505 2.334 1.317 -2.427 3.646 4.034 -3.724 -2.635 -1.405 -0.704 0.839 1.877
218 V -1.286 -2.915 -3.111 -3.318 -0.408 -3.272 -3.433 -3.19 -2.088 3.183 1.001 -2.864 0.702 3.988 -3.758 -2.872 -1.292 -0.929 0.762 2.818
219 V -0.332 -2.585 -3.028 -3.263 0.241 -2.686 -2.992 -3.054 -3.014 2.931 0.847 -2.487 0.733 -0.497 -3.27 -2.383 -0.55 -2.486 -1.384 4.373
220 G 0.333 -1.219 2.158 -0.31 -0.701 -1.107 -1.227 3.351 -0.536 -2.519 -2.895 -0.773 -1.863 -2.34 -2.127 2.157 -0.031 -2.676 -2.306 -2.032
221 K -0.076 0.339 -0.301 -0.946 -0.599 -0.265 -0.658 -1.112 -0.7 -0.829 -0.864 2.311 1.885 -1.629 -1.916 1.49 1.337 -2.341 -1.681 -0.761
222 L -1.639 -2.285 -3.461 -3.719 -0.249 -2.739 -3.404 -3.481 -2.412 1.906 4.193 -2.577 2.034 0.734 -3.703 -3.257 -1.679 -1.749 -1.155 1.007
223 F -2.433 -2.995 -2.959 -3.413 -1.473 -3.963 -3.581 -2.973 -0.927 0.178 0.466 -3.403 0.103 6.663 -4.547 -3.129 -2.469 0.753 2.832 -0.606
224 G -0.84 -2.068 -0.211 3.203 -1.779 -1.707 -0.728 3.135 -1.265 -2.828 -3.312 -1.26 -2.685 -3.064 3.805 -1.226 -1.648 -3.478 -3.032 -2.709
225 N -0.636 -1.117 4.068 0.025 -0.708 -1.172 -1.348 -0.912 -0.208 0.507 -1.109 -0.937 -0.773 -1.597 -2.637 0.493 -0.249 -2.79 -1.832 1.727
226 Y -1.911 -1.876 -2.224 -3.121 -1.85 -1.882 -2.462 -3.031 2.006 -0.902 -1.009 -1.972 -0.781 3.25 -3.432 -2.536 -2.188 2.21 6.853 -1.078
227 A 2.095 -1.716 -1.165 -1.562 0.124 -1.601 -1.668 -0.741 -1.416 2.204 -0.23 -1.203 -0.142 -1.107 -2.106 1.429 -0.125 -2.486 -1.689 0.995
228 G -0.286 -2.337 -0.956 -1.5 -1.464 -2.204 -2.348 4.824 -1.618 -2.983 -3.303 -1.54 -2.675 -2.98 3.787 -1.243 -1.815 -3.086 -3.066 -2.709
229 Y -1.911 -1.876 -2.224 -3.121 -1.85 -1.882 -2.462 -3.031 2.006 -0.902 -1.009 -1.972 -0.781 3.25 -3.432 -2.536 -2.188 2.21 6.853 -1.078
230 F -2.433 -2.995 -2.959 -3.413 -1.473 -3.963 -3.581 -2.973 -0.927 0.178 0.466 -3.403 0.103 6.663 -4.547 -3.129 -2.469 0.753 2.832 -0.606
231 E -1.144 -0.419 -0.117 2.849 -2.503 0.977 4.339 -1.893 0.158 -2.856 -2.919 0.375 -1.99 -2.756 -2.044 -0.916 -1.418 -2.648 -2.167 -2.342
232 S 0.969 -0.84 0.398 -0.347 -0.026 -0.669 -0.654 -0.205 -0.559 -2.01 -2.427 -0.384 -1.285 -2.042 -1.574 3.581 0.912 -2.648 -1.854 -1.391
233 A 2.662 -1.575 -1.823 -1.246 0.124 -1.054 0.711 -0.839 -1.382 0.854 -0.588 -1.011 -0.387 -1.472 -2.112 -0.524 -0.66 -2.512 -1.712 2.142
234 L -1.694 -1.539 -1.579 -2.541 -0.811 -1.662 -2.144 -2.804 5.141 1.009 3.152 -1.887 1.278 0.274 -3.389 -2.63 -1.879 -1.682 0.059 0.162
235 S 2.445 -1.067 -0.159 -0.752 0.191 -0.898 -0.881 -0.036 -0.788 -1.603 -2.051 -0.56 -1.177 -2.01 -1.574 2.848 0.509 -2.611 -1.854 -0.832
236 A 3.147 -1.617 -0.468 3.172 -0.127 -1.262 -0.388 -0.143 -1.067 -1.434 -1.979 -0.941 -1.462 -2.262 -1.821 -0.041 -0.815 -2.859 -2.223 -0.661
237 S 0.453 -0.133 0.215 -0.383 -0.549 2.709 0.15 -0.594 -0.088 -2.116 -2.31 0.21 -1.0 -2.342 -1.782 2.706 0.389 -2.521 -1.689 -1.547
238 A 4.143 -1.582 -1.761 -1.786 0.581 -1.419 -1.397 0.275 -1.31 -0.929 -1.42 -0.947 -0.972 -1.947 -1.574 0.356 -0.521 -2.539 -1.854 0.04
239 N -1.759 -0.514 5.842 1.183 -1.945 -0.626 -0.824 -0.253 0.87 -2.811 -3.25 -0.394 -2.26 -2.473 -2.686 -0.217 -0.55 -3.065 -2.167 -2.659
240 L -1.88 -2.503 -3.284 -3.613 -0.602 -3.092 -3.462 -3.302 -1.828 1.437 3.394 -2.827 1.522 4.151 -3.958 -3.214 -1.919 -0.657 0.836 0.563
241 V -0.71 -0.163 -1.893 -2.253 -0.439 -1.081 -1.535 -2.464 -1.755 1.787 1.23 1.993 0.508 -0.801 -2.742 -1.942 -0.917 -2.4 -1.5 2.837
242 S 0.969 -0.84 0.398 -0.347 -0.026 -0.669 -0.654 -0.205 -0.559 -2.01 -2.427 -0.384 -1.285 -2.042 -1.574 3.581 0.912 -2.648 -1.854 -1.391
243 V -0.665 -2.776 -3.135 -3.269 0.087 -2.879 -3.233 -3.218 -2.944 3.68 1.111 -2.581 0.887 -0.277 -3.377 -2.624 -0.743 -2.417 -1.384 3.929
244 V 1.84 -2.246 -2.644 -2.743 0.211 -2.287 -2.505 -1.57 -2.215 2.471 1.447 -1.928 0.656 -0.507 -2.684 -1.322 -0.8 -2.333 -1.491 2.673
245 T -0.211 -1.191 -0.238 -1.113 0.023 -1.202 -1.477 -1.428 -1.512 -0.323 -1.156 -0.89 -0.631 -1.679 -1.786 0.606 4.522 -2.283 -1.805 0.131
246 K -0.925 1.995 -0.367 -0.821 -2.076 0.708 0.214 -1.441 -0.342 -2.222 -2.339 4.728 -1.322 -2.904 -1.786 -0.98 -1.181 -2.648 -1.887 -2.098
247 L -1.088 -2.665 -3.278 -3.413 -0.076 -2.898 -3.376 -3.362 -2.734 3.449 2.584 -2.611 1.364 0.162 -3.52 -2.911 -1.097 -2.156 -1.305 3.03
248 Y -1.911 -1.876 -2.224 -3.121 -1.85 -1.882 -2.462 -3.031 2.006 -0.902 -1.009 -1.972 -0.781 3.25 -3.432 -2.536 -2.188 2.21 6.853 -1.078
249 Y -1.911 -1.876 -2.224 -3.121 -1.85 -1.882 -2.462 -3.031 2.006 -0.902 -1.009 -1.972 -0.781 3.25 -3.432 -2.536 -2.188 2.21 6.853 -1.078
250 I -1.561 -2.802 -3.123 -3.236 -0.423 -2.901 -3.484 -3.304 -2.071 3.954 1.506 -2.621 2.687 2.714 -3.693 -2.962 -1.348 -1.375 -0.064 2.138
251 P -0.935 -2.112 -2.032 -1.662 -1.556 -2.032 -1.721 -1.951 -1.706 -2.416 -2.849 -1.163 -2.502 -3.434 6.76 -1.551 -1.447 -4.648 -2.734 -2.26
252 L -1.584 -2.559 -3.428 -3.565 -0.249 -2.917 -3.526 -3.513 -2.539 3.198 3.554 -2.642 1.774 0.543 -3.67 -3.23 -1.501 -1.917 -1.229 1.717
253 F -2.248 -2.572 -2.693 -3.312 -1.593 -3.092 -3.158 -2.992 0.407 -0.139 0.053 -2.843 -0.163 5.904 -4.126 -2.918 -2.373 1.324 4.846 -0.755
254 L -1.556 -2.706 -3.411 -3.491 -0.249 -3.01 -3.589 -3.529 -2.604 3.677 3.172 -2.675 1.635 0.443 -3.653 -3.216 -1.415 -2.004 -1.267 2.016
255 L -1.626 -2.021 -3.057 -3.424 -0.523 -2.131 -2.999 -3.011 -1.695 1.382 3.076 -2.236 3.884 0.671 -3.8 -2.852 -1.638 5.733 -0.247 0.614
256 A 3.117 -1.981 -2.108 -2.234 0.044 -2.046 -1.959 -0.461 -1.176 -0.511 -0.646 -1.559 -0.568 3.771 -2.27 -0.412 -1.037 -0.991 0.621 -0.16
257 F -1.738 -2.14 -2.698 -3.152 -0.807 -2.226 -2.962 -2.824 -0.996 0.917 1.357 -2.331 4.409 4.971 -3.881 -2.578 -1.732 -0.129 1.525 0.238
258 Y 1.708 -1.878 -2.174 -2.624 -0.461 -1.832 -2.133 -1.477 0.695 0.189 -0.718 -1.658 -0.523 1.778 -2.651 -1.209 -1.242 0.722 4.999 1.054
259 L -1.303 -0.762 -1.699 -2.345 -0.906 -1.354 -1.865 -2.509 0.166 0.315 1.769 0.724 0.448 1.378 -2.843 -1.619 0.648 0.116 3.988 -0.127
260 Y -1.911 -1.876 -2.224 -3.121 -1.85 -1.882 -2.462 -3.031 2.006 -0.902 -1.009 -1.972 -0.781 3.25 -3.432 -2.536 -2.188 2.21 6.853 -1.078
261 F -0.406 -0.828 -1.002 -1.61 4.947 -1.424 -1.557 -1.442 -0.938 -0.937 -0.944 0.772 -0.735 3.744 -2.609 1.121 -0.602 -1.092 0.556 -1.044
262 K -1.142 3.793 -0.43 -1.075 -2.167 0.615 -0.048 -1.68 -0.223 -2.376 -2.266 4.057 -1.322 -2.789 -2.087 -1.145 -1.299 -2.539 -1.882 -2.151
263 D -1.036 -1.241 0.781 5.026 -1.897 -0.418 1.872 -1.14 -0.446 -2.678 -3.224 -0.528 -2.321 -2.78 -2.167 0.433 -0.924 -3.23 -2.679 -2.513
264 V -0.498 -1.933 -1.677 -2.339 -0.096 -1.979 -2.316 -2.402 -0.999 1.697 0.032 -1.777 0.112 0.33 -2.708 -1.032 2.126 -0.945 2.378 2.908
265 K -1.032 3.032 -0.398 -0.945 -2.121 0.662 0.086 -1.558 -0.282 -2.298 -2.302 4.412 -1.322 -2.846 -1.932 -1.061 -1.239 -2.593 -1.885 -2.124
266 L -1.564 -1.2 2.99 -0.264 -1.036 -0.953 0.661 -1.795 -0.463 0.417 2.415 -1.033 0.648 -0.464 -2.998 -1.506 -1.21 -2.251 -1.594 -0.246
267 G -0.655 -1.257 3.248 0.223 -1.749 -0.826 0.754 4.176 -0.226 -3.061 -3.317 -0.765 -2.423 -2.661 -2.646 -0.743 -1.349 -2.694 -2.625 -2.728
268 L 0.487 2.838 -1.891 -2.435 -0.609 -1.209 -1.949 -2.095 -1.3 2.419 1.265 -0.106 0.447 -0.702 -2.912 -1.719 -1.248 -2.243 -1.572 1.023
269 L -1.526 -2.172 -3.348 -3.606 -0.136 -2.626 -3.291 -3.368 -2.299 2.019 4.014 -2.464 2.147 0.847 -3.59 -3.144 -1.566 -1.636 -1.042 1.12
270 Y -2.047 -1.895 1.38 -1.872 -1.734 -2.124 -2.404 -2.326 1.11 -0.705 -0.65 -1.998 -0.633 4.625 -3.603 -2.149 -1.923 1.294 5.331 -1.11
271 E -0.941 -0.785 2.14 2.459 -1.327 -0.039 2.357 -1.338 -0.223 -1.74 -2.294 -0.246 -1.558 -2.33 -2.083 -0.22 2.056 -2.666 -2.122 -1.34
272 F -1.834 -0.544 -0.343 1.664 -2.026 -0.945 -0.723 -1.954 5.252 -1.368 -1.266 0.819 -0.94 3.786 -2.982 -1.813 -2.0 -0.864 1.367 -1.871
273 S -0.06 3.077 2.155 -0.363 -0.917 -0.253 -0.683 -0.745 -0.086 -2.354 -2.441 0.601 -1.44 -2.279 -2.108 2.116 0.052 -2.602 -1.91 -1.846
274 G -1.103 -1.47 -0.613 -1.738 -1.871 -1.341 -1.764 3.044 5.406 -2.132 -2.221 -1.488 -1.522 0.961 -3.04 -1.713 -2.174 0.14 4.186 -2.233
275 D -1.361 0.705 0.459 4.236 -2.267 -0.011 0.606 -1.33 -0.485 -2.507 -2.897 3.108 -1.966 -2.961 -2.071 -1.015 -1.341 -3.097 -2.447 -2.498
276 I -0.343 -1.68 -1.339 -1.865 -0.179 -1.503 -2.012 -1.786 -1.329 2.605 0.96 -1.408 3.566 -0.335 -2.691 1.02 -0.293 -2.064 -1.365 1.223
277 L -1.541 -2.857 -3.181 -3.39 -0.503 -3.283 -3.509 -3.26 -2.009 3.049 1.858 -2.881 0.967 4.041 -3.838 -3.025 -1.501 -0.849 0.781 2.186
278 G -0.734 -1.772 -1.668 -2.326 -0.602 -1.483 -2.539 3.011 -1.227 0.594 1.067 -1.616 4.962 -0.353 -3.178 -1.736 -1.407 -1.736 -1.518 0.077
279 R -1.924 3.847 -1.434 -2.371 -1.95 -0.833 -1.646 -2.584 0.211 -1.147 -0.836 0.426 -0.685 4.053 -3.389 -2.126 -1.934 0.04 3.115 -1.411
280 F -2.433 -2.995 -2.959 -3.413 -1.473 -3.963 -3.581 -2.973 -0.927 0.178 0.466 -3.403 0.103 6.663 -4.547 -3.129 -2.469 0.753 2.832 -0.606
281 F -2.077 -3.062 -3.087 -3.368 -1.005 -3.728 -3.648 -3.161 -1.429 2.583 0.886 -3.179 0.505 5.638 -4.197 -3.145 -1.97 0.047 1.979 0.988
282 L -1.324 -1.726 -2.756 -3.157 -0.261 -1.589 -2.736 -2.925 -1.45 1.645 2.946 -1.854 5.232 0.496 -3.457 -2.448 -1.312 -1.515 -1.004 0.93
283 V -0.848 -2.876 -3.19 -3.271 0.006 -2.98 -3.362 -3.304 -2.91 3.992 1.235 -2.629 0.961 -0.173 -3.432 -2.752 -0.845 -2.383 -1.384 3.678
284 L -1.964 -2.349 -3.394 -3.719 -0.811 -2.799 -3.288 -3.101 -1.963 1.092 3.201 -2.677 1.275 0.836 -4.189 -3.321 -2.005 7.614 0.352 0.259
285 S 2.445 -1.067 -0.159 -0.752 0.191 -0.898 -0.881 -0.036 -0.788 -1.603 -2.051 -0.56 -1.177 -2.01 -1.574 2.848 0.509 -2.611 -1.854 -0.832
286 A 2.698 -2.04 -2.325 -2.431 0.416 -1.983 -2.086 -0.934 -2.038 1.603 -0.07 -1.616 0.004 -1.132 -2.299 -0.7 -0.535 -2.512 -1.609 2.953
287 T -0.211 -1.191 -0.238 -1.113 0.023 -1.202 -1.477 -1.428 -1.512 -0.323 -1.156 -0.89 -0.631 -1.679 -1.786 0.606 4.522 -2.283 -1.805 0.131
288 Y -2.075 -2.203 -2.449 -3.215 -1.719 -2.424 -2.789 -3.011 1.316 -0.496 -0.429 -2.375 -0.455 4.872 -3.758 -2.721 -2.279 1.801 6.021 -0.912
289 W -2.748 -2.482 -3.265 -3.719 -2.433 -2.923 -3.068 -2.464 -1.233 -1.952 -1.749 -2.89 -1.379 1.03 -5.507 -3.454 -2.794 10.708 2.071 -2.326
290 L -1.82 -2.799 -3.252 -3.465 -0.602 -3.294 -3.586 -3.332 -1.931 2.907 2.518 -2.898 1.209 4.094 -3.921 -3.187 -1.726 -0.771 0.799 1.375
291 F -2.433 -2.995 -2.959 -3.413 -1.473 -3.963 -3.581 -2.973 -0.927 0.178 0.466 -3.403 0.103 6.663 -4.547 -3.129 -2.469 0.753 2.832 -0.606
292 L -1.529 -2.861 -3.394 -3.419 -0.249 -3.106 -3.653 -3.545 -2.671 4.088 2.732 -2.709 1.489 0.339 -3.636 -3.202 -1.332 -2.094 -1.305 2.286
293 V 0.17 -1.88 -1.398 -1.939 0.155 -1.847 -1.988 -1.768 -1.947 2.01 0.107 -1.605 0.203 -0.926 -2.588 1.062 0.024 -2.539 -1.532 3.393
294 N 1.637 -0.828 4.774 0.487 -0.84 -0.866 -1.003 -0.066 0.309 -2.039 -2.504 -0.567 -1.764 -2.287 -2.266 -0.013 -0.54 -2.879 -2.059 -1.458
295 L -1.274 -1.949 -2.729 -3.03 -0.261 -1.707 -2.832 -2.951 -1.54 3.034 1.891 -1.905 5.149 0.288 -3.426 -2.427 -1.154 -1.669 -1.074 1.657
296 H -1.513 0.337 -0.553 -1.5 -2.11 -0.292 -0.747 -2.013 5.451 -1.853 -1.919 2.183 -1.142 0.949 -2.606 -1.662 -1.851 0.126 4.23 -1.983
297 F -2.433 -2.995 -2.959 -3.413 -1.473 -3.963 -3.581 -2.973 -0.927 0.178 0.466 -3.403 0.103 6.663 -4.547 -3.129 -2.469 0.753 2.832 -0.606
298 G -0.009 -2.456 -0.539 -1.422 -1.419 -2.294 -2.721 5.9 -1.575 -3.314 -3.559 -1.75 -2.766 -2.777 -2.878 -1.101 -2.018 -2.539 -3.247 -2.963
299 F -2.433 -2.995 -2.959 -3.413 -1.473 -3.963 -3.581 -2.973 -0.927 0.178 0.466 -3.403 0.103 6.663 -4.547 -3.129 -2.469 0.753 2.832 -0.606
300 F -2.144 -2.738 -3.117 -3.511 -1.005 -3.495 -3.521 -3.133 -1.343 0.875 2.287 -3.101 0.898 5.672 -4.237 -3.171 -2.181 0.133 2.003 0.037
301 G -0.009 -2.456 -0.539 -1.422 -1.419 -2.294 -2.721 5.9 -1.575 -3.314 -3.559 -1.75 -2.766 -2.777 -2.878 -1.101 -2.018 -2.539 -3.247 -2.963
302 R -1.633 5.687 -0.561 -1.662 -2.358 0.419 -0.659 -2.227 -0.0 -2.71 -2.127 1.92 -1.322 -2.571 -2.803 -1.505 -1.553 -2.333 -1.871 -2.26
303 V -0.332 -2.585 -3.028 -3.263 0.241 -2.686 -2.992 -3.054 -3.014 2.931 0.847 -2.487 0.733 -0.497 -3.27 -2.383 -0.55 -2.486 -1.384 4.373
304 A 2.662 -1.06 3.158 -0.243 -0.158 -1.003 -1.064 0.03 -0.287 -1.616 -2.084 -0.656 -1.398 -2.128 -1.899 1.075 -0.236 -2.723 -1.955 -0.859
305 Q -0.981 0.908 -0.191 -0.456 -2.01 5.21 1.293 -1.578 0.671 -2.339 -2.09 1.123 -0.502 -3.057 -2.25 -0.853 -1.074 -2.283 -1.384 -1.886
306 Y -1.911 -1.876 -2.224 -3.121 -1.85 -1.882 -2.462 -3.031 2.006 -0.902 -1.009 -1.972 -0.781 3.25 -3.432 -2.536 -2.188 2.21 6.853 -1.078
307 F -2.433 -2.995 -2.959 -3.413 -1.473 -3.963 -3.581 -2.973 -0.927 0.178 0.466 -3.403 0.103 6.663 -4.547 -3.129 -2.469 0.753 2.832 -0.606
308 L -1.274 -1.949 -2.729 -3.03 -0.261 -1.707 -2.832 -2.951 -1.54 3.034 1.891 -1.905 5.149 0.288 -3.426 -2.427 -1.154 -1.669 -1.074 1.657
309 I -1.761 -3.13 -3.221 -3.323 -0.602 -3.51 -3.716 -3.362 -2.038 3.877 1.253 -2.971 0.858 4.036 -3.885 -3.16 -1.544 -0.889 0.762 2.009
310 F -2.433 -2.995 -2.959 -3.413 -1.473 -3.963 -3.581 -2.973 -0.927 0.178 0.466 -3.403 0.103 6.663 -4.547 -3.129 -2.469 0.753 2.832 -0.606
311 Y -1.911 -1.876 -2.224 -3.121 -1.85 -1.882 -2.462 -3.031 2.006 -0.902 -1.009 -1.972 -0.781 3.25 -3.432 -2.536 -2.188 2.21 6.853 -1.078
312 I -1.476 -3.2 -3.361 -3.28 -0.249 -3.308 -3.786 -3.578 -2.81 4.767 1.578 -2.777 1.172 0.119 -3.603 -3.175 -1.173 -2.283 -1.384 2.761
313 F -2.433 -2.995 -2.959 -3.413 -1.473 -3.963 -3.581 -2.973 -0.927 0.178 0.466 -3.403 0.103 6.663 -4.547 -3.129 -2.469 0.753 2.832 -0.606
314 P -0.935 -2.112 -2.032 -1.662 -1.556 -2.032 -1.721 -1.951 -1.706 -2.416 -2.849 -1.163 -2.502 -3.434 6.76 -1.551 -1.447 -4.648 -2.734 -2.26
315 I -1.323 -2.215 -2.875 -3.09 -0.258 -2.032 -3.042 -3.095 -1.809 3.574 1.816 -2.1 4.551 0.247 -3.469 -2.597 -1.159 -1.811 -1.148 1.975
316 Y -1.911 -1.876 -2.224 -3.121 -1.85 -1.882 -2.462 -3.031 2.006 -0.902 -1.009 -1.972 -0.781 3.25 -3.432 -2.536 -2.188 2.21 6.853 -1.078
317 Y -1.911 -1.876 -2.224 -3.121 -1.85 -1.882 -2.462 -3.031 2.006 -0.902 -1.009 -1.972 -0.781 3.25 -3.432 -2.536 -2.188 2.21 6.853 -1.078
318 V -0.706 -2.482 -3.165 -3.407 0.087 -2.704 -3.123 -3.19 -2.799 2.628 2.427 -2.517 1.234 -0.026 -3.407 -2.646 -0.88 -2.219 -1.305 3.621
319 L -1.568 -2.702 -3.196 -3.462 -0.503 -3.181 -3.447 -3.245 -1.955 2.44 2.439 -2.845 1.141 4.071 -3.856 -3.038 -1.589 -0.79 0.799 1.905
320 D 0.377 -1.201 0.527 4.199 -1.675 -0.779 0.192 -1.073 5.245 -2.39 -2.815 -0.91 -1.905 -1.999 -2.373 -0.939 -1.551 -2.602 -0.538 -2.237
321 R -1.388 4.837 -0.463 -1.277 -2.249 1.997 -0.085 -1.967 0.071 -2.56 -2.155 2.527 -1.168 -2.701 -2.513 -1.295 -1.404 -2.375 -1.786 -2.167
322 Y -1.54 -1.264 -1.632 -0.79 -1.694 -0.508 1.957 -2.727 1.059 -0.601 0.505 -0.916 -0.323 1.833 -2.899 -1.963 -1.818 0.773 4.999 -0.892
323 I -1.373 -2.507 -3.028 -3.152 -0.255 -2.398 -3.269 -3.247 -2.105 4.029 1.739 -2.308 3.797 0.205 -3.513 -2.777 -1.164 -1.96 -1.225 2.262
324 L -1.428 -0.026 3.099 -0.429 -1.288 1.4 -0.668 -1.461 -0.138 -0.233 1.511 1.229 0.201 -1.071 -2.717 -1.2 -1.082 -2.375 -1.62 -0.745
325 K -0.159 0.974 -0.099 -0.165 -1.271 0.429 1.458 -1.046 -0.293 -2.244 -2.441 3.236 -1.392 -2.557 -1.744 1.412 -0.33 -2.62 -1.896 -1.863
326 G -0.939 -0.307 2.09 -0.604 -1.924 -0.637 -1.007 3.178 5.272 -2.839 -2.978 1.036 -1.901 -2.008 -2.625 -1.082 -1.658 -2.259 -0.478 -2.801
327 R -1.257 4.395 -0.462 -1.211 -2.214 0.567 -0.19 -1.807 -0.166 -2.456 -2.231 3.653 -1.322 -2.733 -2.25 -1.231 -1.361 -2.486 -1.879 -2.178
328 F -1.521 -2.542 -2.298 -2.858 -0.833 -3.076 -3.015 -2.663 -1.284 0.797 0.324 -2.66 0.112 5.591 -3.66 -1.977 0.573 0.033 1.958 1.118
329 Y -1.818 -2.006 -2.581 -3.307 -1.213 -2.141 -2.743 -3.173 1.132 0.36 1.845 -2.16 0.485 2.627 -3.52 -2.757 -2.008 1.384 5.772 -0.205
330 L -1.039 -1.333 3.039 -0.688 -0.667 -1.503 -1.794 -1.425 -0.627 0.47 2.426 -1.282 0.691 -0.407 -2.896 0.134 -0.704 -2.275 -1.572 -0.165
331 V 0.204 -1.446 -0.621 -1.334 0.082 -1.4 -1.553 -1.336 -1.526 0.939 -0.594 -1.123 -0.269 -1.328 -2.118 1.548 2.441 -2.469 -1.673 2.102
332 V -1.075 -2.814 -3.057 -3.315 -0.315 -3.16 -3.301 -3.107 -2.114 2.762 0.866 -2.812 0.621 3.963 -3.696 -2.739 -1.173 -0.95 0.762 3.151
333 L -1.595 -2.555 -3.212 -3.535 -0.503 -3.082 -3.388 -3.231 -1.903 1.668 2.922 -2.81 1.305 4.099 -3.874 -3.051 -1.679 -0.732 0.818 1.594
334 L -1.351 -2.469 -3.368 -3.562 -0.161 -2.817 -3.39 -3.421 -2.569 2.78 3.499 -2.594 1.718 0.462 -3.61 -3.079 -1.374 -1.945 -1.229 2.192
335 I -1.615 -3.164 -3.29 -3.301 -0.42 -3.407 -3.75 -3.468 -2.398 4.356 1.42 -2.873 1.019 2.696 -3.741 -3.167 -1.353 -1.503 -0.116 2.41
336 C 0.788 -2.962 -2.889 -3.075 7.878 -3.0 -3.32 -1.954 -2.604 2.32 0.035 -2.562 -0.142 -1.149 -3.019 -1.62 -1.167 -2.81 -2.134 1.084
337 Y -1.911 -1.876 -2.224 -3.121 -1.85 -1.882 -2.462 -3.031 2.006 -0.902 -1.009 -1.972 -0.781 3.25 -3.432 -2.536 -2.188 2.21 6.853 -1.078
338 L -1.556 -2.706 -3.411 -3.491 -0.249 -3.01 -3.589 -3.529 -2.604 3.677 3.172 -2.675 1.635 0.443 -3.653 -3.216 -1.415 -2.004 -1.267 2.016
339 L 1.832 -2.12 -2.657 -2.8 0.211 -2.214 -2.462 -1.561 -2.157 1.708 2.108 -1.902 0.849 -0.368 -2.696 -1.329 -0.869 -2.235 -1.45 2.438
340 L -1.035 -2.109 -1.935 -2.466 -0.156 -2.274 -2.702 -2.648 -2.192 2.847 2.307 -1.95 1.058 -0.107 -2.888 -1.333 2.008 -2.094 -1.436 1.513
341 P -0.935 -2.112 -2.032 -1.662 -1.556 -2.032 -1.721 -1.951 -1.706 -2.416 -2.849 -1.163 -2.502 -3.434 6.76 -1.551 -1.447 -4.648 -2.734 -2.26
342 Y -1.911 -1.876 -2.224 -3.121 -1.85 -1.882 -2.462 -3.031 2.006 -0.902 -1.009 -1.972 -0.781 3.25 -3.432 -2.536 -2.188 2.21 6.853 -1.078
343 I -1.161 -2.947 -3.178 -3.296 -0.237 -3.177 -3.464 -3.289 -2.455 3.78 1.183 -2.769 0.872 2.62 -3.62 -2.879 -1.116 -1.553 -0.116 3.126
344 L -1.639 -2.285 -3.461 -3.719 -0.249 -2.739 -3.404 -3.481 -2.412 1.906 4.193 -2.577 2.034 0.734 -3.703 -3.257 -1.679 -1.749 -1.155 1.007
345 K -0.925 1.995 -0.367 -0.821 -2.076 0.708 0.214 -1.441 -0.342 -2.222 -2.339 4.728 -1.322 -2.904 -1.786 -0.98 -1.181 -2.648 -1.887 -2.098
346 V -0.332 -2.585 -3.028 -3.263 0.241 -2.686 -2.992 -3.054 -3.014 2.931 0.847 -2.487 0.733 -0.497 -3.27 -2.383 -0.55 -2.486 -1.384 4.373
347 T -0.211 -1.191 -0.238 -1.113 0.023 -1.202 -1.477 -1.428 -1.512 -0.323 -1.156 -0.89 -0.631 -1.679 -1.786 0.606 4.522 -2.283 -1.805 0.131
348 F -1.442 -2.727 -3.06 -3.41 -0.589 -3.265 -3.343 -3.079 -1.714 1.656 1.61 -2.926 0.724 4.934 -3.921 -2.878 -1.566 -0.366 1.449 2.221
349 F -2.285 -2.864 -3.037 -3.462 -1.229 -3.719 -3.551 -3.052 -1.127 0.548 1.518 -3.248 0.528 6.21 -4.388 -3.15 -2.322 0.46 2.447 -0.267
350 A 3.417 -1.313 -0.85 -1.223 0.392 -1.146 -1.128 0.124 -1.037 -1.246 -1.718 -0.747 -1.073 -1.978 -1.574 1.863 0.04 -2.575 -1.854 -0.363
351 T -0.211 -1.191 -0.238 -1.113 0.023 -1.202 -1.477 -1.428 -1.512 -0.323 -1.156 -0.89 -0.631 -1.679 -1.786 0.606 4.522 -2.283 -1.805 0.131
352 A 3.803 -1.445 -1.27 -1.491 0.488 -1.279 -1.259 0.2 -1.17 -1.083 -1.565 -0.845 -1.022 -1.963 -1.574 1.207 -0.227 -2.557 -1.854 -0.155
353 E -1.018 -0.221 -0.437 1.419 -2.51 1.248 4.712 -2.048 0.294 -2.863 -2.802 0.578 -1.852 -2.707 -1.98 -0.89 -1.4 -2.486 -2.007 -2.233
354 Y -1.911 -1.876 -2.224 -3.121 -1.85 -1.882 -2.462 -3.031 2.006 -0.902 -1.009 -1.972 -0.781 3.25 -3.432 -2.536 -2.188 2.21 6.853 -1.078
355 D -1.676 -0.98 3.531 4.49 -2.291 -0.361 1.695 -0.97 0.103 -2.826 -3.331 -0.446 -2.437 -2.774 -2.41 -0.721 -1.137 -3.219 -2.582 -2.728
356 Y -1.911 -1.876 -2.224 -3.121 -1.85 -1.882 -2.462 -3.031 2.006 -0.902 -1.009 -1.972 -0.781 3.25 -3.432 -2.536 -2.188 2.21 6.853 -1.078
357 K -1.058 1.529 2.008 -0.32 -2.043 2.001 0.286 -1.226 0.079 -2.332 -2.427 3.869 -1.298 -2.852 -1.993 -0.817 -1.048 -2.648 -1.841 -2.146
358 S 0.803 -0.896 0.302 -0.462 -0.018 -0.751 -0.776 -0.376 -0.697 -1.651 -2.172 -0.462 -1.166 -1.978 -1.608 3.253 1.915 -2.584 -1.846 -1.075
359 I -1.476 -3.2 -3.361 -3.28 -0.249 -3.308 -3.786 -3.578 -2.81 4.767 1.578 -2.777 1.172 0.119 -3.603 -3.175 -1.173 -2.283 -1.384 2.761
360 L -1.88 -2.503 -3.284 -3.613 -0.602 -3.092 -3.462 -3.302 -1.828 1.437 3.394 -2.827 1.522 4.151 -3.958 -3.214 -1.919 -0.657 0.836 0.563
361 G -0.781 -1.181 -1.108 -1.815 -1.537 -1.869 -2.175 4.06 -1.115 -1.521 -1.419 0.605 -1.276 3.702 -3.087 -1.608 -1.996 -1.002 0.374 -1.833
362 L -1.33 -1.589 2.985 -0.862 -0.906 -1.793 -2.184 1.603 -0.777 0.395 2.396 -1.54 0.593 -0.469 -3.187 -1.548 -1.298 -2.259 -1.744 -0.3
363 L -1.727 -2.142 -2.988 -3.506 -0.691 -2.424 -3.055 -3.323 -0.127 1.235 3.251 -2.361 1.362 1.833 -3.61 -2.996 -1.839 0.224 4.022 0.464