#Seq2Logo.py -f /work3/idamei/ssn-clusterings/clustering/2205111253/clusters/0006_61/sequences.afa -o /work3/idamei/ssn-clusterings/clustering/2205111253/clusters/0006_61/sequences.logo
Last position-specific scoring matrix computed, values are in halfbits
A R N D C Q E G H I L K M F P S T W Y V
0 L -1.08 -1.383 -2.36 -2.814 -0.168 -1.051 -2.353 -2.583 -0.968 1.603 2.135 -1.452 5.611 0.468 -3.242 -2.016 -1.046 -1.306 -0.832 0.99
1 E -0.919 -0.122 -0.338 1.518 -2.411 1.346 4.494 -1.95 0.392 -2.764 -2.703 0.677 -1.754 -2.608 -1.882 -0.791 -1.301 -2.387 -1.908 -2.134
2 I -0.676 -1.925 -1.297 -1.899 -0.011 -1.968 -2.307 -2.208 -1.99 3.03 0.622 -1.583 0.508 -0.543 -2.455 -0.606 2.669 -2.185 -1.488 1.835
3 I -0.264 -1.803 -1.043 -1.615 -0.024 -1.777 -1.996 -1.733 -1.664 2.925 0.475 -1.407 0.404 -0.604 -2.384 0.68 1.677 -2.272 -1.499 1.66
4 K -0.033 1.035 1.671 -0.215 -1.019 0.204 -0.106 -0.666 -0.135 -2.107 -2.373 2.994 -1.311 -2.4 -1.701 1.445 -0.05 -2.598 -1.81 -1.772
5 I 0.097 -1.686 -0.809 -1.357 -0.037 -1.598 -1.715 -1.326 -1.371 2.816 0.32 -1.24 0.296 -0.665 -2.315 1.566 0.153 -2.361 -1.511 1.474
6 T -0.472 0.144 -0.116 -0.667 -0.719 3.224 0.327 -1.403 -0.12 -1.059 -1.486 0.388 -0.467 -2.188 -1.91 0.066 2.682 -2.185 -1.488 -0.606
7 Y -1.633 -1.183 -0.857 -1.904 -1.915 -1.081 -1.441 -2.272 5.657 -1.554 -1.645 -1.309 -1.065 1.873 1.284 -1.958 -2.035 0.898 5.041 -1.745
8 N -1.428 0.443 4.934 0.896 -1.878 -0.131 -0.429 -0.409 0.71 -2.553 -2.895 1.794 -1.897 -2.476 -2.335 -0.291 -0.596 -2.856 -1.996 -2.409
9 E -0.414 -0.339 2.654 1.102 -1.45 0.552 2.944 -0.899 0.367 -2.514 -2.707 0.234 -1.693 -2.37 -1.929 0.959 -0.345 -2.563 -1.908 -1.992
10 D -1.466 -1.674 1.038 5.482 -2.218 -1.008 0.778 1.225 -0.638 -2.782 -3.488 -0.92 -2.694 -2.888 -2.346 -0.958 -1.471 -3.37 -3.056 -2.864
11 R -1.34 4.96 -0.412 -1.329 -2.186 0.593 -0.316 -1.911 0.017 -2.481 -2.079 2.86 -1.224 -2.552 -2.414 -1.266 -1.356 -2.31 -1.776 -2.12
12 W -2.65 -2.383 -3.166 -3.62 -2.334 -2.824 -2.969 -2.366 -1.134 -1.854 -1.65 -2.791 -1.28 1.128 -5.408 -3.355 -2.695 10.61 2.169 -2.228
13 L -1.541 -2.186 -3.362 -3.62 -0.15 -2.64 -3.306 -3.383 -2.314 2.005 4.037 -2.478 2.132 0.833 -3.604 -3.158 -1.581 -1.65 -1.056 1.106
14 L -0.952 -2.503 -3.014 -3.31 -0.133 -2.872 -3.132 -3.035 -2.107 2.281 2.016 -2.615 1.089 3.32 -3.554 -2.661 -1.104 -1.048 0.487 2.828
15 F -2.114 -2.702 -2.978 -3.388 -1.016 -3.506 -3.437 -2.993 -1.134 0.815 1.89 -3.074 0.818 5.816 -4.213 -3.062 -2.152 0.4 2.333 -0.012
16 C 0.199 -1.472 -0.633 -1.366 5.93 -1.377 -1.538 -1.068 0.098 -1.283 -1.579 -1.162 -1.026 0.469 -2.235 1.69 -0.031 -0.487 3.049 -0.97
17 F -2.334 -2.896 -2.86 -3.314 -1.374 -3.864 -3.482 -2.875 -0.828 0.277 0.565 -3.304 0.201 6.515 -4.448 -3.031 -2.371 0.852 2.931 -0.507
18 I -1.377 -3.101 -3.263 -3.181 -0.15 -3.209 -3.687 -3.479 -2.711 4.521 1.677 -2.679 1.271 0.218 -3.505 -3.076 -1.075 -2.185 -1.285 2.86
19 F -1.388 -2.37 -1.974 -2.521 -0.613 -2.763 -2.835 -2.522 -1.351 1.97 0.594 -2.317 0.359 4.754 -3.283 -1.571 1.132 -0.284 1.496 0.895
20 I -1.005 -2.454 -2.116 -2.469 -0.08 -2.522 -2.915 -2.774 -2.328 3.871 1.197 -2.079 0.915 -0.138 -2.932 -1.585 1.366 -2.185 -1.385 2.393
21 I -0.676 -1.925 -1.297 -1.899 -0.011 -1.968 -2.307 -2.208 -1.99 3.03 0.622 -1.583 0.508 -0.543 -2.455 -0.606 2.669 -2.185 -1.488 1.835
22 L -1.541 -2.186 -3.362 -3.62 -0.15 -2.64 -3.306 -3.383 -2.314 2.005 4.037 -2.478 2.132 0.833 -3.604 -3.158 -1.581 -1.65 -1.056 1.106
23 V 0.49 -1.484 -0.735 -1.353 0.209 -1.406 -1.494 -1.193 -1.434 1.508 -0.25 -1.149 -0.005 -1.069 -2.2 1.656 0.372 -2.467 -1.511 2.536
24 V -0.749 -2.777 -3.091 -3.173 0.105 -2.882 -3.263 -3.205 -2.811 3.871 1.334 -2.53 1.06 -0.074 -3.333 -2.653 -0.746 -2.284 -1.285 3.561
25 C -0.943 -2.705 -3.157 -3.518 7.774 -3.02 -3.598 -2.709 -2.614 0.95 2.492 -2.778 0.952 -0.256 -3.399 -2.319 -1.446 -2.335 -1.797 0.447
26 L -0.739 -1.588 -1.322 -2.033 -0.011 -1.77 -2.184 -2.177 -1.828 1.101 2.493 -1.513 1.097 -0.129 -2.489 -0.623 2.605 -1.905 -1.363 0.701
27 L -1.301 -1.757 -2.818 -3.189 -0.159 -1.738 -2.79 -2.955 -1.563 1.811 3.24 -1.92 4.367 0.656 -3.418 -2.531 -1.301 -1.473 -0.942 1.048
28 P -0.836 -2.014 -1.934 -1.564 -1.457 -1.933 -1.622 -1.852 -1.608 -2.318 -2.75 -1.064 -2.403 -3.336 6.663 -1.452 -1.348 -4.549 -2.636 -2.162
29 L -1.541 -2.186 -3.362 -3.62 -0.15 -2.64 -3.306 -3.383 -2.314 2.005 4.037 -2.478 2.132 0.833 -3.604 -3.158 -1.581 -1.65 -1.056 1.106
30 W -2.65 -2.383 -3.166 -3.62 -2.334 -2.824 -2.969 -2.366 -1.134 -1.854 -1.65 -2.791 -1.28 1.128 -5.408 -3.355 -2.695 10.61 2.169 -2.228
31 L -0.814 -2.332 -3.138 -3.383 0.105 -2.614 -3.092 -3.161 -2.599 2.562 2.887 -2.433 1.555 0.282 -3.38 -2.688 -0.961 -1.995 -1.168 2.993
32 S 1.068 -0.741 0.497 -0.249 0.072 -0.57 -0.555 -0.106 -0.46 -1.911 -2.328 -0.285 -1.187 -1.943 -1.475 3.262 1.011 -2.549 -1.756 -1.292
33 L -1.499 -2.389 -3.337 -3.504 -0.15 -2.772 -3.396 -3.406 -2.408 2.866 3.603 -2.527 1.94 0.691 -3.579 -3.138 -1.446 -1.775 -1.112 1.654
34 L -1.541 -2.186 -3.362 -3.62 -0.15 -2.64 -3.306 -3.383 -2.314 2.005 4.037 -2.478 2.132 0.833 -3.604 -3.158 -1.581 -1.65 -1.056 1.106
35 L -1.91 -2.52 -3.1 -3.463 -0.698 -3.188 -3.393 -3.117 -1.476 1.268 2.795 -2.862 1.326 4.892 -3.996 -3.094 -1.949 -0.136 1.577 0.411
36 L -1.154 -2.258 -3.248 -3.499 -0.02 -2.627 -3.197 -3.27 -2.453 2.297 3.519 -2.455 1.858 0.571 -3.49 -2.914 -1.254 -1.818 -1.112 2.201
37 A 2.831 -1.089 -0.385 -0.879 0.392 -0.921 -0.903 0.144 -0.811 -1.32 -1.781 -0.553 -1.026 -1.895 -1.475 2.187 0.383 -2.494 -1.756 -0.489
38 V -0.446 -2.192 -1.999 -2.463 0.17 -2.261 -2.586 -2.558 -2.415 3.03 0.788 -1.958 0.674 -0.47 -2.791 -1.325 1.511 -2.284 -1.385 3.201
39 A 2.345 -2.18 -2.353 -2.338 0.295 -2.113 -2.252 -0.952 -1.865 2.941 0.551 -1.621 0.394 -0.634 -2.315 -0.801 -0.73 -2.31 -1.511 1.809
40 V -0.749 -2.777 -3.091 -3.173 0.105 -2.882 -3.263 -3.205 -2.811 3.871 1.334 -2.53 1.06 -0.074 -3.333 -2.653 -0.746 -2.284 -1.285 3.561
41 F -2.334 -2.896 -2.86 -3.314 -1.374 -3.864 -3.482 -2.875 -0.828 0.277 0.565 -3.304 0.201 6.515 -4.448 -3.031 -2.371 0.852 2.931 -0.507
42 W -2.488 -2.628 -3.009 -3.463 -1.814 -3.298 -3.214 -2.609 -0.977 -0.596 -0.335 -3.036 -0.445 4.929 -4.888 -3.188 -2.528 8.707 2.575 -1.241
43 V -0.234 -2.486 -2.929 -3.164 0.34 -2.587 -2.894 -2.955 -2.915 3.03 0.945 -2.388 0.832 -0.398 -3.171 -2.284 -0.451 -2.387 -1.285 4.125
44 P -0.452 -1.516 -0.899 -1.276 -0.561 -1.488 -1.497 -1.579 -1.509 -1.085 -1.781 -0.924 -1.318 -2.327 4.818 -0.176 2.633 -3.131 -2.134 -0.725
45 T 1.72 -1.091 -0.259 -0.946 0.26 -1.01 -1.131 -0.5 -1.096 -0.72 -1.396 -0.67 -0.768 -1.734 -1.579 1.54 2.917 -2.335 -1.731 -0.108
46 P -0.836 -2.014 -1.934 -1.564 -1.457 -1.933 -1.622 -1.852 -1.608 -2.318 -2.75 -1.064 -2.403 -3.336 6.663 -1.452 -1.348 -4.549 -2.636 -2.162
47 H -1.759 -0.981 -0.553 -1.811 -2.028 -0.862 -1.284 -2.249 6.35 -1.586 -1.631 -1.267 -0.957 1.953 -3.026 -1.977 -2.157 1.002 5.126 -1.828
48 R -1.534 5.51 -0.462 -1.564 -2.259 0.518 -0.561 -2.128 0.098 -2.612 -2.028 2.018 -1.224 -2.472 -2.704 -1.406 -1.454 -2.234 -1.772 -2.162
49 L -1.458 -2.607 -3.312 -3.392 -0.15 -2.911 -3.49 -3.43 -2.505 3.529 3.092 -2.577 1.734 0.542 -3.554 -3.117 -1.317 -1.905 -1.168 2.114
50 L -1.91 -2.52 -3.1 -3.463 -0.698 -3.188 -3.393 -3.117 -1.476 1.268 2.795 -2.862 1.326 4.892 -3.996 -3.094 -1.949 -0.136 1.577 0.411
51 L -1.91 -2.52 -3.1 -3.463 -0.698 -3.188 -3.393 -3.117 -1.476 1.268 2.795 -2.862 1.326 4.892 -3.996 -3.094 -1.949 -0.136 1.577 0.411
52 V 0.49 -1.484 -0.735 -1.353 0.209 -1.406 -1.494 -1.193 -1.434 1.508 -0.25 -1.149 -0.005 -1.069 -2.2 1.656 0.372 -2.467 -1.511 2.536
53 A 2.831 -1.089 -0.385 -0.879 0.392 -0.921 -0.903 0.144 -0.811 -1.32 -1.781 -0.553 -1.026 -1.895 -1.475 2.187 0.383 -2.494 -1.756 -0.489
54 F -2.334 -2.896 -2.86 -3.314 -1.374 -3.864 -3.482 -2.875 -0.828 0.277 0.565 -3.304 0.201 6.515 -4.448 -3.031 -2.371 0.852 2.931 -0.507
55 L -1.541 -2.186 -3.362 -3.62 -0.15 -2.64 -3.306 -3.383 -2.314 2.005 4.037 -2.478 2.132 0.833 -3.604 -3.158 -1.581 -1.65 -1.056 1.106
56 I -1.377 -3.101 -3.263 -3.181 -0.15 -3.209 -3.687 -3.479 -2.711 4.521 1.677 -2.679 1.271 0.218 -3.505 -3.076 -1.075 -2.185 -1.285 2.86
57 L -1.458 -2.607 -3.312 -3.392 -0.15 -2.911 -3.49 -3.43 -2.505 3.529 3.092 -2.577 1.734 0.542 -3.554 -3.117 -1.317 -1.905 -1.168 2.114
58 L -1.118 -2.467 -3.224 -3.388 -0.02 -2.758 -3.284 -3.293 -2.552 3.086 2.991 -2.504 1.646 0.415 -3.466 -2.895 -1.133 -1.95 -1.168 2.587
59 S 1.068 -0.741 0.497 -0.249 0.072 -0.57 -0.555 -0.106 -0.46 -1.911 -2.328 -0.285 -1.187 -1.943 -1.475 3.262 1.011 -2.549 -1.756 -1.292
60 A 3.918 -1.484 -1.662 -1.687 0.68 -1.32 -1.298 0.374 -1.211 -0.83 -1.321 -0.849 -0.874 -1.848 -1.475 0.455 -0.422 -2.44 -1.756 0.139
61 F -2.334 -2.896 -2.86 -3.314 -1.374 -3.864 -3.482 -2.875 -0.828 0.277 0.565 -3.304 0.201 6.515 -4.448 -3.031 -2.371 0.852 2.931 -0.507
62 F -2.334 -2.896 -2.86 -3.314 -1.374 -3.864 -3.482 -2.875 -0.828 0.277 0.565 -3.304 0.201 6.515 -4.448 -3.031 -2.371 0.852 2.931 -0.507
63 N -1.66 -0.415 5.643 1.281 -1.846 -0.527 -0.725 -0.155 0.968 -2.712 -3.152 -0.296 -2.161 -2.374 -2.588 -0.118 -0.451 -2.966 -2.069 -2.56
64 A 2.831 -1.089 -0.385 -0.879 0.392 -0.921 -0.903 0.144 -0.811 -1.32 -1.781 -0.553 -1.026 -1.895 -1.475 2.187 0.383 -2.494 -1.756 -0.489
65 G 0.09 -2.358 -0.44 -1.323 -1.32 -2.195 -2.622 5.809 -1.476 -3.215 -3.461 -1.651 -2.667 -2.678 -2.779 -1.002 -1.919 -2.44 -3.148 -2.864
66 V -0.749 -2.777 -3.091 -3.173 0.105 -2.882 -3.263 -3.205 -2.811 3.871 1.334 -2.53 1.06 -0.074 -3.333 -2.653 -0.746 -2.284 -1.285 3.561
67 D -1.777 -1.588 1.199 5.833 -2.372 -0.872 1.05 -1.124 -0.536 -2.725 -3.491 -0.829 -2.698 -2.92 -2.289 -0.952 -1.413 -3.531 -3.043 -2.864
68 I -1.377 -3.101 -3.263 -3.181 -0.15 -3.209 -3.687 -3.479 -2.711 4.521 1.677 -2.679 1.271 0.218 -3.505 -3.076 -1.075 -2.185 -1.285 2.86
69 T -0.112 -1.093 -0.139 -1.014 0.122 -1.103 -1.378 -1.329 -1.413 -0.224 -1.057 -0.791 -0.532 -1.58 -1.687 0.705 4.245 -2.185 -1.706 0.229
70 G 0.09 -2.358 -0.44 -1.323 -1.32 -2.195 -2.622 5.809 -1.476 -3.215 -3.461 -1.651 -2.667 -2.678 -2.779 -1.002 -1.919 -2.44 -3.148 -2.864
71 D -1.777 -1.588 1.199 5.833 -2.372 -0.872 1.05 -1.124 -0.536 -2.725 -3.491 -0.829 -2.698 -2.92 -2.289 -0.952 -1.413 -3.531 -3.043 -2.864
72 L -1.541 -2.186 -3.362 -3.62 -0.15 -2.64 -3.306 -3.383 -2.314 2.005 4.037 -2.478 2.132 0.833 -3.604 -3.158 -1.581 -1.65 -1.056 1.106
73 V 0.227 -1.757 -1.168 -1.712 0.184 -1.71 -1.845 -1.58 -1.722 2.302 0.235 -1.437 0.301 -0.786 -2.445 1.034 0.13 -2.42 -1.453 2.828
74 T -0.112 -1.093 -0.139 -1.014 0.122 -1.103 -1.378 -1.329 -1.413 -0.224 -1.057 -0.791 -0.532 -1.58 -1.687 0.705 4.245 -2.185 -1.706 0.229
75 Y -1.812 -1.777 -2.126 -3.022 -1.752 -1.784 -2.363 -2.932 2.105 -0.804 -0.91 -1.873 -0.682 3.348 -3.333 -2.437 -2.089 2.309 6.655 -0.979
76 S 0.603 -1.04 -0.091 -0.794 0.018 -0.965 -1.036 -0.643 -0.824 -0.344 0.861 -0.697 0.059 -0.964 -1.879 2.534 0.548 -2.297 -1.564 -0.483
77 A 2.831 -1.089 -0.385 -0.879 0.392 -0.921 -0.903 0.144 -0.811 -1.32 -1.781 -0.553 -1.026 -1.895 -1.475 2.187 0.383 -2.494 -1.756 -0.489
78 V -0.48 -2.628 -3.009 -3.169 0.225 -2.731 -3.072 -3.078 -2.863 3.481 1.146 -2.458 0.948 -0.232 -3.251 -2.463 -0.595 -2.335 -1.285 3.857
79 F -2.334 -2.896 -2.86 -3.314 -1.374 -3.864 -3.482 -2.875 -0.828 0.277 0.565 -3.304 0.201 6.515 -4.448 -3.031 -2.371 0.852 2.931 -0.507
80 E 1.527 -0.565 -0.362 0.562 -0.682 0.43 2.907 -0.717 -0.147 -1.953 -2.205 0.127 -1.367 -2.23 -1.671 1.066 -0.338 -2.44 -1.831 -1.196
81 N -1.66 -0.415 5.643 1.281 -1.846 -0.527 -0.725 -0.155 0.968 -2.712 -3.152 -0.296 -2.161 -2.374 -2.588 -0.118 -0.451 -2.966 -2.069 -2.56
82 L -1.458 -2.607 -3.312 -3.392 -0.15 -2.911 -3.49 -3.43 -2.505 3.529 3.092 -2.577 1.734 0.542 -3.554 -3.117 -1.317 -1.905 -1.168 2.114
83 D -1.718 -0.942 4.203 4.375 -2.097 -0.694 0.297 -0.599 0.313 -2.719 -3.316 -0.55 -2.417 -2.634 -2.435 -0.505 -0.892 -3.235 -2.515 -2.708
84 K -0.826 2.094 -0.268 -0.722 -1.977 0.807 0.313 -1.342 -0.243 -2.123 -2.24 4.49 -1.224 -2.806 -1.687 -0.881 -1.082 -2.549 -1.789 -1.999
85 I -0.264 -1.803 -1.043 -1.615 -0.024 -1.777 -1.996 -1.733 -1.664 2.925 0.475 -1.407 0.404 -0.604 -2.384 0.68 1.677 -2.272 -1.499 1.66
86 T 0.538 -0.911 0.197 -0.606 0.097 -0.824 -0.937 -0.653 -0.897 -0.946 -1.623 -0.527 -0.841 -1.756 -1.579 2.258 3.059 -2.361 -1.731 -0.432
87 F -2.062 -2.283 -2.47 -3.164 -1.557 -2.64 -2.869 -2.903 0.996 -0.213 -0.079 -2.501 -0.207 5.346 -3.837 -2.719 -2.227 1.671 5.356 -0.734
88 V -0.172 -1.706 -1.209 -1.894 0.233 -1.751 -2.037 -2.029 -2.067 1.839 0.114 -1.48 0.23 -0.929 -2.335 -0.419 2.762 -2.284 -1.488 2.79
89 E -0.896 0.634 -0.182 0.494 -2.089 3.995 2.963 -1.647 0.634 -2.426 -2.238 1.029 -0.839 -2.822 -2.047 -0.768 -1.093 -2.259 -1.503 -1.912
90 E -0.919 -0.122 -0.338 1.518 -2.411 1.346 4.494 -1.95 0.392 -2.764 -2.703 0.677 -1.754 -2.608 -1.882 -0.791 -1.301 -2.387 -1.908 -2.134
91 F -2.334 -2.896 -2.86 -3.314 -1.374 -3.864 -3.482 -2.875 -0.828 0.277 0.565 -3.304 0.201 6.515 -4.448 -3.031 -2.371 0.852 2.931 -0.507
92 A 3.144 -1.182 -0.655 -1.061 0.467 -1.015 -0.997 0.203 -0.906 -1.19 -1.659 -0.624 -0.987 -1.883 -1.475 1.842 0.201 -2.481 -1.756 -0.319
93 A 2.831 -1.089 -0.385 -0.879 0.392 -0.921 -0.903 0.144 -0.811 -1.32 -1.781 -0.553 -1.026 -1.895 -1.475 2.187 0.383 -2.494 -1.756 -0.489
94 E -0.919 -0.122 -0.338 1.518 -2.411 1.346 4.494 -1.95 0.392 -2.764 -2.703 0.677 -1.754 -2.608 -1.882 -0.791 -1.301 -2.387 -1.908 -2.134
95 P -0.836 -2.014 -1.934 -1.564 -1.457 -1.933 -1.622 -1.852 -1.608 -2.318 -2.75 -1.064 -2.403 -3.336 6.663 -1.452 -1.348 -4.549 -2.636 -2.162
96 L -1.541 -2.186 -3.362 -3.62 -0.15 -2.64 -3.306 -3.383 -2.314 2.005 4.037 -2.478 2.132 0.833 -3.604 -3.158 -1.581 -1.65 -1.056 1.106
97 L -1.541 -2.186 -3.362 -3.62 -0.15 -2.64 -3.306 -3.383 -2.314 2.005 4.037 -2.478 2.132 0.833 -3.604 -3.158 -1.581 -1.65 -1.056 1.106
98 L -1.541 -2.186 -3.362 -3.62 -0.15 -2.64 -3.306 -3.383 -2.314 2.005 4.037 -2.478 2.132 0.833 -3.604 -3.158 -1.581 -1.65 -1.056 1.106
99 F -2.334 -2.896 -2.86 -3.314 -1.374 -3.864 -3.482 -2.875 -0.828 0.277 0.565 -3.304 0.201 6.515 -4.448 -3.031 -2.371 0.852 2.931 -0.507
100 L -1.91 -2.52 -3.1 -3.463 -0.698 -3.188 -3.393 -3.117 -1.476 1.268 2.795 -2.862 1.326 4.892 -3.996 -3.094 -1.949 -0.136 1.577 0.411
101 Y -1.812 -1.777 -2.126 -3.022 -1.752 -1.784 -2.363 -2.932 2.105 -0.804 -0.91 -1.873 -0.682 3.348 -3.333 -2.437 -2.089 2.309 6.655 -0.979
102 G -0.675 -1.564 2.729 2.75 -1.683 -1.348 -0.808 4.107 -0.445 -2.956 -3.388 -1.048 -2.539 -2.656 -2.602 -0.743 -1.36 -2.81 -2.814 -2.785
103 L -0.577 -2.11 -1.798 -2.199 -0.093 -2.18 -2.468 -2.19 -1.883 3.194 2.027 -1.832 1.104 0.001 -2.869 0.086 -0.489 -2.124 -1.334 1.812
104 C -0.447 -3.339 -2.965 -3.419 9.68 -3.458 -3.925 -2.163 -2.95 -0.732 -1.061 -3.113 -1.079 -2.027 -3.207 -1.67 -1.317 -3.235 -2.796 -0.409
105 N -1.229 0.766 4.003 0.514 -1.895 2.148 0.202 -0.714 0.657 -2.434 -2.586 2.026 -1.391 -2.617 -2.229 -0.446 -0.725 -2.648 -1.785 -2.206
106 Q -0.883 1.007 -0.093 -0.357 -1.911 4.883 1.392 -1.479 0.769 -2.24 -1.991 1.222 -0.403 -2.959 -2.151 -0.755 -0.975 -2.185 -1.285 -1.787
107 L -1.541 -2.186 -3.362 -3.62 -0.15 -2.64 -3.306 -3.383 -2.314 2.005 4.037 -2.478 2.132 0.833 -3.604 -3.158 -1.581 -1.65 -1.056 1.106
108 G 0.09 -2.358 -0.44 -1.323 -1.32 -2.195 -2.622 5.809 -1.476 -3.215 -3.461 -1.651 -2.667 -2.678 -2.779 -1.002 -1.919 -2.44 -3.148 -2.864
109 L -1.541 -2.186 -3.362 -3.62 -0.15 -2.64 -3.306 -3.383 -2.314 2.005 4.037 -2.478 2.132 0.833 -3.604 -3.158 -1.581 -1.65 -1.056 1.106
110 D -1.777 -1.588 1.199 5.833 -2.372 -0.872 1.05 -1.124 -0.536 -2.725 -3.491 -0.829 -2.698 -2.92 -2.289 -0.952 -1.413 -3.531 -3.043 -2.864
111 F -2.334 -2.896 -2.86 -3.314 -1.374 -3.864 -3.482 -2.875 -0.828 0.277 0.565 -3.304 0.201 6.515 -4.448 -3.031 -2.371 0.852 2.931 -0.507
112 K -0.826 2.094 -0.268 -0.722 -1.977 0.807 0.313 -1.342 -0.243 -2.123 -2.24 4.49 -1.224 -2.806 -1.687 -0.881 -1.082 -2.549 -1.789 -1.999
113 S 1.068 -0.741 0.497 -0.249 0.072 -0.57 -0.555 -0.106 -0.46 -1.911 -2.328 -0.285 -1.187 -1.943 -1.475 3.262 1.011 -2.549 -1.756 -1.292
114 A 2.556 -1.282 -0.801 -1.331 0.414 -1.209 -1.338 -0.354 -1.31 -0.511 -1.186 -0.82 -0.698 -1.711 -1.579 0.582 2.767 -2.31 -1.731 0.184
115 L -1.541 -2.186 -3.362 -3.62 -0.15 -2.64 -3.306 -3.383 -2.314 2.005 4.037 -2.478 2.132 0.833 -3.604 -3.158 -1.581 -1.65 -1.056 1.106
116 F -2.334 -2.896 -2.86 -3.314 -1.374 -3.864 -3.482 -2.875 -0.828 0.277 0.565 -3.304 0.201 6.515 -4.448 -3.031 -2.371 0.852 2.931 -0.507
117 I -1.3 -2.567 -3.009 -3.085 -0.155 -2.501 -3.291 -3.228 -2.167 4.021 1.798 -2.32 3.085 0.282 -3.437 -2.773 -1.067 -1.939 -1.165 2.494
118 Q -0.883 1.007 -0.093 -0.357 -1.911 4.883 1.392 -1.479 0.769 -2.24 -1.991 1.222 -0.403 -2.959 -2.151 -0.755 -0.975 -2.185 -1.285 -1.787
119 S 1.068 -0.741 0.497 -0.249 0.072 -0.57 -0.555 -0.106 -0.46 -1.911 -2.328 -0.285 -1.187 -1.943 -1.475 3.262 1.011 -2.549 -1.756 -1.292
120 L -1.72 -2.348 -3.228 -3.541 -0.411 -2.901 -3.349 -3.247 -1.865 1.66 3.482 -2.663 1.757 3.524 -3.793 -3.126 -1.759 -0.795 0.551 0.779
121 C -0.943 -2.705 -3.157 -3.518 7.774 -3.02 -3.598 -2.709 -2.614 0.95 2.492 -2.778 0.952 -0.256 -3.399 -2.319 -1.446 -2.335 -1.797 0.447
122 L -1.08 -1.383 -2.36 -2.814 -0.168 -1.051 -2.353 -2.583 -0.968 1.603 2.135 -1.452 5.611 0.468 -3.242 -2.016 -1.046 -1.306 -0.832 0.99
123 N -1.66 -0.415 5.643 1.281 -1.846 -0.527 -0.725 -0.155 0.968 -2.712 -3.152 -0.296 -2.161 -2.374 -2.588 -0.118 -0.451 -2.966 -2.069 -2.56
124 I 0.097 -1.686 -0.809 -1.357 -0.037 -1.598 -1.715 -1.326 -1.371 2.816 0.32 -1.24 0.296 -0.665 -2.315 1.566 0.153 -2.361 -1.511 1.474
125 V -0.234 -2.486 -2.929 -3.164 0.34 -2.587 -2.894 -2.955 -2.915 3.03 0.945 -2.388 0.832 -0.398 -3.171 -2.284 -0.451 -2.387 -1.285 4.125
126 L -1.541 -2.186 -3.362 -3.62 -0.15 -2.64 -3.306 -3.383 -2.314 2.005 4.037 -2.478 2.132 0.833 -3.604 -3.158 -1.581 -1.65 -1.056 1.106
127 L -1.301 -1.757 -2.818 -3.189 -0.159 -1.738 -2.79 -2.955 -1.563 1.811 3.24 -1.92 4.367 0.656 -3.418 -2.531 -1.301 -1.473 -0.942 1.048
128 Y -1.812 -1.777 -2.126 -3.022 -1.752 -1.784 -2.363 -2.932 2.105 -0.804 -0.91 -1.873 -0.682 3.348 -3.333 -2.437 -2.089 2.309 6.655 -0.979
129 A 3.918 -1.484 -1.662 -1.687 0.68 -1.32 -1.298 0.374 -1.211 -0.83 -1.321 -0.849 -0.874 -1.848 -1.475 0.455 -0.422 -2.44 -1.756 0.139
130 L -1.541 -2.186 -3.362 -3.62 -0.15 -2.64 -3.306 -3.383 -2.314 2.005 4.037 -2.478 2.132 0.833 -3.604 -3.158 -1.581 -1.65 -1.056 1.106
131 C -0.447 -3.339 -2.965 -3.419 9.68 -3.458 -3.925 -2.163 -2.95 -0.732 -1.061 -3.113 -1.079 -2.027 -3.207 -1.67 -1.317 -3.235 -2.796 -0.409
132 V -0.172 -1.706 -1.209 -1.894 0.233 -1.751 -2.037 -2.029 -2.067 1.839 0.114 -1.48 0.23 -0.929 -2.335 -0.419 2.762 -2.284 -1.488 2.79
133 Y -1.812 -1.777 -2.126 -3.022 -1.752 -1.784 -2.363 -2.932 2.105 -0.804 -0.91 -1.873 -0.682 3.348 -3.333 -2.437 -2.089 2.309 6.655 -0.979
134 F -2.334 -2.896 -2.86 -3.314 -1.374 -3.864 -3.482 -2.875 -0.828 0.277 0.565 -3.304 0.201 6.515 -4.448 -3.031 -2.371 0.852 2.931 -0.507
135 G 0.09 -2.358 -0.44 -1.323 -1.32 -2.195 -2.622 5.809 -1.476 -3.215 -3.461 -1.651 -2.667 -2.678 -2.779 -1.002 -1.919 -2.44 -3.148 -2.864
136 F -0.943 -1.786 -1.222 -1.964 -0.392 -2.061 -2.228 -2.043 -1.27 0.342 0.777 -1.712 0.221 4.03 -2.682 -0.603 2.543 -0.612 0.969 0.111
137 N -1.213 1.104 3.993 0.45 -1.911 0.216 -0.16 -0.688 0.426 -2.403 -2.66 2.993 -1.655 -2.582 -2.102 -0.474 -0.749 -2.75 -1.925 -2.266
138 G 2.597 -1.888 -0.987 -1.499 -0.15 -1.725 -1.885 4.218 -1.341 -1.783 -2.197 -1.222 -1.633 -2.233 -2.054 -0.183 -1.075 -2.44 -2.369 -0.989
139 L -1.541 -2.186 -3.362 -3.62 -0.15 -2.64 -3.306 -3.383 -2.314 2.005 4.037 -2.478 2.132 0.833 -3.604 -3.158 -1.581 -1.65 -1.056 1.106
140 K -0.826 2.094 -0.268 -0.722 -1.977 0.807 0.313 -1.342 -0.243 -2.123 -2.24 4.49 -1.224 -2.806 -1.687 -0.881 -1.082 -2.549 -1.789 -1.999
141 F -1.816 -2.997 -3.054 -3.247 -0.698 -3.518 -3.583 -3.161 -1.619 3.118 1.174 -2.975 0.786 4.823 -3.938 -3.053 -1.651 -0.284 1.533 1.642
142 F -2.334 -2.896 -2.86 -3.314 -1.374 -3.864 -3.482 -2.875 -0.828 0.277 0.565 -3.304 0.201 6.515 -4.448 -3.031 -2.371 0.852 2.931 -0.507
143 P -0.836 -2.014 -1.934 -1.564 -1.457 -1.933 -1.622 -1.852 -1.608 -2.318 -2.75 -1.064 -2.403 -3.336 6.663 -1.452 -1.348 -4.549 -2.636 -2.162
144 A 3.918 -1.484 -1.662 -1.687 0.68 -1.32 -1.298 0.374 -1.211 -0.83 -1.321 -0.849 -0.874 -1.848 -1.475 0.455 -0.422 -2.44 -1.756 0.139
145 I -1.377 -3.101 -3.263 -3.181 -0.15 -3.209 -3.687 -3.479 -2.711 4.521 1.677 -2.679 1.271 0.218 -3.505 -3.076 -1.075 -2.185 -1.285 2.86
146 I -1.377 -3.101 -3.263 -3.181 -0.15 -3.209 -3.687 -3.479 -2.711 4.521 1.677 -2.679 1.271 0.218 -3.505 -3.076 -1.075 -2.185 -1.285 2.86
147 L -1.541 -2.186 -3.362 -3.62 -0.15 -2.64 -3.306 -3.383 -2.314 2.005 4.037 -2.478 2.132 0.833 -3.604 -3.158 -1.581 -1.65 -1.056 1.106
148 Y -1.812 -1.777 -2.126 -3.022 -1.752 -1.784 -2.363 -2.932 2.105 -0.804 -0.91 -1.873 -0.682 3.348 -3.333 -2.437 -2.089 2.309 6.655 -0.979
149 P -0.836 -2.014 -1.934 -1.564 -1.457 -1.933 -1.622 -1.852 -1.608 -2.318 -2.75 -1.064 -2.403 -3.336 6.663 -1.452 -1.348 -4.549 -2.636 -2.162
150 Q -0.883 1.007 -0.093 -0.357 -1.911 4.883 1.392 -1.479 0.769 -2.24 -1.991 1.222 -0.403 -2.959 -2.151 -0.755 -0.975 -2.185 -1.285 -1.787
151 F -2.334 -2.896 -2.86 -3.314 -1.374 -3.864 -3.482 -2.875 -0.828 0.277 0.565 -3.304 0.201 6.515 -4.448 -3.031 -2.371 0.852 2.931 -0.507
152 I -1.377 -3.101 -3.263 -3.181 -0.15 -3.209 -3.687 -3.479 -2.711 4.521 1.677 -2.679 1.271 0.218 -3.505 -3.076 -1.075 -2.185 -1.285 2.86
153 Q -0.883 1.007 -0.093 -0.357 -1.911 4.883 1.392 -1.479 0.769 -2.24 -1.991 1.222 -0.403 -2.959 -2.151 -0.755 -0.975 -2.185 -1.285 -1.787
154 Q -0.883 1.007 -0.093 -0.357 -1.911 4.883 1.392 -1.479 0.769 -2.24 -1.991 1.222 -0.403 -2.959 -2.151 -0.755 -0.975 -2.185 -1.285 -1.787
155 G 0.09 -2.358 -0.44 -1.323 -1.32 -2.195 -2.622 5.809 -1.476 -3.215 -3.461 -1.651 -2.667 -2.678 -2.779 -1.002 -1.919 -2.44 -3.148 -2.864
156 L -1.541 -2.186 -3.362 -3.62 -0.15 -2.64 -3.306 -3.383 -2.314 2.005 4.037 -2.478 2.132 0.833 -3.604 -3.158 -1.581 -1.65 -1.056 1.106
157 F -2.334 -2.896 -2.86 -3.314 -1.374 -3.864 -3.482 -2.875 -0.828 0.277 0.565 -3.304 0.201 6.515 -4.448 -3.031 -2.371 0.852 2.931 -0.507
158 L -1.541 -2.186 -3.362 -3.62 -0.15 -2.64 -3.306 -3.383 -2.314 2.005 4.037 -2.478 2.132 0.833 -3.604 -3.158 -1.581 -1.65 -1.056 1.106
159 S 1.068 -0.741 0.497 -0.249 0.072 -0.57 -0.555 -0.106 -0.46 -1.911 -2.328 -0.285 -1.187 -1.943 -1.475 3.262 1.011 -2.549 -1.756 -1.292
160 R -1.534 5.51 -0.462 -1.564 -2.259 0.518 -0.561 -2.128 0.098 -2.612 -2.028 2.018 -1.224 -2.472 -2.704 -1.406 -1.454 -2.234 -1.772 -2.162
161 Q -0.883 1.007 -0.093 -0.357 -1.911 4.883 1.392 -1.479 0.769 -2.24 -1.991 1.222 -0.403 -2.959 -2.151 -0.755 -0.975 -2.185 -1.285 -1.787
162 S 1.068 -0.741 0.497 -0.249 0.072 -0.57 -0.555 -0.106 -0.46 -1.911 -2.328 -0.285 -1.187 -1.943 -1.475 3.262 1.011 -2.549 -1.756 -1.292
163 L -1.541 -2.186 -3.362 -3.62 -0.15 -2.64 -3.306 -3.383 -2.314 2.005 4.037 -2.478 2.132 0.833 -3.604 -3.158 -1.581 -1.65 -1.056 1.106
164 S 1.068 -0.741 0.497 -0.249 0.072 -0.57 -0.555 -0.106 -0.46 -1.911 -2.328 -0.285 -1.187 -1.943 -1.475 3.262 1.011 -2.549 -1.756 -1.292
165 T -0.112 -1.093 -0.139 -1.014 0.122 -1.103 -1.378 -1.329 -1.413 -0.224 -1.057 -0.791 -0.532 -1.58 -1.687 0.705 4.245 -2.185 -1.706 0.229
166 L -1.541 -2.186 -3.362 -3.62 -0.15 -2.64 -3.306 -3.383 -2.314 2.005 4.037 -2.478 2.132 0.833 -3.604 -3.158 -1.581 -1.65 -1.056 1.106
167 L -1.91 -2.52 -3.1 -3.463 -0.698 -3.188 -3.393 -3.117 -1.476 1.268 2.795 -2.862 1.326 4.892 -3.996 -3.094 -1.949 -0.136 1.577 0.411
168 F -2.334 -2.896 -2.86 -3.314 -1.374 -3.864 -3.482 -2.875 -0.828 0.277 0.565 -3.304 0.201 6.515 -4.448 -3.031 -2.371 0.852 2.931 -0.507
169 I -1.377 -3.101 -3.263 -3.181 -0.15 -3.209 -3.687 -3.479 -2.711 4.521 1.677 -2.679 1.271 0.218 -3.505 -3.076 -1.075 -2.185 -1.285 2.86
170 A 2.961 -1.331 -0.993 -1.416 0.483 -1.237 -1.328 -0.154 -1.285 -0.588 -1.219 -0.827 -0.741 -1.745 -1.553 0.551 2.239 -2.342 -1.737 0.173
171 L -1.541 -2.186 -3.362 -3.62 -0.15 -2.64 -3.306 -3.383 -2.314 2.005 4.037 -2.478 2.132 0.833 -3.604 -3.158 -1.581 -1.65 -1.056 1.106
172 V -0.234 -2.486 -2.929 -3.164 0.34 -2.587 -2.894 -2.955 -2.915 3.03 0.945 -2.388 0.832 -0.398 -3.171 -2.284 -0.451 -2.387 -1.285 4.125
173 A 2.532 -1.942 -2.227 -2.332 0.515 -1.885 -1.987 -0.835 -1.939 1.702 0.029 -1.517 0.103 -1.033 -2.2 -0.601 -0.437 -2.414 -1.511 2.772
174 Q -0.883 1.007 -0.093 -0.357 -1.911 4.883 1.392 -1.479 0.769 -2.24 -1.991 1.222 -0.403 -2.959 -2.151 -0.755 -0.975 -2.185 -1.285 -1.787
175 G 0.62 -1.438 0.066 -0.736 -0.541 -1.27 -1.407 4.159 -0.924 -2.49 -2.839 -0.888 -1.833 -2.287 -2.054 1.855 -0.097 -2.494 -2.369 -1.973
176 R 1.259 2.673 -0.574 -1.22 -0.582 -0.122 -0.647 -0.952 -0.622 -1.289 -1.62 2.092 -0.949 -2.136 -1.851 -0.149 1.405 -2.348 -1.756 -0.731
177 L -0.637 2.162 -1.173 -1.902 -0.485 -1.01 -1.616 -1.913 -1.045 0.601 2.354 -0.174 0.921 -0.301 -2.708 0.263 -0.662 -1.995 -1.388 0.033
178 L -1.623 -1.129 -0.86 -1.995 -1.04 -1.145 -1.575 -2.418 6.077 0.527 2.313 -1.497 0.908 0.111 -3.145 -2.262 -1.886 -1.551 0.615 -0.278
179 K -0.447 0.92 -0.203 -0.865 -0.741 0.007 -0.41 -1.336 -0.769 -1.02 -1.588 2.919 -0.857 -2.129 -1.687 0.019 2.668 -2.361 -1.747 -0.675
180 R -0.94 4.045 -0.33 -1.193 -1.401 0.274 -0.484 -1.705 -0.303 -1.707 -1.8 2.504 -1.035 -2.295 -2.151 -0.606 1.288 -2.297 -1.76 -1.324
181 H 0.949 -0.616 2.637 -0.345 -1.152 -0.508 -0.738 -0.647 6.177 -2.094 -2.334 -0.66 -1.352 -1.409 -2.338 -0.566 -1.195 -2.007 0.401 -1.779
182 Y -1.786 -1.352 -1.233 -2.354 -1.887 -1.286 -1.774 -2.57 4.946 -1.168 -1.248 -1.554 -0.816 2.734 -3.176 -2.198 -2.123 1.728 5.991 -1.373
183 F -2.334 -2.896 -2.86 -3.314 -1.374 -3.864 -3.482 -2.875 -0.828 0.277 0.565 -3.304 0.201 6.515 -4.448 -3.031 -2.371 0.852 2.931 -0.507
184 R -1.159 4.281 -0.363 -1.112 -2.115 0.666 -0.091 -1.708 -0.067 -2.357 -2.132 3.511 -1.224 -2.634 -2.151 -1.132 -1.262 -2.387 -1.78 -2.079
185 N 0.015 -0.573 4.091 0.617 -0.73 -0.548 -0.639 -0.13 0.342 -2.284 -2.711 -0.29 -1.633 -2.151 -1.978 2.041 0.372 -2.75 -1.908 -1.857
186 L -1.154 -2.258 -3.248 -3.499 -0.02 -2.627 -3.197 -3.27 -2.453 2.297 3.519 -2.455 1.858 0.571 -3.49 -2.914 -1.254 -1.818 -1.112 2.201
187 F -1.015 -1.856 -1.19 -1.941 -0.53 -2.165 -2.242 -1.999 -1.106 0.037 -0.134 -1.782 -0.142 4.684 -2.749 -0.596 2.522 -0.284 1.458 -0.116
188 W -2.488 -2.628 -3.009 -3.463 -1.814 -3.298 -3.214 -2.609 -0.977 -0.596 -0.335 -3.036 -0.445 4.929 -4.888 -3.188 -2.528 8.707 2.575 -1.241
189 G 2.145 -1.998 -0.84 -1.454 -0.401 -1.835 -2.052 4.705 -1.374 -2.08 -2.465 -1.323 -1.859 -2.338 -2.219 -0.367 -1.264 -2.44 -2.545 -1.356
190 G -0.551 -2.705 -1.519 -2.105 -0.676 -2.658 -3.106 3.922 -2.028 2.712 0.126 -2.119 -0.072 -0.881 -3.119 -1.857 -1.466 -2.31 -2.069 1.232
191 L -1.541 -2.186 -3.362 -3.62 -0.15 -2.64 -3.306 -3.383 -2.314 2.005 4.037 -2.478 2.132 0.833 -3.604 -3.158 -1.581 -1.65 -1.056 1.106
192 A 3.918 -1.484 -1.662 -1.687 0.68 -1.32 -1.298 0.374 -1.211 -0.83 -1.321 -0.849 -0.874 -1.848 -1.475 0.455 -0.422 -2.44 -1.756 0.139
193 L -1.541 -2.186 -3.362 -3.62 -0.15 -2.64 -3.306 -3.383 -2.314 2.005 4.037 -2.478 2.132 0.833 -3.604 -3.158 -1.581 -1.65 -1.056 1.106
194 L -1.541 -2.186 -3.362 -3.62 -0.15 -2.64 -3.306 -3.383 -2.314 2.005 4.037 -2.478 2.132 0.833 -3.604 -3.158 -1.581 -1.65 -1.056 1.106
195 A 2.831 -1.089 -0.385 -0.879 0.392 -0.921 -0.903 0.144 -0.811 -1.32 -1.781 -0.553 -1.026 -1.895 -1.475 2.187 0.383 -2.494 -1.756 -0.489
196 H -1.707 -0.358 0.459 -0.961 -2.334 -0.165 -0.501 -1.697 7.998 -2.662 -2.595 -0.766 -1.261 -0.853 -2.749 -1.579 -2.227 -1.454 1.667 -3.036
197 A 2.831 -1.089 -0.385 -0.879 0.392 -0.921 -0.903 0.144 -0.811 -1.32 -1.781 -0.553 -1.026 -1.895 -1.475 2.187 0.383 -2.494 -1.756 -0.489
198 A 2.831 -1.089 -0.385 -0.879 0.392 -0.921 -0.903 0.144 -0.811 -1.32 -1.781 -0.553 -1.026 -1.895 -1.475 2.187 0.383 -2.494 -1.756 -0.489
199 A 3.918 -1.484 -1.662 -1.687 0.68 -1.32 -1.298 0.374 -1.211 -0.83 -1.321 -0.849 -0.874 -1.848 -1.475 0.455 -0.422 -2.44 -1.756 0.139
200 V -0.749 -2.777 -3.091 -3.173 0.105 -2.882 -3.263 -3.205 -2.811 3.871 1.334 -2.53 1.06 -0.074 -3.333 -2.653 -0.746 -2.284 -1.285 3.561
201 L -1.301 -1.757 -2.818 -3.189 -0.159 -1.738 -2.79 -2.955 -1.563 1.811 3.24 -1.92 4.367 0.656 -3.418 -2.531 -1.301 -1.473 -0.942 1.048
202 N -1.66 -0.415 5.643 1.281 -1.846 -0.527 -0.725 -0.155 0.968 -2.712 -3.152 -0.296 -2.161 -2.374 -2.588 -0.118 -0.451 -2.966 -2.069 -2.56
203 I -1.377 -3.101 -3.263 -3.181 -0.15 -3.209 -3.687 -3.479 -2.711 4.521 1.677 -2.679 1.271 0.218 -3.505 -3.076 -1.075 -2.185 -1.285 2.86
204 G 0.09 -2.358 -0.44 -1.323 -1.32 -2.195 -2.622 5.809 -1.476 -3.215 -3.461 -1.651 -2.667 -2.678 -2.779 -1.002 -1.919 -2.44 -3.148 -2.864
205 L -1.458 -2.607 -3.312 -3.392 -0.15 -2.911 -3.49 -3.43 -2.505 3.529 3.092 -2.577 1.734 0.542 -3.554 -3.117 -1.317 -1.905 -1.168 2.114
206 F -2.062 -2.283 -2.47 -3.164 -1.557 -2.64 -2.869 -2.903 0.996 -0.213 -0.079 -2.501 -0.207 5.346 -3.837 -2.719 -2.227 1.671 5.356 -0.734
207 L -1.541 -2.186 -3.362 -3.62 -0.15 -2.64 -3.306 -3.383 -2.314 2.005 4.037 -2.478 2.132 0.833 -3.604 -3.158 -1.581 -1.65 -1.056 1.106
208 L 1.162 -2.061 -2.739 -2.905 0.201 -2.238 -2.572 -1.836 -2.12 1.857 2.68 -1.958 1.293 0.048 -2.818 -1.605 -0.952 -2.007 -1.274 2.057
209 S 1.068 -0.741 0.497 -0.249 0.072 -0.57 -0.555 -0.106 -0.46 -1.911 -2.328 -0.285 -1.187 -1.943 -1.475 3.262 1.011 -2.549 -1.756 -1.292
210 R -1.67 3.732 -1.176 -2.202 -1.994 -0.409 -1.323 -2.502 1.272 -1.568 -1.415 0.684 -0.94 1.709 -3.002 -1.876 -1.754 0.852 4.806 -1.51
211 K -0.826 2.094 -0.268 -0.722 -1.977 0.807 0.313 -1.342 -0.243 -2.123 -2.24 4.49 -1.224 -2.806 -1.687 -0.881 -1.082 -2.549 -1.789 -1.999
212 V -0.749 -2.777 -3.091 -3.173 0.105 -2.882 -3.263 -3.205 -2.811 3.871 1.334 -2.53 1.06 -0.074 -3.333 -2.653 -0.746 -2.284 -1.285 3.561
213 K -0.826 2.094 -0.268 -0.722 -1.977 0.807 0.313 -1.342 -0.243 -2.123 -2.24 4.49 -1.224 -2.806 -1.687 -0.881 -1.082 -2.549 -1.789 -1.999
214 G -0.609 3.693 -0.451 -1.441 -1.752 -0.531 -1.411 3.988 -0.583 -2.898 -2.656 0.732 -1.856 -2.573 -2.742 -1.197 -1.677 -2.335 -2.379 -2.492
215 L -1.91 -2.52 -3.1 -3.463 -0.698 -3.188 -3.393 -3.117 -1.476 1.268 2.795 -2.862 1.326 4.892 -3.996 -3.094 -1.949 -0.136 1.577 0.411
216 V -0.626 -1.882 -2.631 -2.984 0.097 -1.718 -2.611 -2.763 -1.78 2.404 1.601 -1.882 4.115 0.067 -3.207 -2.147 -0.733 -1.796 -1.05 2.964
217 R -1.159 4.281 -0.363 -1.112 -2.115 0.666 -0.091 -1.708 -0.067 -2.357 -2.132 3.511 -1.224 -2.634 -2.151 -1.132 -1.262 -2.387 -1.78 -2.079
218 W -2.65 -2.383 -3.166 -3.62 -2.334 -2.824 -2.969 -2.366 -1.134 -1.854 -1.65 -2.791 -1.28 1.128 -5.408 -3.355 -2.695 10.61 2.169 -2.228
219 Y -1.812 -1.777 -2.126 -3.022 -1.752 -1.784 -2.363 -2.932 2.105 -0.804 -0.91 -1.873 -0.682 3.348 -3.333 -2.437 -2.089 2.309 6.655 -0.979
220 W -2.488 -2.628 -3.009 -3.463 -1.814 -3.298 -3.214 -2.609 -0.977 -0.596 -0.335 -3.036 -0.445 4.929 -4.888 -3.188 -2.528 8.707 2.575 -1.241
221 V -0.234 -2.486 -2.929 -3.164 0.34 -2.587 -2.894 -2.955 -2.915 3.03 0.945 -2.388 0.832 -0.398 -3.171 -2.284 -0.451 -2.387 -1.285 4.125
222 L -1.541 -2.186 -3.362 -3.62 -0.15 -2.64 -3.306 -3.383 -2.314 2.005 4.037 -2.478 2.132 0.833 -3.604 -3.158 -1.581 -1.65 -1.056 1.106
223 P -0.836 -2.014 -1.934 -1.564 -1.457 -1.933 -1.622 -1.852 -1.608 -2.318 -2.75 -1.064 -2.403 -3.336 6.663 -1.452 -1.348 -4.549 -2.636 -2.162
224 V -0.749 -2.777 -3.091 -3.173 0.105 -2.882 -3.263 -3.205 -2.811 3.871 1.334 -2.53 1.06 -0.074 -3.333 -2.653 -0.746 -2.284 -1.285 3.561
225 V -0.234 -2.486 -2.929 -3.164 0.34 -2.587 -2.894 -2.955 -2.915 3.03 0.945 -2.388 0.832 -0.398 -3.171 -2.284 -0.451 -2.387 -1.285 4.125
226 L -1.458 -2.607 -3.312 -3.392 -0.15 -2.911 -3.49 -3.43 -2.505 3.529 3.092 -2.577 1.734 0.542 -3.554 -3.117 -1.317 -1.905 -1.168 2.114
227 A 2.487 -2.0 -2.258 -2.334 0.461 -1.94 -2.051 -0.864 -1.92 2.065 0.169 -1.543 0.179 -0.928 -2.229 -0.65 -0.507 -2.387 -1.511 2.559
228 A 3.918 -1.484 -1.662 -1.687 0.68 -1.32 -1.298 0.374 -1.211 -0.83 -1.321 -0.849 -0.874 -1.848 -1.475 0.455 -0.422 -2.44 -1.756 0.139
229 L -1.283 -2.536 -3.268 -3.39 -0.084 -2.834 -3.385 -3.361 -2.528 3.316 3.042 -2.54 1.69 0.479 -3.51 -3.004 -1.223 -1.927 -1.168 2.36
230 L -1.541 -2.186 -3.362 -3.62 -0.15 -2.64 -3.306 -3.383 -2.314 2.005 4.037 -2.478 2.132 0.833 -3.604 -3.158 -1.581 -1.65 -1.056 1.106
231 L -1.91 -2.52 -3.1 -3.463 -0.698 -3.188 -3.393 -3.117 -1.476 1.268 2.795 -2.862 1.326 4.892 -3.996 -3.094 -1.949 -0.136 1.577 0.411
232 P -0.836 -2.014 -1.934 -1.564 -1.457 -1.933 -1.622 -1.852 -1.608 -2.318 -2.75 -1.064 -2.403 -3.336 6.663 -1.452 -1.348 -4.549 -2.636 -2.162
233 L -1.91 -2.52 -3.1 -3.463 -0.698 -3.188 -3.393 -3.117 -1.476 1.268 2.795 -2.862 1.326 4.892 -3.996 -3.094 -1.949 -0.136 1.577 0.411
234 N -1.66 -0.415 5.643 1.281 -1.846 -0.527 -0.725 -0.155 0.968 -2.712 -3.152 -0.296 -2.161 -2.374 -2.588 -0.118 -0.451 -2.966 -2.069 -2.56
235 D -1.316 -0.763 0.531 4.416 -2.392 0.445 3.258 -1.507 -0.035 -2.745 -3.07 0.021 -2.187 -2.76 -2.078 -0.87 -1.356 -2.903 -2.42 -2.476
236 A 2.831 -1.089 -0.385 -0.879 0.392 -0.921 -0.903 0.144 -0.811 -1.32 -1.781 -0.553 -1.026 -1.895 -1.475 2.187 0.383 -2.494 -1.756 -0.489
237 F -2.334 -2.896 -2.86 -3.314 -1.374 -3.864 -3.482 -2.875 -0.828 0.277 0.565 -3.304 0.201 6.515 -4.448 -3.031 -2.371 0.852 2.931 -0.507
238 V -0.749 -2.777 -3.091 -3.173 0.105 -2.882 -3.263 -3.205 -2.811 3.871 1.334 -2.53 1.06 -0.074 -3.333 -2.653 -0.746 -2.284 -1.285 3.561
239 T -0.112 -1.093 -0.139 -1.014 0.122 -1.103 -1.378 -1.329 -1.413 -0.224 -1.057 -0.791 -0.532 -1.58 -1.687 0.705 4.245 -2.185 -1.706 0.229
240 Q -0.883 1.007 -0.093 -0.357 -1.911 4.883 1.392 -1.479 0.769 -2.24 -1.991 1.222 -0.403 -2.959 -2.151 -0.755 -0.975 -2.185 -1.285 -1.787
241 H -1.707 -0.358 0.459 -0.961 -2.334 -0.165 -0.501 -1.697 7.998 -2.662 -2.595 -0.766 -1.261 -0.853 -2.749 -1.579 -2.227 -1.454 1.667 -3.036
242 L -1.541 -2.186 -3.362 -3.62 -0.15 -2.64 -3.306 -3.383 -2.314 2.005 4.037 -2.478 2.132 0.833 -3.604 -3.158 -1.581 -1.65 -1.056 1.106
243 A 2.946 -1.82 -2.075 -2.157 0.557 -1.733 -1.799 -0.482 -1.739 1.246 -0.254 -1.335 -0.112 -1.216 -2.001 -0.299 -0.433 -2.42 -1.57 2.304
244 A 2.831 -1.089 -0.385 -0.879 0.392 -0.921 -0.903 0.144 -0.811 -1.32 -1.781 -0.553 -1.026 -1.895 -1.475 2.187 0.383 -2.494 -1.756 -0.489
245 L -1.541 -2.186 -3.362 -3.62 -0.15 -2.64 -3.306 -3.383 -2.314 2.005 4.037 -2.478 2.132 0.833 -3.604 -3.158 -1.581 -1.65 -1.056 1.106
246 A 2.556 -1.282 -0.801 -1.331 0.414 -1.209 -1.338 -0.354 -1.31 -0.511 -1.186 -0.82 -0.698 -1.711 -1.579 0.582 2.767 -2.31 -1.731 0.184
247 N -1.66 -0.415 5.643 1.281 -1.846 -0.527 -0.725 -0.155 0.968 -2.712 -3.152 -0.296 -2.161 -2.374 -2.588 -0.118 -0.451 -2.966 -2.069 -2.56
248 I -1.377 -3.101 -3.263 -3.181 -0.15 -3.209 -3.687 -3.479 -2.711 4.521 1.677 -2.679 1.271 0.218 -3.505 -3.076 -1.075 -2.185 -1.285 2.86
249 T 0.538 -0.911 0.197 -0.606 0.097 -0.824 -0.937 -0.653 -0.897 -0.946 -1.623 -0.527 -0.841 -1.756 -1.579 2.258 3.059 -2.361 -1.731 -0.432
250 G 0.09 -2.358 -0.44 -1.323 -1.32 -2.195 -2.622 5.809 -1.476 -3.215 -3.461 -1.651 -2.667 -2.678 -2.779 -1.002 -1.919 -2.44 -3.148 -2.864
251 G 0.62 -1.438 0.066 -0.736 -0.541 -1.27 -1.407 4.159 -0.924 -2.49 -2.839 -0.888 -1.833 -2.287 -2.054 1.855 -0.097 -2.494 -2.369 -1.973
252 L -1.541 -2.186 -3.362 -3.62 -0.15 -2.64 -3.306 -3.383 -2.314 2.005 4.037 -2.478 2.132 0.833 -3.604 -3.158 -1.581 -1.65 -1.056 1.106
253 D -1.777 -1.588 1.199 5.833 -2.372 -0.872 1.05 -1.124 -0.536 -2.725 -3.491 -0.829 -2.698 -2.92 -2.289 -0.952 -1.413 -3.531 -3.043 -2.864
254 R -1.534 5.51 -0.462 -1.564 -2.259 0.518 -0.561 -2.128 0.098 -2.612 -2.028 2.018 -1.224 -2.472 -2.704 -1.406 -1.454 -2.234 -1.772 -2.162
255 K -0.826 2.094 -0.268 -0.722 -1.977 0.807 0.313 -1.342 -0.243 -2.123 -2.24 4.49 -1.224 -2.806 -1.687 -0.881 -1.082 -2.549 -1.789 -1.999
256 I -1.377 -3.101 -3.263 -3.181 -0.15 -3.209 -3.687 -3.479 -2.711 4.521 1.677 -2.679 1.271 0.218 -3.505 -3.076 -1.075 -2.185 -1.285 2.86
257 G 0.09 -2.358 -0.44 -1.323 -1.32 -2.195 -2.622 5.809 -1.476 -3.215 -3.461 -1.651 -2.667 -2.678 -2.779 -1.002 -1.919 -2.44 -3.148 -2.864
258 F -2.334 -2.896 -2.86 -3.314 -1.374 -3.864 -3.482 -2.875 -0.828 0.277 0.565 -3.304 0.201 6.515 -4.448 -3.031 -2.371 0.852 2.931 -0.507
259 Y -1.812 -1.777 -2.126 -3.022 -1.752 -1.784 -2.363 -2.932 2.105 -0.804 -0.91 -1.873 -0.682 3.348 -3.333 -2.437 -2.089 2.309 6.655 -0.979
260 L -1.08 -1.383 -2.36 -2.814 -0.168 -1.051 -2.353 -2.583 -0.968 1.603 2.135 -1.452 5.611 0.468 -3.242 -2.016 -1.046 -1.306 -0.832 0.99
261 N -1.66 -0.415 5.643 1.281 -1.846 -0.527 -0.725 -0.155 0.968 -2.712 -3.152 -0.296 -2.161 -2.374 -2.588 -0.118 -0.451 -2.966 -2.069 -2.56
262 D -1.718 -0.942 4.203 4.375 -2.097 -0.694 0.297 -0.599 0.313 -2.719 -3.316 -0.55 -2.417 -2.634 -2.435 -0.505 -0.892 -3.235 -2.515 -2.708
263 G -0.155 -2.262 -1.378 -2.067 -0.448 -2.158 -2.685 3.949 -1.856 1.079 -0.2 -1.878 1.306 -1.15 -2.977 -1.545 -1.178 -2.253 -1.989 1.894
264 P 0.27 -1.308 -0.47 -0.832 -0.592 -1.172 -1.04 -0.849 -0.977 -2.107 -2.532 -0.648 -1.731 -2.556 4.83 1.777 0.066 -3.379 -2.162 -1.694
265 D -1.316 -0.763 0.531 4.416 -2.392 0.445 3.258 -1.507 -0.035 -2.745 -3.07 0.021 -2.187 -2.76 -2.078 -0.87 -1.356 -2.903 -2.42 -2.476
266 G -0.371 -1.028 -0.389 0.434 -1.814 0.088 2.729 3.999 -0.393 -2.981 -3.057 -0.258 -2.174 -2.643 -2.296 -0.895 -1.594 -2.414 -2.462 -2.476
267 A 2.413 -0.723 -0.925 0.339 -0.47 0.311 2.858 -0.56 -0.299 -1.638 -1.93 0.014 -1.28 -2.203 -1.671 -0.101 -0.828 -2.414 -1.831 -0.78
268 A 2.556 -1.282 -0.801 -1.331 0.414 -1.209 -1.338 -0.354 -1.31 -0.511 -1.186 -0.82 -0.698 -1.711 -1.579 0.582 2.767 -2.31 -1.731 0.184
269 L -1.541 -2.186 -3.362 -3.62 -0.15 -2.64 -3.306 -3.383 -2.314 2.005 4.037 -2.478 2.132 0.833 -3.604 -3.158 -1.581 -1.65 -1.056 1.106
270 G 0.496 -1.642 -0.052 -0.872 -0.717 -1.475 -1.666 4.668 -1.052 -2.655 -2.983 -1.06 -2.02 -2.38 -2.219 1.362 -0.456 -2.481 -2.545 -2.171
271 V -0.749 -2.777 -3.091 -3.173 0.105 -2.882 -3.263 -3.205 -2.811 3.871 1.334 -2.53 1.06 -0.074 -3.333 -2.653 -0.746 -2.284 -1.285 3.561
272 F -1.64 -2.042 -2.599 -3.053 -0.709 -2.128 -2.863 -2.725 -0.897 1.015 1.455 -2.232 4.023 4.849 -3.783 -2.479 -1.633 -0.03 1.624 0.337
273 S 1.068 -0.741 0.497 -0.249 0.072 -0.57 -0.555 -0.106 -0.46 -1.911 -2.328 -0.285 -1.187 -1.943 -1.475 3.262 1.011 -2.549 -1.756 -1.292
274 L -1.541 -2.186 -3.362 -3.62 -0.15 -2.64 -3.306 -3.383 -2.314 2.005 4.037 -2.478 2.132 0.833 -3.604 -3.158 -1.581 -1.65 -1.056 1.106
275 L -1.541 -2.186 -3.362 -3.62 -0.15 -2.64 -3.306 -3.383 -2.314 2.005 4.037 -2.478 2.132 0.833 -3.604 -3.158 -1.581 -1.65 -1.056 1.106
276 L -1.08 -1.383 -2.36 -2.814 -0.168 -1.051 -2.353 -2.583 -0.968 1.603 2.135 -1.452 5.611 0.468 -3.242 -2.016 -1.046 -1.306 -0.832 0.99
277 L -1.541 -2.186 -3.362 -3.62 -0.15 -2.64 -3.306 -3.383 -2.314 2.005 4.037 -2.478 2.132 0.833 -3.604 -3.158 -1.581 -1.65 -1.056 1.106
278 P -0.836 -2.014 -1.934 -1.564 -1.457 -1.933 -1.622 -1.852 -1.608 -2.318 -2.75 -1.064 -2.403 -3.336 6.663 -1.452 -1.348 -4.549 -2.636 -2.162
279 L -1.541 -2.186 -3.362 -3.62 -0.15 -2.64 -3.306 -3.383 -2.314 2.005 4.037 -2.478 2.132 0.833 -3.604 -3.158 -1.581 -1.65 -1.056 1.106
280 H -1.707 -0.358 0.459 -0.961 -2.334 -0.165 -0.501 -1.697 7.998 -2.662 -2.595 -0.766 -1.261 -0.853 -2.749 -1.579 -2.227 -1.454 1.667 -3.036
281 A 3.918 -1.484 -1.662 -1.687 0.68 -1.32 -1.298 0.374 -1.211 -0.83 -1.321 -0.849 -0.874 -1.848 -1.475 0.455 -0.422 -2.44 -1.756 0.139
282 T -0.112 -1.093 -0.139 -1.014 0.122 -1.103 -1.378 -1.329 -1.413 -0.224 -1.057 -0.791 -0.532 -1.58 -1.687 0.705 4.245 -2.185 -1.706 0.229
283 F -2.334 -2.896 -2.86 -3.314 -1.374 -3.864 -3.482 -2.875 -0.828 0.277 0.565 -3.304 0.201 6.515 -4.448 -3.031 -2.371 0.852 2.931 -0.507
284 L -1.541 -2.186 -3.362 -3.62 -0.15 -2.64 -3.306 -3.383 -2.314 2.005 4.037 -2.478 2.132 0.833 -3.604 -3.158 -1.581 -1.65 -1.056 1.106
285 L -1.283 -2.536 -3.268 -3.39 -0.084 -2.834 -3.385 -3.361 -2.528 3.316 3.042 -2.54 1.69 0.479 -3.51 -3.004 -1.223 -1.927 -1.168 2.36
286 L -1.458 -2.607 -3.312 -3.392 -0.15 -2.911 -3.49 -3.43 -2.505 3.529 3.092 -2.577 1.734 0.542 -3.554 -3.117 -1.317 -1.905 -1.168 2.114
287 S 1.068 -0.741 0.497 -0.249 0.072 -0.57 -0.555 -0.106 -0.46 -1.911 -2.328 -0.285 -1.187 -1.943 -1.475 3.262 1.011 -2.549 -1.756 -1.292
288 V -0.172 -1.706 -1.209 -1.894 0.233 -1.751 -2.037 -2.029 -2.067 1.839 0.114 -1.48 0.23 -0.929 -2.335 -0.419 2.762 -2.284 -1.488 2.79
289 V -0.234 -2.486 -2.929 -3.164 0.34 -2.587 -2.894 -2.955 -2.915 3.03 0.945 -2.388 0.832 -0.398 -3.171 -2.284 -0.451 -2.387 -1.285 4.125
290 L -1.541 -2.186 -3.362 -3.62 -0.15 -2.64 -3.306 -3.383 -2.314 2.005 4.037 -2.478 2.132 0.833 -3.604 -3.158 -1.581 -1.65 -1.056 1.106
291 I -1.377 -3.101 -3.263 -3.181 -0.15 -3.209 -3.687 -3.479 -2.711 4.521 1.677 -2.679 1.271 0.218 -3.505 -3.076 -1.075 -2.185 -1.285 2.86
292 K -0.826 2.094 -0.268 -0.722 -1.977 0.807 0.313 -1.342 -0.243 -2.123 -2.24 4.49 -1.224 -2.806 -1.687 -0.881 -1.082 -2.549 -1.789 -1.999
293 S 1.068 -0.741 0.497 -0.249 0.072 -0.57 -0.555 -0.106 -0.46 -1.911 -2.328 -0.285 -1.187 -1.943 -1.475 3.262 1.011 -2.549 -1.756 -1.292
294 R -1.159 4.281 -0.363 -1.112 -2.115 0.666 -0.091 -1.708 -0.067 -2.357 -2.132 3.511 -1.224 -2.634 -2.151 -1.132 -1.262 -2.387 -1.78 -2.079
295 N -1.213 1.104 3.993 0.45 -1.911 0.216 -0.16 -0.688 0.426 -2.403 -2.66 2.993 -1.655 -2.582 -2.102 -0.474 -0.749 -2.75 -1.925 -2.266
296 D -0.826 -1.33 0.607 4.09 -0.864 -0.985 0.084 -1.224 -0.941 -1.212 -2.025 -0.81 -1.416 -2.173 -1.972 -0.006 2.625 -2.78 -2.298 -0.921
297 N -1.213 1.104 3.993 0.45 -1.911 0.216 -0.16 -0.688 0.426 -2.403 -2.66 2.993 -1.655 -2.582 -2.102 -0.474 -0.749 -2.75 -1.925 -2.266
298 N -0.536 -0.827 3.97 0.414 -1.152 -0.831 -0.878 -0.481 0.157 -2.394 -2.825 -0.467 -1.938 -2.464 3.042 0.982 -0.181 -3.165 -2.115 -2.095
299 D -1.263 0.804 0.558 4.116 -2.168 0.088 0.705 -1.231 -0.386 -2.408 -2.798 2.914 -1.868 -2.862 -1.972 -0.916 -1.243 -2.998 -2.348 -2.399
300 I -1.377 -3.101 -3.263 -3.181 -0.15 -3.209 -3.687 -3.479 -2.711 4.521 1.677 -2.679 1.271 0.218 -3.505 -3.076 -1.075 -2.185 -1.285 2.86
301 D -1.777 -1.588 1.199 5.833 -2.372 -0.872 1.05 -1.124 -0.536 -2.725 -3.491 -0.829 -2.698 -2.92 -2.289 -0.952 -1.413 -3.531 -3.043 -2.864
302 P 0.27 -1.308 -0.47 -0.832 -0.592 -1.172 -1.04 -0.849 -0.977 -2.107 -2.532 -0.648 -1.731 -2.556 4.83 1.777 0.066 -3.379 -2.162 -1.694
303 F -2.334 -2.896 -2.86 -3.314 -1.374 -3.864 -3.482 -2.875 -0.828 0.277 0.565 -3.304 0.201 6.515 -4.448 -3.031 -2.371 0.852 2.931 -0.507
304 S 1.068 -0.741 0.497 -0.249 0.072 -0.57 -0.555 -0.106 -0.46 -1.911 -2.328 -0.285 -1.187 -1.943 -1.475 3.262 1.011 -2.549 -1.756 -1.292
305 I -1.377 -3.101 -3.263 -3.181 -0.15 -3.209 -3.687 -3.479 -2.711 4.521 1.677 -2.679 1.271 0.218 -3.505 -3.076 -1.075 -2.185 -1.285 2.86
306 I -1.377 -3.101 -3.263 -3.181 -0.15 -3.209 -3.687 -3.479 -2.711 4.521 1.677 -2.679 1.271 0.218 -3.505 -3.076 -1.075 -2.185 -1.285 2.86
307 F -2.334 -2.896 -2.86 -3.314 -1.374 -3.864 -3.482 -2.875 -0.828 0.277 0.565 -3.304 0.201 6.515 -4.448 -3.031 -2.371 0.852 2.931 -0.507
308 I -1.377 -3.101 -3.263 -3.181 -0.15 -3.209 -3.687 -3.479 -2.711 4.521 1.677 -2.679 1.271 0.218 -3.505 -3.076 -1.075 -2.185 -1.285 2.86
309 C -0.875 -3.217 -3.11 -3.297 7.774 -3.331 -3.803 -2.747 -2.828 2.954 0.621 -2.888 0.329 -0.692 -3.352 -2.288 -1.193 -2.662 -1.943 1.666
310 L -1.541 -2.186 -3.362 -3.62 -0.15 -2.64 -3.306 -3.383 -2.314 2.005 4.037 -2.478 2.132 0.833 -3.604 -3.158 -1.581 -1.65 -1.056 1.106
311 Y -1.812 -1.777 -2.126 -3.022 -1.752 -1.784 -2.363 -2.932 2.105 -0.804 -0.91 -1.873 -0.682 3.348 -3.333 -2.437 -2.089 2.309 6.655 -0.979
312 C -0.275 -2.002 -1.219 -1.973 7.783 -2.047 -2.379 -1.716 -2.08 -0.467 -1.059 -1.724 -0.792 -1.795 -2.348 -0.245 2.637 -2.662 -2.2 -0.072
313 A 2.532 -1.942 -2.227 -2.332 0.515 -1.885 -1.987 -0.835 -1.939 1.702 0.029 -1.517 0.103 -1.033 -2.2 -0.601 -0.437 -2.414 -1.511 2.772
314 V -0.626 -1.882 -2.631 -2.984 0.097 -1.718 -2.611 -2.763 -1.78 2.404 1.601 -1.882 4.115 0.067 -3.207 -2.147 -0.733 -1.796 -1.05 2.964
315 L -1.541 -2.186 -3.362 -3.62 -0.15 -2.64 -3.306 -3.383 -2.314 2.005 4.037 -2.478 2.132 0.833 -3.604 -3.158 -1.581 -1.65 -1.056 1.106
316 F -2.334 -2.896 -2.86 -3.314 -1.374 -3.864 -3.482 -2.875 -0.828 0.277 0.565 -3.304 0.201 6.515 -4.448 -3.031 -2.371 0.852 2.931 -0.507
317 L -1.541 -2.186 -3.362 -3.62 -0.15 -2.64 -3.306 -3.383 -2.314 2.005 4.037 -2.478 2.132 0.833 -3.604 -3.158 -1.581 -1.65 -1.056 1.106
318 R -1.534 5.51 -0.462 -1.564 -2.259 0.518 -0.561 -2.128 0.098 -2.612 -2.028 2.018 -1.224 -2.472 -2.704 -1.406 -1.454 -2.234 -1.772 -2.162
319 N -1.266 -0.265 3.985 1.402 -2.115 0.559 2.932 -0.915 0.695 -2.738 -2.918 0.231 -1.95 -2.489 -2.213 -0.435 -0.845 -2.662 -1.987 -2.339
320 Y -1.812 -1.777 -2.126 -3.022 -1.752 -1.784 -2.363 -2.932 2.105 -0.804 -0.91 -1.873 -0.682 3.348 -3.333 -2.437 -2.089 2.309 6.655 -0.979
321 S 1.068 -0.741 0.497 -0.249 0.072 -0.57 -0.555 -0.106 -0.46 -1.911 -2.328 -0.285 -1.187 -1.943 -1.475 3.262 1.011 -2.549 -1.756 -1.292
322 L -1.541 -2.186 -3.362 -3.62 -0.15 -2.64 -3.306 -3.383 -2.314 2.005 4.037 -2.478 2.132 0.833 -3.604 -3.158 -1.581 -1.65 -1.056 1.106
323 L -1.541 -2.186 -3.362 -3.62 -0.15 -2.64 -3.306 -3.383 -2.314 2.005 4.037 -2.478 2.132 0.833 -3.604 -3.158 -1.581 -1.65 -1.056 1.106
324 P -0.836 -2.014 -1.934 -1.564 -1.457 -1.933 -1.622 -1.852 -1.608 -2.318 -2.75 -1.064 -2.403 -3.336 6.663 -1.452 -1.348 -4.549 -2.636 -2.162
325 T -0.112 -1.093 -0.139 -1.014 0.122 -1.103 -1.378 -1.329 -1.413 -0.224 -1.057 -0.791 -0.532 -1.58 -1.687 0.705 4.245 -2.185 -1.706 0.229
326 R -1.534 5.51 -0.462 -1.564 -2.259 0.518 -0.561 -2.128 0.098 -2.612 -2.028 2.018 -1.224 -2.472 -2.704 -1.406 -1.454 -2.234 -1.772 -2.162
327 L -1.541 -2.186 -3.362 -3.62 -0.15 -2.64 -3.306 -3.383 -2.314 2.005 4.037 -2.478 2.132 0.833 -3.604 -3.158 -1.581 -1.65 -1.056 1.106
328 G 0.09 -2.358 -0.44 -1.323 -1.32 -2.195 -2.622 5.809 -1.476 -3.215 -3.461 -1.651 -2.667 -2.678 -2.779 -1.002 -1.919 -2.44 -3.148 -2.864
329 L -1.08 -1.383 -2.36 -2.814 -0.168 -1.051 -2.353 -2.583 -0.968 1.603 2.135 -1.452 5.611 0.468 -3.242 -2.016 -1.046 -1.306 -0.832 0.99
330 P -0.836 -2.014 -1.934 -1.564 -1.457 -1.933 -1.622 -1.852 -1.608 -2.318 -2.75 -1.064 -2.403 -3.336 6.663 -1.452 -1.348 -4.549 -2.636 -2.162
331 I -1.377 -3.101 -3.263 -3.181 -0.15 -3.209 -3.687 -3.479 -2.711 4.521 1.677 -2.679 1.271 0.218 -3.505 -3.076 -1.075 -2.185 -1.285 2.86
332 V -0.749 -2.777 -3.091 -3.173 0.105 -2.882 -3.263 -3.205 -2.811 3.871 1.334 -2.53 1.06 -0.074 -3.333 -2.653 -0.746 -2.284 -1.285 3.561
333 A 2.345 -2.18 -2.353 -2.338 0.295 -2.113 -2.252 -0.952 -1.865 2.941 0.551 -1.621 0.394 -0.634 -2.315 -0.801 -0.73 -2.31 -1.511 1.809
334 F -2.334 -2.896 -2.86 -3.314 -1.374 -3.864 -3.482 -2.875 -0.828 0.277 0.565 -3.304 0.201 6.515 -4.448 -3.031 -2.371 0.852 2.931 -0.507
335 S 1.068 -0.741 0.497 -0.249 0.072 -0.57 -0.555 -0.106 -0.46 -1.911 -2.328 -0.285 -1.187 -1.943 -1.475 3.262 1.011 -2.549 -1.756 -1.292
336 A 2.831 -1.089 -0.385 -0.879 0.392 -0.921 -0.903 0.144 -0.811 -1.32 -1.781 -0.553 -1.026 -1.895 -1.475 2.187 0.383 -2.494 -1.756 -0.489
337 L -1.91 -2.52 -3.1 -3.463 -0.698 -3.188 -3.393 -3.117 -1.476 1.268 2.795 -2.862 1.326 4.892 -3.996 -3.094 -1.949 -0.136 1.577 0.411
338 F -2.334 -2.896 -2.86 -3.314 -1.374 -3.864 -3.482 -2.875 -0.828 0.277 0.565 -3.304 0.201 6.515 -4.448 -3.031 -2.371 0.852 2.931 -0.507
339 F -2.334 -2.896 -2.86 -3.314 -1.374 -3.864 -3.482 -2.875 -0.828 0.277 0.565 -3.304 0.201 6.515 -4.448 -3.031 -2.371 0.852 2.931 -0.507
340 F -2.062 -2.283 -2.47 -3.164 -1.557 -2.64 -2.869 -2.903 0.996 -0.213 -0.079 -2.501 -0.207 5.346 -3.837 -2.719 -2.227 1.671 5.356 -0.734
341 N -1.66 -0.415 5.643 1.281 -1.846 -0.527 -0.725 -0.155 0.968 -2.712 -3.152 -0.296 -2.161 -2.374 -2.588 -0.118 -0.451 -2.966 -2.069 -2.56
342 V -0.749 -2.777 -3.091 -3.173 0.105 -2.882 -3.263 -3.205 -2.811 3.871 1.334 -2.53 1.06 -0.074 -3.333 -2.653 -0.746 -2.284 -1.285 3.561
343 T -0.112 -1.093 -0.139 -1.014 0.122 -1.103 -1.378 -1.329 -1.413 -0.224 -1.057 -0.791 -0.532 -1.58 -1.687 0.705 4.245 -2.185 -1.706 0.229
344 T -0.112 -1.093 -0.139 -1.014 0.122 -1.103 -1.378 -1.329 -1.413 -0.224 -1.057 -0.791 -0.532 -1.58 -1.687 0.705 4.245 -2.185 -1.706 0.229
345 L -1.541 -2.186 -3.362 -3.62 -0.15 -2.64 -3.306 -3.383 -2.314 2.005 4.037 -2.478 2.132 0.833 -3.604 -3.158 -1.581 -1.65 -1.056 1.106
346 Y -1.812 -1.777 -2.126 -3.022 -1.752 -1.784 -2.363 -2.932 2.105 -0.804 -0.91 -1.873 -0.682 3.348 -3.333 -2.437 -2.089 2.309 6.655 -0.979
347 K 0.274 1.011 0.14 -0.476 -0.774 0.2 -0.088 -0.659 -0.349 -2.015 -2.284 2.995 -1.205 -2.342 -1.579 1.878 0.15 -2.549 -1.772 -1.624
348 T -0.472 0.144 -0.116 -0.667 -0.719 3.224 0.327 -1.403 -0.12 -1.059 -1.486 0.388 -0.467 -2.188 -1.91 0.066 2.682 -2.185 -1.488 -0.606
349 L -1.673 -1.975 -2.678 -3.306 -0.841 -2.18 -2.796 -3.148 0.67 0.93 2.515 -2.16 1.056 2.356 -3.466 -2.775 -1.824 0.961 4.848 0.248
350 L -1.458 -2.607 -3.312 -3.392 -0.15 -2.911 -3.49 -3.43 -2.505 3.529 3.092 -2.577 1.734 0.542 -3.554 -3.117 -1.317 -1.905 -1.168 2.114
351 K -0.826 2.094 -0.268 -0.722 -1.977 0.807 0.313 -1.342 -0.243 -2.123 -2.24 4.49 -1.224 -2.806 -1.687 -0.881 -1.082 -2.549 -1.789 -1.999
352 R -1.596 3.859 3.971 0.196 -2.045 0.043 -0.642 -0.976 0.566 -2.662 -2.535 1.087 -1.655 -2.423 -2.645 -0.691 -0.909 -2.577 -1.917 -2.354
353 V -0.749 -2.777 -3.091 -3.173 0.105 -2.882 -3.263 -3.205 -2.811 3.871 1.334 -2.53 1.06 -0.074 -3.333 -2.653 -0.746 -2.284 -1.285 3.561
354 H -1.233 1.121 0.119 -0.839 -2.15 0.362 -0.065 -1.514 6.159 -2.38 -2.412 2.923 -1.242 -1.667 -2.169 -1.209 -1.598 -1.95 0.428 -2.471
355 L -1.541 -2.186 -3.362 -3.62 -0.15 -2.64 -3.306 -3.383 -2.314 2.005 4.037 -2.478 2.132 0.833 -3.604 -3.158 -1.581 -1.65 -1.056 1.106
356 Y -1.504 -1.942 -2.433 -3.007 -0.847 -1.857 -2.639 -2.964 0.787 2.017 0.835 -1.936 2.679 2.221 -3.352 -2.467 -1.529 0.948 4.848 0.934
357 E -0.919 -0.122 -0.338 1.518 -2.411 1.346 4.494 -1.95 0.392 -2.764 -2.703 0.677 -1.754 -2.608 -1.882 -0.791 -1.301 -2.387 -1.908 -2.134
358 T 0.538 -0.911 0.197 -0.606 0.097 -0.824 -0.937 -0.653 -0.897 -0.946 -1.623 -0.527 -0.841 -1.756 -1.579 2.258 3.059 -2.361 -1.731 -0.432
359 L 2.323 -1.814 -2.389 -2.495 0.295 -1.905 -2.131 -0.932 -1.71 0.922 2.456 -1.55 1.004 -0.207 -2.348 -0.82 -0.944 -2.018 -1.385 0.663
360 F -2.334 -2.896 -2.86 -3.314 -1.374 -3.864 -3.482 -2.875 -0.828 0.277 0.565 -3.304 0.201 6.515 -4.448 -3.031 -2.371 0.852 2.931 -0.507
361 F -2.334 -2.896 -2.86 -3.314 -1.374 -3.864 -3.482 -2.875 -0.828 0.277 0.565 -3.304 0.201 6.515 -4.448 -3.031 -2.371 0.852 2.931 -0.507
362 I -1.377 -3.101 -3.263 -3.181 -0.15 -3.209 -3.687 -3.479 -2.711 4.521 1.677 -2.679 1.271 0.218 -3.505 -3.076 -1.075 -2.185 -1.285 2.86
363 F -2.334 -2.896 -2.86 -3.314 -1.374 -3.864 -3.482 -2.875 -0.828 0.277 0.565 -3.304 0.201 6.515 -4.448 -3.031 -2.371 0.852 2.931 -0.507
364 I -1.377 -3.101 -3.263 -3.181 -0.15 -3.209 -3.687 -3.479 -2.711 4.521 1.677 -2.679 1.271 0.218 -3.505 -3.076 -1.075 -2.185 -1.285 2.86
365 C -0.447 -3.339 -2.965 -3.419 9.68 -3.458 -3.925 -2.163 -2.95 -0.732 -1.061 -3.113 -1.079 -2.027 -3.207 -1.67 -1.317 -3.235 -2.796 -0.409
366 L -0.577 -2.11 -1.798 -2.199 -0.093 -2.18 -2.468 -2.19 -1.883 3.194 2.027 -1.832 1.104 0.001 -2.869 0.086 -0.489 -2.124 -1.334 1.812
367 T -0.112 -1.093 -0.139 -1.014 0.122 -1.103 -1.378 -1.329 -1.413 -0.224 -1.057 -0.791 -0.532 -1.58 -1.687 0.705 4.245 -2.185 -1.706 0.229
368 F -2.334 -2.896 -2.86 -3.314 -1.374 -3.864 -3.482 -2.875 -0.828 0.277 0.565 -3.304 0.201 6.515 -4.448 -3.031 -2.371 0.852 2.931 -0.507
369 V -0.749 -2.777 -3.091 -3.173 0.105 -2.882 -3.263 -3.205 -2.811 3.871 1.334 -2.53 1.06 -0.074 -3.333 -2.653 -0.746 -2.284 -1.285 3.561
370 R -1.534 5.51 -0.462 -1.564 -2.259 0.518 -0.561 -2.128 0.098 -2.612 -2.028 2.018 -1.224 -2.472 -2.704 -1.406 -1.454 -2.234 -1.772 -2.162
371 F -2.334 -2.896 -2.86 -3.314 -1.374 -3.864 -3.482 -2.875 -0.828 0.277 0.565 -3.304 0.201 6.515 -4.448 -3.031 -2.371 0.852 2.931 -0.507
372 L -1.541 -2.186 -3.362 -3.62 -0.15 -2.64 -3.306 -3.383 -2.314 2.005 4.037 -2.478 2.132 0.833 -3.604 -3.158 -1.581 -1.65 -1.056 1.106
373 Y -1.812 -1.777 -2.126 -3.022 -1.752 -1.784 -2.363 -2.932 2.105 -0.804 -0.91 -1.873 -0.682 3.348 -3.333 -2.437 -2.089 2.309 6.655 -0.979
374 T -0.112 -1.093 -0.139 -1.014 0.122 -1.103 -1.378 -1.329 -1.413 -0.224 -1.057 -0.791 -0.532 -1.58 -1.687 0.705 4.245 -2.185 -1.706 0.229
375 N -1.66 -0.415 5.643 1.281 -1.846 -0.527 -0.725 -0.155 0.968 -2.712 -3.152 -0.296 -2.161 -2.374 -2.588 -0.118 -0.451 -2.966 -2.069 -2.56
376 D -1.777 -1.588 1.199 5.833 -2.372 -0.872 1.05 -1.124 -0.536 -2.725 -3.491 -0.829 -2.698 -2.92 -2.289 -0.952 -1.413 -3.531 -3.043 -2.864
377 Y -1.812 -1.777 -2.126 -3.022 -1.752 -1.784 -2.363 -2.932 2.105 -0.804 -0.91 -1.873 -0.682 3.348 -3.333 -2.437 -2.089 2.309 6.655 -0.979
378 G 0.09 -2.358 -0.44 -1.323 -1.32 -2.195 -2.622 5.809 -1.476 -3.215 -3.461 -1.651 -2.667 -2.678 -2.779 -1.002 -1.919 -2.44 -3.148 -2.864
379 D -1.777 -1.588 1.199 5.833 -2.372 -0.872 1.05 -1.124 -0.536 -2.725 -3.491 -0.829 -2.698 -2.92 -2.289 -0.952 -1.413 -3.531 -3.043 -2.864
380 Y -1.812 -1.777 -2.126 -3.022 -1.752 -1.784 -2.363 -2.932 2.105 -0.804 -0.91 -1.873 -0.682 3.348 -3.333 -2.437 -2.089 2.309 6.655 -0.979
381 A 3.918 -1.484 -1.662 -1.687 0.68 -1.32 -1.298 0.374 -1.211 -0.83 -1.321 -0.849 -0.874 -1.848 -1.475 0.455 -0.422 -2.44 -1.756 0.139
382 I -1.377 -3.101 -3.263 -3.181 -0.15 -3.209 -3.687 -3.479 -2.711 4.521 1.677 -2.679 1.271 0.218 -3.505 -3.076 -1.075 -2.185 -1.285 2.86
383 T -0.112 -1.093 -0.139 -1.014 0.122 -1.103 -1.378 -1.329 -1.413 -0.224 -1.057 -0.791 -0.532 -1.58 -1.687 0.705 4.245 -2.185 -1.706 0.229
384 L -1.458 -2.607 -3.312 -3.392 -0.15 -2.911 -3.49 -3.43 -2.505 3.529 3.092 -2.577 1.734 0.542 -3.554 -3.117 -1.317 -1.905 -1.168 2.114
385 L -1.91 -2.52 -3.1 -3.463 -0.698 -3.188 -3.393 -3.117 -1.476 1.268 2.795 -2.862 1.326 4.892 -3.996 -3.094 -1.949 -0.136 1.577 0.411
386 G 0.496 -1.642 -0.052 -0.872 -0.717 -1.475 -1.666 4.668 -1.052 -2.655 -2.983 -1.06 -2.02 -2.38 -2.219 1.362 -0.456 -2.481 -2.545 -2.171
387 K -0.826 2.094 -0.268 -0.722 -1.977 0.807 0.313 -1.342 -0.243 -2.123 -2.24 4.49 -1.224 -2.806 -1.687 -0.881 -1.082 -2.549 -1.789 -1.999
388 E -0.901 0.498 -0.213 0.73 -2.15 3.625 3.341 -1.705 0.587 -2.49 -2.325 0.962 -1.0 -2.778 -2.013 -0.773 -1.133 -2.284 -1.58 -1.955
389 S 1.068 -0.741 0.497 -0.249 0.072 -0.57 -0.555 -0.106 -0.46 -1.911 -2.328 -0.285 -1.187 -1.943 -1.475 3.262 1.011 -2.549 -1.756 -1.292
390 L -1.541 -2.186 -3.362 -3.62 -0.15 -2.64 -3.306 -3.383 -2.314 2.005 4.037 -2.478 2.132 0.833 -3.604 -3.158 -1.581 -1.65 -1.056 1.106
391 L -1.458 -2.607 -3.312 -3.392 -0.15 -2.911 -3.49 -3.43 -2.505 3.529 3.092 -2.577 1.734 0.542 -3.554 -3.117 -1.317 -1.905 -1.168 2.114
392 S 0.189 -1.044 -0.591 -1.255 -0.045 -0.8 -1.316 -1.087 -0.703 0.351 0.692 -0.81 3.872 -0.493 -2.226 1.692 0.162 -1.861 -1.257 0.069
393 Y -0.027 -1.213 -0.526 -1.314 -0.698 -1.113 -1.32 -1.186 1.098 -1.305 -1.533 -0.971 -0.923 1.776 -2.257 1.637 -0.141 0.8 4.807 -1.132
394 P -0.836 -2.014 -1.934 -1.564 -1.457 -1.933 -1.622 -1.852 -1.608 -2.318 -2.75 -1.064 -2.403 -3.336 6.663 -1.452 -1.348 -4.549 -2.636 -2.162
395 I -1.377 -3.101 -3.263 -3.181 -0.15 -3.209 -3.687 -3.479 -2.711 4.521 1.677 -2.679 1.271 0.218 -3.505 -3.076 -1.075 -2.185 -1.285 2.86
396 D -1.718 -0.942 4.203 4.375 -2.097 -0.694 0.297 -0.599 0.313 -2.719 -3.316 -0.55 -2.417 -2.634 -2.435 -0.505 -0.892 -3.235 -2.515 -2.708
397 I -1.377 -3.101 -3.263 -3.181 -0.15 -3.209 -3.687 -3.479 -2.711 4.521 1.677 -2.679 1.271 0.218 -3.505 -3.076 -1.075 -2.185 -1.285 2.86
398 L -1.541 -2.186 -3.362 -3.62 -0.15 -2.64 -3.306 -3.383 -2.314 2.005 4.037 -2.478 2.132 0.833 -3.604 -3.158 -1.581 -1.65 -1.056 1.106
399 F -2.222 -2.797 -2.918 -3.351 -1.19 -3.68 -3.46 -2.933 -0.977 0.558 1.303 -3.187 0.526 6.186 -4.328 -3.046 -2.259 0.635 2.647 -0.249
400 N -1.496 3.377 3.977 0.262 -2.011 0.087 -0.513 -0.901 0.532 -2.595 -2.566 1.694 -1.655 -2.462 -2.5 -0.635 -0.868 -2.619 -1.919 -2.332
401 R -1.159 4.281 -0.363 -1.112 -2.115 0.666 -0.091 -1.708 -0.067 -2.357 -2.132 3.511 -1.224 -2.634 -2.151 -1.132 -1.262 -2.387 -1.78 -2.079