#Seq2Logo.py -f /work3/idamei/ssn-clusterings/2206071111/clusters/0038_19/sequences.afa -m 0.0001 -b 0 -o /work3/idamei/ssn-clusterings/2206071111/clusters/0038_19/sequences.logo -p 640x1000 -l 30 -I 1
Last position-specific scoring matrix computed, values are in halfbits
A R N D C Q E G H I L K M F P S T W Y V
0 M -99.999 -99.999 -99.999 -99.999 -99.999 -99.999 -99.999 -99.999 -99.999 -99.999 -99.999 -99.999 8.644 -99.999 -99.999 -99.999 -99.999 -99.999 -99.999 -99.999
1 I -99.999 -99.999 2.717 -99.999 -99.999 -99.999 3.333 -99.999 2.272 5.333 -99.999 -99.999 -99.999 -99.999 -99.999 3.333 -1.311 -99.999 -99.999 1.859
2 Q -99.999 3.333 1.859 -99.999 -99.999 3.859 1.333 -99.999 -99.999 3.333 2.689 3.859 -99.999 -99.999 -99.999 -99.999 -99.999 -99.999 -99.999 -99.999
3 N -99.999 -99.999 4.566 -99.999 -99.999 2.272 -0.068 -99.999 -99.999 -99.999 -1.311 3.778 -99.999 -99.999 -99.999 -1.311 3.333 -99.999 3.859 -99.999
4 Y -99.999 1.859 -99.999 -99.999 -4.068 -99.999 -99.999 -99.999 -99.999 -1.311 -99.999 4.689 -99.999 -99.999 -99.999 2.304 -1.311 -99.999 6.428 -99.999
5 N -99.999 -99.999 3.333 -99.999 -99.999 -99.999 2.689 -99.999 -99.999 3.333 2.304 -99.999 -99.999 1.859 -99.999 3.333 -99.999 -99.999 3.333 -1.311
6 S -99.999 2.689 -99.999 -99.999 -99.999 -99.999 -99.999 -99.999 -1.311 0.163 2.377 -1.837 -99.999 1.859 3.333 5.714 -99.999 -99.999 -99.999 -1.311
7 L -99.999 -99.999 4.503 -99.999 -99.999 0.689 -99.999 3.333 -99.999 2.689 5.333 -99.999 -99.999 -99.999 -99.999 1.859 -99.999 -99.999 -99.999 -99.999
8 Q -1.311 -99.999 1.333 -99.999 -99.999 3.333 -99.999 3.333 -99.999 2.689 2.272 -99.999 -99.999 -99.999 -0.068 3.333 -1.311 -99.999 -99.999 1.859
9 Q -99.999 -99.999 3.333 -99.999 1.932 4.975 -99.999 -99.999 0.163 3.333 -99.999 -99.999 -99.999 -99.999 2.689 2.336 -99.999 -99.999 -4.068 -99.999
10 T -99.999 -99.999 -99.999 -99.999 -99.999 -99.999 -99.999 -99.999 -99.999 -99.999 -99.999 -99.999 -99.999 -99.999 -99.999 -99.999 8.644 -99.999 -99.999 -99.999
11 G -99.999 -99.999 -99.999 -99.999 -99.999 -99.999 -99.999 8.644 -99.999 -99.999 -99.999 -99.999 -99.999 -99.999 -99.999 -99.999 -99.999 -99.999 -99.999 -99.999
12 Y -99.999 -99.999 -99.999 -99.999 -99.999 -99.999 -99.999 -99.999 -99.999 -99.999 -99.999 -99.999 -99.999 -99.999 -99.999 -99.999 -99.999 -99.999 8.644 -99.999
13 I -99.999 -99.999 -99.999 -99.999 -99.999 -99.999 -99.999 -99.999 -99.999 8.644 -99.999 -99.999 -99.999 -99.999 -99.999 -99.999 -99.999 -99.999 -99.999 -99.999
14 G -99.999 -99.999 -99.999 -99.999 -99.999 -99.999 -99.999 7.474 -99.999 -99.999 -99.999 -99.999 -99.999 -99.999 -99.999 -99.999 -99.999 5.474 -99.999 -99.999
15 T -99.999 -99.999 -99.999 -99.999 -99.999 -99.999 -99.999 -99.999 -99.999 -99.999 -99.999 -99.999 -99.999 -99.999 -99.999 -99.999 8.644 -99.999 -99.999 -99.999
16 N 2.358 -99.999 5.832 -99.999 -99.999 -99.999 -99.999 -99.999 -99.999 2.358 -99.999 -0.812 -99.999 1.832 3.832 -99.999 -99.999 -99.999 -99.999 1.188
17 K -99.999 0.127 4.514 3.832 -99.999 -99.999 -99.999 -99.999 -99.999 -99.999 -99.999 5.768 -99.999 2.358 -99.999 -0.812 -99.999 -99.999 -99.999 -99.999
18 I -99.999 -99.999 -0.919 -99.999 -99.999 3.725 -99.999 -0.919 -99.999 5.99 0.324 -99.999 3.725 -99.999 -99.999 -99.999 -99.999 -99.999 -99.999 2.251
19 R -99.999 5.154 -99.999 -99.999 -99.999 2.664 -99.999 3.725 -99.999 4.407 -0.919 -99.999 -99.999 -0.919 -99.999 1.725 -99.999 -99.999 -99.999 -99.999
20 V -1.445 -99.999 -99.999 -99.999 -99.999 -99.999 -99.999 -99.999 -99.999 -99.999 3.725 3.725 -99.999 3.725 -99.999 -0.919 2.251 -99.999 -99.999 4.958
21 K -99.999 1.911 2.555 -99.999 -99.999 3.725 -99.999 -99.999 -1.445 -99.999 -99.999 7.02 -99.999 -99.999 -99.999 -99.999 -99.999 -99.999 -99.999 -99.999
22 I -99.999 -99.999 -99.999 -99.999 -99.999 -99.999 -99.999 -99.999 -99.999 8.644 -99.999 -99.999 -99.999 -99.999 -99.999 -99.999 -99.999 -99.999 -99.999 -99.999
23 N -99.999 -99.999 8.644 -99.999 -99.999 -99.999 -99.999 -99.999 -99.999 -99.999 -99.999 -99.999 -99.999 -99.999 -99.999 -99.999 -99.999 -99.999 -99.999 -99.999
24 G -99.999 -99.999 -99.999 -99.999 -99.999 -99.999 -99.999 8.644 -99.999 -99.999 -99.999 -99.999 -99.999 -99.999 -99.999 -99.999 -99.999 -99.999 -99.999 -99.999
25 L 0.163 -99.999 3.333 -99.999 -99.999 -99.999 -99.999 -99.999 3.333 -99.999 4.629 -99.999 -99.999 -99.999 -99.999 0.163 2.163 -99.999 4.304 -99.999
26 V 1.333 -99.999 -99.999 -99.999 -99.999 -99.999 -99.999 -99.999 -99.999 -1.311 5.608 -99.999 1.859 -99.999 -99.999 -99.999 -99.999 -99.999 -99.999 6.304
27 P 4.073 -99.999 -99.999 -99.999 3.333 -99.999 -99.999 2.689 -99.999 -0.068 -99.999 -99.999 -99.999 1.333 4.304 -99.999 -99.999 -99.999 -99.999 3.333
28 I -99.999 -99.999 -99.999 -99.999 -99.999 -99.999 -99.999 -99.999 -99.999 6.778 3.859 -99.999 1.859 -99.999 -99.999 -99.999 -99.999 -99.999 3.333 -1.311
29 Y -99.999 -99.999 -99.999 -99.999 2.49 -99.999 -99.999 -99.999 -99.999 3.66 2.49 -99.999 -99.999 -99.999 -99.999 -99.999 3.134 -99.999 6.256 -99.999
30 F -99.999 -99.999 -99.999 -99.999 -99.999 -99.999 -99.999 -99.999 -99.999 5.891 -0.267 -99.999 -99.999 7.018 -99.999 -99.999 -99.999 -99.999 -99.999 -99.999
31 S -1.51 -99.999 -99.999 -99.999 0.83 -99.999 -99.999 -99.999 -99.999 -99.999 4.304 -99.999 -99.999 -99.999 -99.999 5.992 3.134 -99.999 -99.999 2.855
32 L -99.999 -99.999 -99.999 -99.999 -99.999 -99.999 -99.999 -99.999 -99.999 4.49 6.445 -99.999 3.134 -99.999 -99.999 -99.999 -99.999 -99.999 -99.999 3.134
33 F -99.999 -99.999 -99.999 -99.999 4.479 -99.999 -99.999 -99.999 -99.999 -99.999 4.123 -99.999 -99.999 6.454 -99.999 -99.999 1.597 -99.999 -99.999 -99.999
34 A 8.644 -99.999 -99.999 -99.999 -99.999 -99.999 -99.999 -99.999 -99.999 -99.999 -99.999 -99.999 -99.999 -99.999 -99.999 -99.999 -99.999 -99.999 -99.999 -99.999
35 L -99.999 -99.999 -99.999 -99.999 -99.999 -99.999 -99.999 -99.999 -99.999 -99.999 8.644 -99.999 -99.999 -99.999 -99.999 -99.999 -99.999 -99.999 -99.999 -99.999
36 L -99.999 -99.999 -99.999 -99.999 -99.999 -99.999 -99.999 -99.999 -99.999 -99.999 8.644 -99.999 -99.999 -99.999 -99.999 -99.999 -99.999 -99.999 -99.999 -99.999
37 S -99.999 -99.999 -99.999 -99.999 -99.999 -99.999 -99.999 -99.999 -99.999 -99.999 -99.999 -99.999 -99.999 -99.999 -99.999 8.644 -99.999 -99.999 -99.999 -99.999
38 I -99.999 -99.999 -99.999 -99.999 -99.999 -99.999 -99.999 -99.999 -99.999 8.644 -99.999 -99.999 -99.999 -99.999 -99.999 -99.999 -99.999 -99.999 -99.999 -99.999
39 L 3.134 -99.999 -99.999 -99.999 -99.999 -99.999 -99.999 -99.999 -99.999 5.134 5.946 -99.999 -99.999 2.935 -99.999 -2.036 -99.999 -99.999 -99.999 -99.999
40 A 5.205 -99.999 -99.999 -99.999 -0.267 3.134 -99.999 -99.999 -99.999 3.134 -99.999 -99.999 -99.999 -99.999 -99.999 4.089 -99.999 -99.999 -99.999 3.134
41 L -99.999 -99.999 -99.999 -99.999 -99.999 -99.999 -99.999 -99.999 -99.999 0.83 5.778 -99.999 1.66 3.134 -99.999 -99.999 2.49 -99.999 -99.999 4.105
42 F 4.579 -99.999 -99.999 -99.999 -99.999 -99.999 -99.999 -99.999 -99.999 3.134 3.036 -99.999 -0.036 5.285 -99.999 2.073 -99.999 -99.999 -99.999 -99.999
43 S 3.134 -99.999 -1.51 -99.999 -99.999 -99.999 -99.999 -99.999 -99.999 1.66 3.537 -99.999 -99.999 3.134 -99.999 6.105 -99.999 -99.999 -99.999 -99.999
44 L -99.999 -99.999 -99.999 -99.999 2.073 -99.999 -99.999 -0.267 -99.999 1.134 5.474 -99.999 -99.999 3.134 -99.999 3.134 -99.999 -99.999 -99.999 3.134
45 F -99.999 -99.999 -99.999 -99.999 -99.999 -99.999 -99.999 -99.999 -99.999 -99.999 5.205 -99.999 -99.999 6.909 -99.999 -99.999 3.134 -99.999 -99.999 -99.999
46 L -99.999 -99.999 -99.999 -99.999 1.891 -99.999 -1.51 -99.999 -99.999 -99.999 5.275 -99.999 5.134 -99.999 -99.999 -99.999 -99.999 -99.999 3.134 2.49
47 I 3.134 -99.999 -99.999 -99.999 -99.999 -99.999 1.891 -99.999 -99.999 3.908 -99.999 1.66 -99.999 3.134 -99.999 -99.999 1.134 2.073 3.134 -99.999
48 S -99.999 -99.999 2.471 -0.634 -99.999 -99.999 -1.573 2.536 -99.999 3.597 -99.999 -99.999 -99.999 -99.999 -99.999 6.182 -99.999 -99.999 -1.047 0.427
49 G -99.999 -99.999 -3.804 -0.634 -99.999 -99.999 -99.999 6.454 -99.999 1.293 -99.999 -99.999 2.123 -99.999 -99.999 1.597 4.123 -99.999 -99.999 -99.999
50 A 5.644 -99.999 -99.999 -99.999 -99.999 -99.999 -99.999 -99.999 -99.999 -99.999 2.123 -99.999 -99.999 1.293 -99.999 3.597 -99.999 -99.999 3.597 2.427
51 A 4.148 -99.999 4.148 3.087 -99.999 -99.999 -99.999 2.674 -99.999 -99.999 -99.999 0.747 -99.999 -99.999 -0.496 2.148 1.844 -99.999 -99.999 -99.999
52 E 2.148 -99.999 2.674 -99.999 -99.999 1.844 4.148 -99.999 -99.999 -99.999 4.148 -99.999 -99.999 -99.999 -99.999 -0.496 4.148 -99.999 -99.999 -99.999
53 N 2.905 -99.999 5.504 -99.999 -99.999 0.747 -99.999 -99.999 -99.999 -99.999 -99.999 -99.999 -99.999 3.087 -99.999 -99.999 2.148 4.148 -99.999 -99.999
54 L -99.999 -99.999 -99.999 -99.999 -99.999 -99.999 -99.999 2.674 -99.999 4.922 5.534 -99.999 -99.999 0.978 -99.999 -99.999 -99.999 -99.999 -99.999 3.819
55 Y -1.097 -99.999 3.66 -99.999 -99.999 3.134 -99.999 -99.999 -99.999 -99.999 3.134 -99.999 -99.999 -99.999 -99.999 4.289 -99.999 -99.999 4.749 -4.267
56 D 2.123 -99.999 -99.999 3.597 -99.999 3.597 2.892 -1.573 -99.999 2.953 -1.047 -1.047 -99.999 -99.999 -99.999 3.597 -99.999 -99.999 -99.999 -99.999
57 S -3.804 -99.999 -99.999 -99.999 -99.999 -99.999 -3.804 3.597 -99.999 -1.047 -1.047 -0.634 -99.999 -99.999 -99.999 5.293 3.872 -99.999 -99.999 3.779
58 I 2.712 -99.999 3.356 -99.999 -99.999 -99.999 -99.999 -99.999 -99.999 4.696 1.882 -99.999 -99.999 -1.288 -99.999 -99.999 -99.999 -99.999 2.295 4.257
59 L -99.999 3.356 -99.999 -99.999 -99.999 -99.999 1.356 -99.999 -99.999 3.266 6.057 -99.999 -99.999 -99.999 -99.999 -99.999 -0.875 -99.999 3.356 -99.999
60 D 2.928 -99.999 3.373 5.373 -99.999 2.928 -1.716 -99.999 1.454 -99.999 -99.999 2.78 -99.999 -99.999 -99.999 -99.999 -99.999 -99.999 -99.999 -99.999
61 I -99.999 -99.999 -99.999 -99.999 -99.999 -99.999 -99.999 -99.999 -99.999 7.393 -1.716 -99.999 -99.999 2.284 -99.999 -99.999 -99.999 -99.999 -99.999 4.192
62 L -99.999 -99.999 -99.999 -99.999 -99.999 -99.999 -99.999 -99.999 -99.999 -99.999 6.459 -99.999 -99.999 4.459 -99.999 -99.999 2.928 -99.999 -99.999 3.331
63 A 5.497 -99.999 -99.999 -99.999 -99.999 -99.999 -99.999 -99.999 -99.999 -99.999 -99.999 3.356 -99.999 5.356 -99.999 3.759 -99.999 -99.999 -99.999 -99.999
64 S 3.356 -99.999 -99.999 -99.999 3.356 -99.999 -99.999 -99.999 -99.999 -0.045 -99.999 -99.999 -99.999 -99.999 1.882 3.759 3.429 -99.999 3.356 -1.814
65 I -99.999 -99.999 -99.999 -99.999 -99.999 -99.999 -99.999 -99.999 -99.999 6.327 -99.999 -99.999 -99.999 5.759 -99.999 3.759 -99.999 -99.999 -99.999 -99.999
66 S -99.999 -99.999 -99.999 -99.999 1.243 -99.999 -99.999 -99.999 -99.999 3.243 4.858 -99.999 -0.757 -99.999 -99.999 5.243 -99.999 -99.999 -99.999 3.243
67 S 4.0 -99.999 -99.999 -99.999 -99.999 -99.999 -99.999 -99.999 -99.999 2.83 -99.999 -99.999 -99.999 2.83 -99.999 6.282 1.769 -99.999 -99.999 -99.999
68 I 5.262 -99.999 -99.999 -99.999 -99.999 -99.999 -99.999 -99.999 -99.999 6.095 -99.999 -99.999 -99.999 2.83 2.83 -99.999 -99.999 -99.999 -99.999 -4.571
69 L -99.999 -99.999 -99.999 -99.999 1.356 -99.999 -99.999 -99.999 -99.999 1.801 7.474 -99.999 -99.999 -1.814 -99.999 -99.999 -99.999 -99.999 -99.999 2.83
70 L -99.999 -99.999 -99.999 -99.999 -99.999 -99.999 -99.999 -99.999 -99.999 -99.999 6.445 -99.999 -99.999 4.526 -99.999 2.83 -99.999 -99.999 3.356 -99.999
71 I 1.66 -99.999 -99.999 -99.999 -99.999 -99.999 -99.999 -99.999 -99.999 5.243 -1.814 -99.999 -99.999 5.233 -99.999 -99.999 -0.34 -99.999 -99.999 4.348
72 V 4.186 -99.999 -99.999 -99.999 -99.999 -99.999 -99.999 0.83 -99.999 -1.401 -99.999 -99.999 -1.814 -99.999 -99.999 4.83 2.186 -99.999 -99.999 5.064
73 V -1.814 -99.999 -99.999 -99.999 2.83 -99.999 0.83 -99.999 -99.999 3.356 2.83 -99.999 -99.999 -99.999 -99.999 -99.999 2.83 -99.999 -99.999 5.587
74 M -99.999 -99.999 -99.999 -99.999 -99.999 -99.999 -99.999 -99.999 -99.999 4.188 4.644 -99.999 5.037 2.644 -99.999 2.0 -99.999 -99.999 -99.999 -2.0
75 A 4.919 -99.999 -99.999 -99.999 2.644 -99.999 -99.999 -99.999 -99.999 4.785 2.028 -99.999 -99.999 2.315 -99.999 -99.999 -99.999 -99.999 -99.999 2.644
76 Y -99.999 -99.999 -99.999 -99.999 -99.999 -99.999 -99.999 -99.999 -99.999 -99.999 4.644 -99.999 -99.999 4.34 -99.999 -99.999 -99.999 -99.999 6.785 -99.999
77 F -99.999 -99.999 -99.999 -99.999 -2.0 -99.999 -99.999 -99.999 2.0 -99.999 -99.999 -99.999 -99.999 6.644 -99.999 2.644 -99.999 -99.999 2.644 2.644
78 Y -99.999 -99.999 -99.999 -99.999 -99.999 -99.999 -99.999 -99.999 -99.999 -99.999 -99.999 -99.999 -99.999 -99.999 -99.999 -99.999 -99.999 -99.999 8.644 -99.999
79 I -99.999 -99.999 -99.999 -99.999 -99.999 -99.999 -99.999 -99.999 -99.999 7.288 -99.999 -99.999 2.644 4.644 -99.999 -99.999 -99.999 -99.999 -99.999 -99.999
80 K -99.999 -99.999 5.279 -99.999 -99.999 -99.999 -99.999 -99.999 2.644 -99.999 2.644 6.0 -99.999 -99.999 -99.999 -99.999 -99.999 -99.999 -0.757 -99.999
81 R -99.999 8.644 -99.999 -99.999 -99.999 -99.999 -99.999 -99.999 -99.999 -99.999 -99.999 -99.999 -99.999 -99.999 -99.999 -99.999 -99.999 -99.999 -99.999 -99.999
82 A 4.919 -99.999 -99.999 -99.999 -99.999 -99.999 -99.999 -99.999 -99.999 2.644 -99.999 -99.999 2.644 -99.999 -99.999 4.34 -99.999 -99.999 -99.999 4.644
83 S -99.999 4.644 2.644 -99.999 -99.999 -99.999 -2.0 -99.999 -99.999 -99.999 -99.999 2.644 -99.999 -99.999 -99.999 5.401 -99.999 -99.999 3.17 -99.999
84 F 2.644 -99.999 -99.999 -99.999 -99.999 -99.999 2.644 -99.999 -99.999 -99.999 -99.999 -2.0 -99.999 6.346 -99.999 -99.999 -99.999 -99.999 4.909 -99.999
85 F -99.999 -99.999 -99.999 -99.999 -99.999 -99.999 -99.999 -99.999 -99.999 3.683 4.162 -99.999 -99.999 7.114 -99.999 -99.999 -99.999 -99.999 -99.999 -2.526
86 S -99.999 -99.999 -99.999 -99.999 -99.999 -99.999 -99.999 -99.999 -99.999 -99.999 -99.999 -99.999 -99.999 -99.999 -99.999 8.644 -99.999 -99.999 -99.999 -99.999
87 L -99.999 -99.999 -99.999 -99.999 -99.999 -99.999 -99.999 -99.999 -99.999 2.644 8.259 -99.999 -99.999 -99.999 -99.999 -99.999 -99.999 -99.999 -99.999 -99.999
88 G 2.644 -99.999 -99.999 -99.999 -99.999 5.814 -99.999 5.814 -99.999 -99.999 -99.999 -99.999 -99.999 -99.999 -99.999 -99.999 2.644 -99.999 -99.999 -99.999
89 L -99.999 -99.999 -99.999 -99.999 -99.999 -99.999 -99.999 -99.999 -99.999 -99.999 7.814 -99.999 -99.999 -99.999 -99.999 -0.526 1.474 -99.999 -99.999 2.644
90 M -99.999 -99.999 -99.999 -99.999 -99.999 -99.999 -99.999 -99.999 -99.999 4.644 3.089 -99.999 6.521 -99.999 -99.999 -99.999 -99.999 -99.999 -99.999 2.644
91 Y -2.0 -99.999 -99.999 -99.999 -99.999 -99.999 -99.999 -99.999 -99.999 -99.999 -99.999 -99.999 -99.999 5.814 -99.999 -99.999 -99.999 -99.999 6.644 2.0
92 A 6.979 -99.999 -99.999 -99.999 2.644 -99.999 -99.999 -99.999 -99.999 -99.999 -99.999 -99.999 -99.999 2.644 -99.999 3.829 -99.999 -99.999 -99.999 -99.999
93 F -99.999 -99.999 -99.999 -99.999 -99.999 -99.999 -99.999 -99.999 -99.999 -99.999 -99.999 -99.999 -99.999 8.089 -99.999 -99.999 -99.999 -99.999 3.615 -99.999
94 V 4.644 -99.999 -99.999 -99.999 2.644 -99.999 -99.999 -99.999 -99.999 2.644 -99.999 -99.999 2.644 -99.999 -99.999 -99.999 -99.999 -99.999 -99.999 5.814
95 F -99.999 -99.999 -99.999 -99.999 -99.999 -99.999 -99.999 -99.999 -99.999 -99.999 -99.999 -99.999 -99.999 8.259 -99.999 -99.999 -99.999 -99.999 2.644 -99.999
96 S -99.999 -99.999 -99.999 -99.999 -99.999 -99.999 -99.999 -99.999 -99.999 -99.999 -99.999 -99.999 -99.999 -99.999 -99.999 8.644 -99.999 -99.999 -99.999 -99.999
97 L -99.999 -99.999 -99.999 -99.999 -99.999 -99.999 -99.999 -99.999 -99.999 -99.999 8.521 -99.999 -99.999 -0.526 -99.999 -99.999 -99.999 -99.999 -99.999 -99.999
98 I -99.999 -99.999 -99.999 -99.999 -99.999 -99.999 -99.999 -99.999 -99.999 7.814 2.644 -99.999 -99.999 2.644 -99.999 -99.999 -99.999 -99.999 -99.999 -99.999
99 I -99.999 -99.999 -99.999 -99.999 -99.999 -99.999 -99.999 -99.999 -99.999 6.644 6.644 -99.999 -99.999 -99.999 -99.999 -99.999 -99.999 -99.999 -99.999 -99.999
100 G -99.999 -99.999 -99.999 -99.999 -99.999 -99.999 -99.999 8.644 -99.999 -99.999 -99.999 -99.999 -99.999 -99.999 -99.999 -99.999 -99.999 -99.999 -99.999 -99.999
101 I -99.999 -99.999 -99.999 -99.999 -99.999 -99.999 -99.999 2.644 -99.999 7.51 2.644 -99.999 -99.999 -99.999 -99.999 -99.999 -99.999 -99.999 -99.999 1.17
102 P -99.999 -99.999 -99.999 -99.999 -99.999 -99.999 -99.999 -99.999 -99.999 -99.999 -99.999 -99.999 -99.999 -99.999 8.644 -99.999 -99.999 -99.999 -99.999 -99.999
103 S 6.0 -99.999 -99.999 -99.999 -99.999 -99.999 -99.999 1.17 -99.999 -99.999 -99.999 -99.999 -99.999 -99.999 -99.999 6.785 -99.999 -99.999 -99.999 -99.999
104 V -99.999 -99.999 -99.999 -99.999 2.644 -99.999 -99.999 -99.999 -99.999 4.214 2.644 -99.999 -99.999 2.644 -99.999 -99.999 -99.999 -99.999 -99.999 6.069
105 Y -99.999 -99.999 -99.999 -99.999 -99.999 -99.999 -99.999 -99.999 -99.999 -99.999 -99.999 -99.999 -99.999 -99.999 -99.999 -99.999 -99.999 -99.999 8.644 -99.999
106 L -99.999 -99.999 -99.999 -99.999 -99.999 -99.999 -99.999 -99.999 -99.999 -99.999 8.259 -99.999 2.644 -99.999 -99.999 -99.999 -99.999 -99.999 -99.999 -99.999
107 L -99.999 -99.999 -99.999 -99.999 -99.999 -99.999 -99.999 -99.999 -99.999 2.644 5.814 -99.999 2.644 3.418 -99.999 -99.999 -99.999 -99.999 4.162 -99.999
108 N -99.999 -99.999 4.644 -99.999 -99.999 -99.999 -99.999 -99.999 -99.999 4.445 -99.999 -99.999 -0.526 2.644 -99.999 2.0 -99.999 -99.999 4.644 -99.999
109 F -99.999 -99.999 -99.999 -99.999 -99.999 -99.999 -0.526 -99.999 -99.999 -99.999 -99.999 2.644 -99.999 6.644 -99.999 -99.999 2.644 -99.999 2.644 1.474
110 K -99.999 1.555 3.029 -99.999 -99.999 -99.999 -99.999 5.304 -99.999 -99.999 -99.999 6.199 -99.999 -99.999 -99.999 -1.615 -99.999 -99.999 -99.999 -99.999
111 D -99.999 -99.999 4.0 4.118 -99.999 -2.526 3.615 2.644 -99.999 -99.999 -99.999 2.118 -99.999 -99.999 -99.999 -0.526 2.644 -99.999 -99.999 -99.999
112 A 5.708 -99.999 -99.999 -99.999 -99.999 -99.999 -99.999 -99.999 -99.999 -99.999 2.644 -99.999 -99.999 2.644 2.0 2.644 3.418 -99.999 -99.999 -99.999
113 V -99.999 -2.0 1.583 3.418 -99.999 -99.999 2.644 -99.999 -99.999 -99.999 -99.999 3.17 -99.999 -99.999 -99.999 2.644 2.644 -99.999 -99.999 4.0
114 D 2.644 -99.999 2.666 3.814 -99.999 -99.999 -99.999 3.17 1.583 2.0 -99.999 1.17 -99.999 -99.999 2.644 -99.999 -99.999 -99.999 -99.999 -2.0
115 G 2.644 -99.999 3.17 2.939 -99.999 -99.999 -99.999 6.413 -99.999 -99.999 -99.999 2.644 -99.999 -99.999 -99.999 -99.999 -99.999 -99.999 -99.999 -99.999
116 F -99.999 -99.999 -99.999 -99.999 -99.999 -99.999 -99.999 -99.999 -99.999 -99.999 -99.999 -99.999 -99.999 8.34 -99.999 -99.999 -99.999 -99.999 2.0 -99.999
117 E -99.999 -99.999 -99.999 -99.999 -99.999 4.644 6.472 -1.587 -99.999 -99.999 -99.999 2.644 -99.999 -99.999 -99.999 -99.999 -99.999 -99.999 2.644 -99.999
118 L -99.999 -99.999 -99.999 -99.999 -99.999 -99.999 -99.999 2.644 -99.999 5.17 6.175 -99.999 -99.999 -99.999 -99.999 -99.999 -99.999 -99.999 2.644 -2.0
119 V -2.526 -99.999 -99.999 -99.999 -99.999 -99.999 -99.999 -99.999 -99.999 2.644 -99.999 -99.999 2.644 2.644 -99.999 -99.999 2.118 -99.999 -99.999 6.644
120 C -99.999 -99.999 -99.999 -99.999 6.644 -99.999 -99.999 -99.999 -99.999 -99.999 5.814 -99.999 2.644 -99.999 -99.999 -99.999 -99.999 -99.999 -99.999 -99.999
121 L -99.999 -99.999 -99.999 -99.999 -99.999 -99.999 -99.999 -99.999 -99.999 5.814 6.644 -99.999 -99.999 -99.999 -99.999 -99.999 -99.999 -99.999 -99.999 2.644
122 W -99.999 -99.999 -99.999 -99.999 2.644 -99.999 -99.999 -99.999 -99.999 -99.999 -2.0 -99.999 2.644 2.0 -99.999 2.644 -99.999 6.644 -99.999 -99.999
123 V 2.364 -99.999 -99.999 -99.999 3.615 -99.999 -99.999 4.162 -99.999 3.17 -99.999 -99.999 -99.999 -99.999 -99.999 -99.999 -99.999 -99.999 -99.999 5.615
124 I -99.999 -99.999 -99.999 -99.999 -99.999 -99.999 -99.999 -99.999 -99.999 6.644 2.644 -99.999 4.644 -99.999 -99.999 -99.999 -99.999 -99.999 -99.999 2.644
125 L -99.999 -99.999 -99.999 -99.999 -99.999 2.644 -99.999 -99.999 -99.999 -99.999 7.814 -99.999 -99.999 -99.999 -99.999 -99.999 -99.999 2.644 -99.999 -99.999
126 I -99.999 -99.999 -99.999 -99.999 -99.999 -99.999 -99.999 -99.999 -99.999 5.814 4.644 -99.999 -99.999 -99.999 -99.999 2.644 -99.999 -99.999 -99.999 4.644
127 N -99.999 -99.999 8.175 -99.999 -99.999 -99.999 -99.999 -99.999 -99.999 -99.999 -99.999 -99.999 -99.999 -99.999 -99.999 3.17 -99.999 -99.999 -99.999 -99.999
128 I -99.999 -99.999 -99.999 -99.999 -99.999 -99.999 -99.999 -99.999 -99.999 6.554 2.644 -99.999 2.644 -99.999 -99.999 1.583 2.644 -99.999 -99.999 0.214
129 I -4.757 -99.999 -99.999 -99.999 -99.999 -99.999 -99.999 -99.999 -99.999 6.71 -2.0 -99.999 2.0 2.644 -99.999 -99.999 -99.999 -99.999 -99.999 4.389
130 L -99.999 -99.999 -99.999 -99.999 -99.999 -99.999 -99.999 -99.999 -99.999 3.17 8.175 -99.999 -99.999 -99.999 -99.999 -99.999 -99.999 -99.999 -99.999 -99.999
131 Y -99.999 -99.999 -99.999 -99.999 -99.999 -99.999 -99.999 -99.999 -99.999 -99.999 -99.999 -99.999 -99.999 2.644 -99.999 -99.999 -99.999 -99.999 8.259 -99.999
132 F 2.644 -99.999 -99.999 -99.999 -99.999 -99.999 -99.999 -99.999 -99.999 2.644 4.644 -99.999 -99.999 6.644 -99.999 -99.999 -99.999 -99.999 -99.999 -99.999
133 C -99.999 -99.999 -99.999 -99.999 4.0 1.583 -99.999 -99.999 -99.999 2.644 3.108 -99.999 -99.999 3.005 -99.999 3.615 2.644 -99.999 -99.999 -99.999
134 C -99.999 -99.999 -99.999 -99.999 8.644 -99.999 -99.999 -99.999 -99.999 -99.999 -99.999 -99.999 -99.999 -99.999 -99.999 -99.999 -99.999 -99.999 -99.999 -99.999
135 P -99.999 -99.999 -99.999 -99.999 -99.999 -99.999 -99.999 -99.999 -99.999 -99.999 -99.999 -99.999 -99.999 -99.999 8.644 -99.999 -99.999 -99.999 -99.999 -99.999
136 L -99.999 -99.999 -99.999 -99.999 -99.999 -99.999 -99.999 -99.999 -99.999 -99.999 8.644 -99.999 -99.999 -99.999 -99.999 -99.999 -99.999 -99.999 -99.999 -99.999
137 F -99.999 -99.999 -99.999 -99.999 -99.999 -99.999 -99.999 -99.999 -99.999 -99.999 -99.999 -99.999 -99.999 8.644 -99.999 -99.999 -99.999 -99.999 -99.999 -99.999
138 A 4.692 -99.999 2.0 -2.0 -2.0 -99.999 2.644 2.644 -99.999 -99.999 -99.999 -99.999 -99.999 -99.999 -2.526 4.622 1.243 -99.999 -99.999 -99.999
139 C -99.999 -99.999 -99.999 -99.999 3.615 -99.999 2.644 -99.999 -99.999 2.644 -99.999 2.644 -99.999 -2.0 2.644 -99.999 2.644 -99.999 0.0 2.644
140 S -99.999 -99.999 1.17 -99.999 -99.999 -99.999 1.583 2.0 -99.999 -99.999 -99.999 5.057 -99.999 -99.999 -2.0 5.17 -99.999 -99.999 2.644 -99.999
141 I -99.999 -99.999 -99.999 -99.999 -99.999 -99.999 -99.999 -99.999 -99.999 8.644 -99.999 -99.999 -99.999 -99.999 -99.999 -99.999 -99.999 -99.999 -99.999 -99.999
142 G -99.999 -99.999 -99.999 -99.999 -99.999 -99.999 -99.999 8.644 -99.999 -99.999 -99.999 -99.999 -99.999 -99.999 -99.999 -99.999 -99.999 -99.999 -99.999 -99.999
143 S 2.644 2.644 3.326 -99.999 -99.999 -99.999 -99.999 -99.999 -99.999 -2.0 -99.999 -99.999 -99.999 2.644 -99.999 4.231 2.644 -99.999 -99.999 2.0
144 V -99.999 2.644 -2.0 -99.999 -99.999 -99.999 -99.999 -99.999 -99.999 2.0 -99.999 4.644 -99.999 -0.757 -99.999 -99.999 2.644 -99.999 -99.999 5.502
145 T -99.999 -99.999 -99.999 -99.999 -99.999 2.644 -99.999 -99.999 2.644 1.583 -99.999 2.644 -99.999 -99.999 -99.999 2.644 4.34 -99.999 -0.757 3.17
146 I -99.999 2.644 2.644 -99.999 -99.999 -99.999 -99.999 -99.999 -99.999 4.644 -99.999 2.644 -99.999 -99.999 -99.999 2.644 2.644 2.644 -99.999 -99.999
147 K -99.999 2.644 3.17 -99.999 -99.999 2.644 4.484 -99.999 -99.999 -99.999 -99.999 5.057 -99.999 -99.999 -99.999 -99.999 1.17 -99.999 -99.999 -99.999
148 T -99.999 -99.999 -99.999 -99.999 -99.999 -99.999 -99.999 -99.999 -99.999 5.474 -99.999 -99.999 -99.999 -99.999 -99.999 -99.999 7.474 -99.999 -99.999 -99.999
149 N -99.999 -99.999 8.644 -99.999 -99.999 -99.999 -99.999 -99.999 -99.999 -99.999 -99.999 -99.999 -99.999 -99.999 -99.999 -99.999 -99.999 -99.999 -99.999 -99.999
150 P -99.999 -99.999 -99.999 -99.999 -99.999 -99.999 -99.999 -99.999 -99.999 -99.999 -99.999 -99.999 -99.999 -99.999 8.644 -99.999 -99.999 -99.999 -99.999 -99.999
151 L -99.999 -99.999 -99.999 -99.999 -99.999 -99.999 -99.999 -99.999 -99.999 -99.999 8.644 -99.999 -99.999 -99.999 -99.999 -99.999 -99.999 -99.999 -99.999 -99.999
152 Q -99.999 -0.526 4.919 -99.999 -99.999 5.814 2.644 -99.999 -99.999 1.474 -99.999 -99.999 -99.999 -99.999 -99.999 -99.999 -99.999 -99.999 2.0 -99.999
153 K -0.526 1.17 1.474 0.83 -99.999 -99.999 4.795 -99.999 -99.999 -2.526 -99.999 5.901 -99.999 -99.999 -99.999 -99.999 0.644 -99.999 -99.999 -99.999
154 K -99.999 2.644 -2.0 -99.999 -99.999 -99.999 -99.999 -99.999 -99.999 -0.526 1.474 5.615 2.644 -2.0 -99.999 -99.999 -99.999 -99.999 4.34 -99.999
155 R 1.814 3.243 -99.999 -99.999 -4.757 2.644 -2.0 -99.999 -99.999 -2.0 2.644 1.17 -99.999 -99.999 -99.999 0.644 2.496 -99.999 1.583 2.0
156 L -99.999 -99.999 -99.999 -99.999 -99.999 -99.999 -99.999 -99.999 -99.999 2.644 7.288 -99.999 -99.999 -99.999 -99.999 -99.999 -99.999 -99.999 -99.999 4.644
157 N -99.999 -99.999 6.496 -99.999 -99.999 -99.999 -99.999 -99.999 -99.999 -99.999 -99.999 -99.999 -99.999 -99.999 -99.999 5.057 4.484 -99.999 -99.999 -99.999
158 N -99.999 -99.999 5.542 -99.999 -99.999 2.644 -99.999 -0.526 -99.999 -99.999 -99.999 4.644 -99.999 -99.999 2.644 2.453 -99.999 -99.999 -99.999 -99.999
159 L -2.0 -99.999 -99.999 -99.999 -99.999 -99.999 -99.999 -99.999 -99.999 5.17 5.814 -99.999 -99.999 2.644 -99.999 -99.999 2.0 -99.999 1.17 -99.999
160 F -99.999 -99.999 -99.999 -99.999 -99.999 -99.999 -99.999 -99.999 -99.999 -99.999 -99.999 -99.999 -99.999 8.644 -99.999 -99.999 -99.999 -99.999 -99.999 -99.999
161 Y -99.999 -99.999 -99.999 -99.999 -99.999 -99.999 -99.999 -99.999 -99.999 -2.0 -99.999 2.644 -99.999 -99.999 -99.999 -99.999 -99.999 -99.999 6.644 5.615
162 V -1.587 -99.999 -99.999 -99.999 -99.999 -99.999 -99.999 -99.999 -99.999 3.599 2.644 -99.999 -99.999 4.644 -99.999 -99.999 -0.526 -99.999 -99.999 5.855
163 I -99.999 -99.999 -99.999 -99.999 -99.999 -99.999 -99.999 -99.999 -99.999 6.858 4.162 -99.999 -99.999 -99.999 -99.999 -99.999 -99.999 -99.999 -99.999 4.644
164 F -99.999 -99.999 -99.999 -99.999 -99.999 -99.999 -99.999 -99.999 -99.999 -99.999 -99.999 -99.999 -99.999 8.644 -99.999 -99.999 -99.999 -99.999 -99.999 -99.999
165 F -99.999 -99.999 -99.999 -99.999 -99.999 -99.999 -99.999 -99.999 -99.999 -99.999 5.288 -99.999 -99.999 5.518 -99.999 3.151 -99.999 -99.999 -99.999 4.0
166 I -99.999 -99.999 -99.999 -99.999 -99.999 -99.999 -99.999 -99.999 -99.999 7.047 2.644 -99.999 -99.999 2.644 -99.999 -99.999 -99.999 -99.999 -99.999 3.615
167 V -0.757 -99.999 -99.999 -99.999 -99.999 -99.999 -99.999 -99.999 -99.999 -99.999 -99.999 -99.999 -99.999 -99.999 -99.999 2.644 -99.999 -99.999 -99.999 8.129
168 A 6.393 -99.999 -99.999 -99.999 -99.999 -99.999 -99.999 5.814 -99.999 -99.999 2.0 -99.999 -99.999 -2.0 -99.999 -0.526 -99.999 -99.999 -99.999 -99.999
169 L 0.644 -99.999 -99.999 -99.999 -99.999 -99.999 -99.999 -99.999 -99.999 3.749 5.838 -99.999 -99.999 3.829 -99.999 -99.999 -99.999 -99.999 -99.999 3.814
170 C 2.644 -99.999 -99.999 -99.999 8.259 -99.999 -99.999 -99.999 -99.999 -99.999 -99.999 -99.999 -99.999 -99.999 -99.999 -99.999 -99.999 -99.999 -99.999 -99.999
171 Q -99.999 -99.999 -99.999 -99.999 -99.999 8.644 -99.999 -99.999 -99.999 -99.999 -99.999 -99.999 -99.999 -99.999 -99.999 -99.999 -99.999 -99.999 -99.999 -99.999
172 L -2.0 -99.999 -99.999 -99.999 -99.999 -99.999 -99.999 -99.999 -99.999 -0.757 7.662 -99.999 -99.999 2.644 -99.999 -99.999 -99.999 -99.999 -99.999 2.0
173 Y -99.999 -99.999 -99.999 -99.999 -4.757 -99.999 -99.999 -99.999 -99.999 4.34 2.644 -99.999 -99.999 -99.999 -99.999 -99.999 -99.999 -99.999 6.588 3.17
174 K -99.999 -99.999 -99.999 -99.999 -99.999 -99.999 -99.999 -99.999 -99.999 -99.999 -99.999 8.644 -99.999 -99.999 -99.999 -99.999 -99.999 -99.999 -99.999 -99.999
175 I -99.999 -99.999 -99.999 -99.999 -99.999 -99.999 -99.999 -99.999 -99.999 7.616 -99.999 -99.999 -99.999 -99.999 -99.999 -99.999 4.644 -99.999 -99.999 -0.019
176 L 2.644 -99.999 -99.999 -99.999 -99.999 -99.999 -99.999 1.17 -99.999 3.636 4.484 -99.999 -1.587 3.17 -99.999 -99.999 -99.999 -99.999 2.644 1.474
177 L -99.999 -99.999 -99.999 -99.999 -99.999 -99.999 -99.999 -99.999 -99.999 3.17 5.401 -99.999 2.644 2.644 -99.999 -99.999 2.644 -99.999 -99.999 3.17
178 Y -99.999 -99.999 -99.999 -99.999 -99.999 -99.999 -99.999 -99.999 -99.999 -99.999 -99.999 -99.999 -99.999 -99.999 -99.999 -99.999 -99.999 -99.999 8.644 -99.999
179 L 2.644 -99.999 -99.999 -99.999 -99.999 -99.999 -99.999 -99.999 -99.999 -99.999 6.413 -99.999 -99.999 5.057 -99.999 -99.999 -99.999 -99.999 2.644 -99.999
180 S -99.999 3.545 -2.526 -99.999 -99.999 -99.999 -99.999 -99.999 -99.999 4.135 -1.587 4.445 1.243 -99.999 -99.999 4.644 -99.999 -99.999 -99.999 -4.757
181 F -99.999 -99.999 -99.999 -99.999 -99.999 -99.999 -99.999 -99.999 -99.999 -99.999 -99.999 -99.999 -99.999 8.644 -99.999 -99.999 -99.999 -99.999 -99.999 -99.999
182 I -99.999 -99.999 -99.999 -99.999 -99.999 -99.999 -99.999 -99.999 -99.999 8.259 2.644 -99.999 -99.999 -99.999 -99.999 -99.999 -99.999 -99.999 -99.999 -99.999
183 I -99.999 -99.999 -99.999 -99.999 -99.999 -99.999 -99.999 -99.999 -99.999 6.175 5.814 -99.999 -99.999 -99.999 -99.999 2.644 -99.999 -99.999 -99.999 1.17
184 N 2.644 -99.999 6.496 3.17 -99.999 -99.999 -99.999 -99.999 -99.999 -99.999 -99.999 -99.999 -99.999 -99.999 -99.999 4.644 -99.999 -99.999 -99.999 -99.999
185 S -99.999 -99.999 -99.999 -99.999 -99.999 -99.999 -99.999 -99.999 -99.999 -99.999 -99.999 -99.999 -99.999 -99.999 -99.999 8.644 -99.999 -99.999 -99.999 -99.999
186 G -99.999 -99.999 -99.999 -99.999 -99.999 -99.999 -99.999 8.644 -99.999 -99.999 -99.999 -99.999 -99.999 -99.999 -99.999 -99.999 -99.999 -99.999 -99.999 -99.999
187 L 2.939 -99.999 -99.999 2.644 -99.999 -99.999 1.583 -99.999 -99.999 -99.999 7.047 -99.999 -99.999 -99.999 -99.999 -99.999 -99.999 -99.999 -99.999 1.17
188 G -99.999 -99.999 -99.999 -99.999 -99.999 -99.999 -99.999 8.644 -99.999 -99.999 -99.999 -99.999 -99.999 -99.999 -99.999 -99.999 -99.999 -99.999 -99.999 -99.999
189 H -99.999 -99.999 -99.999 -99.999 -99.999 -99.999 -99.999 -99.999 8.644 -99.999 -99.999 -99.999 -99.999 -99.999 -99.999 -99.999 -99.999 -99.999 -99.999 -99.999
190 L -99.999 -99.999 -99.999 -99.999 -99.999 -99.999 -99.999 -99.999 -99.999 -99.999 8.644 -99.999 -99.999 -99.999 -99.999 -99.999 -99.999 -99.999 -99.999 -99.999
191 A 8.644 -99.999 -99.999 -99.999 -99.999 -99.999 -99.999 -99.999 -99.999 -99.999 -99.999 -99.999 -99.999 -99.999 -99.999 -99.999 -99.999 -99.999 -99.999 -99.999
192 I -99.999 -99.999 -99.999 -99.999 -99.999 -99.999 -99.999 -99.999 -99.999 8.644 -99.999 -99.999 -99.999 -99.999 -99.999 -99.999 -99.999 -99.999 -99.999 -99.999
193 Y -99.999 -99.999 -99.999 -99.999 -99.999 -99.999 -99.999 -99.999 -99.999 -99.999 -99.999 -99.999 -99.999 -99.999 -99.999 -99.999 -99.999 -99.999 8.644 -99.999
194 T -99.999 -99.999 -99.999 -99.999 -99.999 -99.999 -99.999 -99.999 -99.999 -2.0 2.644 -99.999 -99.999 -99.999 -99.999 -99.999 8.175 -99.999 -99.999 -99.999
195 E -99.999 -99.999 -99.999 1.474 -99.999 -99.999 7.97 -99.999 -99.999 -99.999 -99.999 -99.999 -99.999 -99.999 -99.999 2.644 -99.999 -99.999 -99.999 -99.999
196 G -99.999 -99.999 2.644 -99.999 -99.999 -99.999 -99.999 6.644 -99.999 -99.999 -99.999 -99.999 -99.999 -99.999 -99.999 5.814 -99.999 -99.999 -99.999 -99.999
197 D 2.644 -99.999 -99.999 6.34 -99.999 -99.999 6.175 -99.999 -99.999 -99.999 -99.999 -99.999 -99.999 -99.999 -99.999 -99.999 -99.999 -99.999 -99.999 -99.999
198 E 4.34 -99.999 -99.999 2.644 -99.999 -99.999 5.814 -99.999 -99.999 0.34 -99.999 2.644 -99.999 -99.999 -99.999 -99.999 -99.999 -99.999 -99.999 1.814
199 L -99.999 -99.999 -99.999 -99.999 -99.999 -99.999 -99.999 -99.999 -99.999 -99.999 8.644 -99.999 -99.999 -99.999 -99.999 -99.999 -99.999 -99.999 -99.999 -99.999
200 H -99.999 2.644 -99.999 -99.999 -99.999 -99.999 -99.999 -99.999 4.644 -2.0 4.644 -99.999 -99.999 -99.999 -99.999 -99.999 3.17 -99.999 -99.999 4.0
201 S 5.716 -99.999 -99.999 -2.0 -99.999 2.644 -99.999 2.0 -99.999 -99.999 -99.999 -99.999 -99.999 -99.999 -99.999 5.908 -99.999 -99.999 -99.999 -99.999
202 S -99.999 -99.999 -2.0 -99.999 -99.999 5.814 -99.999 -99.999 -99.999 -99.999 -99.999 -99.999 -99.999 -99.999 -99.999 7.17 -99.999 -99.999 -99.999 -99.999
203 V -99.999 -99.999 -99.999 -99.999 -99.999 -99.999 -99.999 -99.999 -99.999 2.118 -99.999 -99.999 -99.999 -99.999 -99.999 -99.999 -2.526 -99.999 -99.999 8.259
204 P -99.999 -99.999 -99.999 -99.999 -99.999 -99.999 -99.999 -99.999 -99.999 -99.999 -99.999 -99.999 -99.999 -99.999 8.644 -99.999 -99.999 -99.999 -99.999 -99.999
205 F -99.999 -99.999 -99.999 -99.999 -99.999 -99.999 -99.999 -99.999 -99.999 -99.999 2.644 -99.999 -99.999 7.814 -99.999 2.644 -99.999 -99.999 -99.999 -99.999
206 I 3.814 -99.999 -99.999 -99.999 -99.999 -99.999 -99.999 -99.999 -99.999 5.814 1.615 -99.999 -99.999 1.243 -99.999 -99.999 -99.999 -99.999 -99.999 4.899
207 I -99.999 -99.999 -99.999 -99.999 -99.999 -99.999 -99.999 -99.999 -99.999 8.03 -99.999 -99.999 -99.999 -99.999 -99.999 -99.999 -99.999 -99.999 -99.999 3.877
208 R -99.999 8.644 -99.999 -99.999 -99.999 -99.999 -99.999 -99.999 -99.999 -99.999 -99.999 -99.999 -99.999 -99.999 -99.999 -99.999 -99.999 -99.999 -99.999 -99.999
209 A 6.644 -99.999 -99.999 -99.999 -99.999 -99.999 -99.999 2.644 -99.999 -99.999 2.644 -99.999 -99.999 2.644 -99.999 2.644 -99.999 -99.999 -99.999 -99.999
210 I -99.999 -99.999 -99.999 -99.999 -99.999 -99.999 -99.999 -99.999 -99.999 8.259 2.644 -99.999 -99.999 -99.999 -99.999 -99.999 -99.999 -99.999 -99.999 -99.999
211 S -99.999 -99.999 -99.999 -99.999 -99.999 -99.999 -99.999 -99.999 -99.999 -99.999 -99.999 -99.999 -99.999 -99.999 -99.999 8.644 -99.999 -99.999 -99.999 -99.999
212 G -99.999 -99.999 -99.999 -99.999 -99.999 -99.999 -99.999 8.259 -99.999 -99.999 -99.999 -99.999 -99.999 -99.999 -99.999 2.644 -99.999 -99.999 -99.999 -99.999
213 F -99.999 -99.999 -99.999 -99.999 -99.999 -99.999 -99.999 -99.999 -99.999 -99.999 5.17 -99.999 1.17 7.288 -99.999 -99.999 -99.999 -99.999 -99.999 -99.999
214 S 1.583 -99.999 -99.999 -99.999 -99.999 -99.999 -99.999 -99.999 -99.999 -99.999 -99.999 -99.999 -99.999 -99.999 -99.999 8.259 -0.757 -99.999 -99.999 -99.999
215 L -99.999 -99.999 2.644 -99.999 -99.999 -99.999 -99.999 -99.999 -99.999 2.644 4.644 -99.999 -99.999 -99.999 -99.999 2.118 -99.999 -99.999 3.089 4.644
216 I -99.999 -99.999 -99.999 -99.999 -99.999 -99.999 -99.999 -99.999 -99.999 7.814 -99.999 -99.999 -99.999 -99.999 -99.999 -99.999 -0.757 -99.999 -99.999 4.162
217 M -99.999 -99.999 -99.999 -99.999 -99.999 -99.999 -99.999 -99.999 -99.999 -2.0 4.644 -99.999 7.17 -99.999 -99.999 -99.999 2.644 -99.999 -99.999 -99.999
218 S 3.418 -99.999 -99.999 -99.999 -99.999 -99.999 -99.999 2.644 -99.999 -99.999 -99.999 -99.999 -99.999 -99.999 -99.999 7.662 -99.999 -99.999 -99.999 -99.999
219 L -99.999 -99.999 -99.999 -99.999 -99.999 -99.999 -99.999 -99.999 -99.999 -99.999 8.154 -99.999 2.644 -99.999 -99.999 -99.999 -99.999 -99.999 -99.999 -1.356
220 A 6.858 -99.999 -99.999 -99.999 -99.999 -99.999 -99.999 -99.999 -99.999 -99.999 -99.999 -99.999 5.814 -99.999 -99.999 1.583 -99.999 -99.999 -99.999 -99.999
221 T 2.644 -99.999 -99.999 -99.999 -99.999 -99.999 -99.999 -99.999 -99.999 -99.999 -99.999 -99.999 -99.999 -99.999 -99.999 -99.999 6.413 -99.999 -99.999 6.096
222 F -99.999 -99.999 -99.999 -99.999 -99.999 -99.999 -99.999 -99.999 -99.999 2.644 -99.999 -99.999 -99.999 8.259 -99.999 -99.999 -99.999 -99.999 -99.999 -99.999
223 Y 2.644 -99.999 -99.999 -99.999 -99.999 -99.999 -99.999 -99.999 -99.999 -99.999 2.644 -99.999 -99.999 4.644 -99.999 -99.999 -99.999 -99.999 6.644 -99.999
224 F -99.999 -99.999 -99.999 -99.999 -99.999 -99.999 -99.999 -99.999 -99.999 -99.999 -99.999 -99.999 -99.999 7.401 -99.999 -99.999 -99.999 -99.999 5.615 -99.999
225 K -99.999 1.17 -99.999 -99.999 -99.999 -99.999 -99.999 -99.999 -99.999 -99.999 -99.999 6.175 -99.999 -99.999 5.814 2.644 -99.999 -99.999 -99.999 -99.999
226 S 4.34 2.644 -99.999 -99.999 -99.999 -99.999 -99.999 -99.999 -99.999 -99.999 -99.999 -99.999 -99.999 -99.999 -99.999 6.858 2.315 -99.999 -99.999 -99.999
227 S -99.999 -99.999 3.474 -99.999 -99.999 -99.999 -99.999 -99.999 -99.999 -99.999 -99.999 -99.999 -99.999 -99.999 5.17 6.83 -99.999 -99.999 -99.999 -99.999
228 K -99.999 4.644 -99.999 -99.999 -99.999 -99.999 -99.999 -99.999 -99.999 -99.999 -99.999 6.785 -99.999 -99.999 -99.999 -0.757 3.384 -99.999 -99.999 -2.0
229 Y -99.999 -99.999 -99.999 -99.999 -99.999 -99.999 -99.999 1.17 -99.999 3.418 -99.999 5.615 -99.999 -99.999 -99.999 -2.0 -99.999 -99.999 5.901 -99.999
230 I -99.999 -99.999 -99.999 -99.999 -99.999 -99.999 -99.999 -99.999 -99.999 5.814 4.0 -99.999 -99.999 -99.999 -99.999 2.644 -99.999 -99.999 2.644 3.615
231 K -99.999 4.34 -99.999 -99.999 -99.999 -99.999 -99.999 -99.999 -99.999 -99.999 -99.999 7.401 -99.999 -99.999 -99.999 -99.999 2.644 -99.999 -99.999 -99.999
232 W 2.644 -99.999 -99.999 -99.999 -99.999 -99.999 -99.999 -99.999 -99.999 2.644 2.0 -99.999 0.644 3.418 -99.999 -99.999 -99.999 4.644 -99.999 3.599
233 I -99.999 -99.999 -99.999 -99.999 -99.999 -99.999 -99.999 -99.999 -99.999 7.468 3.814 -99.999 -99.999 2.919 -99.999 -99.999 -99.999 -99.999 -99.999 -4.757
234 A 6.644 -99.999 -99.999 -99.999 -99.999 -99.999 -99.999 4.919 -99.999 -99.999 -99.999 -99.999 -99.999 -99.999 -99.999 4.34 -99.999 -99.999 -99.999 -99.999
235 F -99.999 -99.999 -99.999 -99.999 -99.999 -99.999 -99.999 -99.999 -99.999 4.644 2.644 -99.999 -99.999 6.644 -99.999 -99.999 -99.999 -99.999 -99.999 2.644
236 I -99.999 -99.999 -99.999 -99.999 -99.999 -99.999 -99.999 -99.999 -99.999 5.238 4.34 -99.999 -99.999 4.461 -99.999 -99.999 -1.356 -99.999 -99.999 4.028
237 L -99.999 -99.999 -99.999 -99.999 -99.999 -99.999 -99.999 -99.999 -99.999 2.644 6.644 -99.999 4.644 -99.999 -99.999 -99.999 -99.999 -99.999 -99.999 2.644
238 L -99.999 -99.999 -99.999 -99.999 -99.999 -99.999 -99.999 -99.999 -99.999 4.34 7.814 -99.999 -99.999 -99.999 -99.999 -99.999 -99.999 -99.999 -99.999 -2.0
239 A 7.288 -99.999 -99.999 -99.999 -99.999 -99.999 -99.999 -99.999 -99.999 -99.999 2.644 -99.999 -99.999 2.644 -99.999 2.644 -99.999 -99.999 -99.999 -99.999
240 S -2.526 -99.999 -99.999 -99.999 -99.999 -99.999 -99.999 -99.999 -99.999 -99.999 -99.999 -99.999 -99.999 -99.999 -99.999 8.583 -99.999 -99.999 -99.999 -99.999
241 D -99.999 -99.999 -99.999 7.814 -99.999 -99.999 4.644 -99.999 -99.999 -99.999 -99.999 -99.999 -99.999 -99.999 -99.999 -99.999 -99.999 -99.999 -99.999 -99.999
242 L -99.999 -99.999 -99.999 -99.999 -99.999 -99.999 -99.999 -99.999 -99.999 2.644 7.814 -99.999 -2.0 -99.999 -99.999 -99.999 -99.999 -99.999 -99.999 2.0
243 L 2.315 -99.999 -99.999 -99.999 -99.999 -99.999 -99.999 -99.999 -99.999 3.609 5.814 -99.999 2.0 -99.999 -99.999 -99.999 -99.999 -99.999 -99.999 4.511
244 I -99.999 -99.999 -99.999 -99.999 -99.999 -99.999 -99.999 -99.999 -99.999 8.644 -99.999 -99.999 -99.999 -99.999 -99.999 -99.999 -99.999 -99.999 -99.999 -99.999
245 G -99.999 -99.999 -99.999 -99.999 -99.999 -99.999 -99.999 8.644 -99.999 -99.999 -99.999 -99.999 -99.999 -99.999 -99.999 -99.999 -99.999 -99.999 -99.999 -99.999
246 I -99.999 -99.999 -99.999 -99.999 -99.999 -99.999 -99.999 -99.999 -99.999 8.259 -99.999 -99.999 -99.999 -99.999 -99.999 -99.999 -99.999 -99.999 -99.999 2.644
247 R -99.999 8.644 -99.999 -99.999 -99.999 -99.999 -99.999 -99.999 -99.999 -99.999 -99.999 -99.999 -99.999 -99.999 -99.999 -99.999 -99.999 -99.999 -99.999 -99.999
248 N -99.999 -99.999 6.644 -99.999 -99.999 -99.999 -99.999 4.644 -99.999 -99.999 -99.999 -99.999 -99.999 -99.999 -99.999 4.644 -99.999 -99.999 -99.999 -99.999
249 K -99.999 -99.999 -99.999 -99.999 -99.999 -99.999 -99.999 -99.999 -99.999 -99.999 -99.999 8.644 -99.999 -99.999 -99.999 -99.999 -99.999 -99.999 -99.999 -99.999
250 F 2.644 -99.999 -99.999 -99.999 -99.999 -99.999 -99.999 -99.999 -99.999 -99.999 -99.999 -99.999 -99.999 8.259 -99.999 -99.999 -99.999 -99.999 -99.999 -99.999
251 F -99.999 -99.999 -99.999 -99.999 -99.999 -99.999 -99.999 -99.999 -99.999 -99.999 -99.999 -99.999 -99.999 8.644 -99.999 -99.999 -99.999 -99.999 -99.999 -99.999
252 F -99.999 -99.999 -99.999 -99.999 -99.999 -99.999 -99.999 -99.999 -99.999 -99.999 -99.999 -99.999 -99.999 8.259 -99.999 2.644 -99.999 -99.999 -99.999 -99.999
253 S 2.644 -99.999 -99.999 -99.999 -99.999 -99.999 -99.999 -99.999 -99.999 -99.999 -99.999 -99.999 -99.999 -99.999 -99.999 8.259 -99.999 -99.999 -99.999 -99.999
254 L -2.0 -99.999 -99.999 -99.999 -99.999 -99.999 -99.999 -99.999 -99.999 -99.999 6.496 -99.999 3.418 3.17 -99.999 -99.999 -99.999 -99.999 -99.999 3.799
255 I -99.999 -99.999 -99.999 -99.999 -99.999 -99.999 -99.999 -99.999 -99.999 7.19 3.17 -99.999 2.644 -99.999 -99.999 -99.999 -99.999 -99.999 -99.999 2.546
256 C 2.644 -99.999 -99.999 -99.999 6.496 -99.999 -99.999 -99.999 -99.999 -99.999 -99.999 -99.999 -99.999 -99.999 -99.999 6.0 -99.999 -99.999 -99.999 -99.999
257 I -99.999 -99.999 -99.999 -99.999 -99.999 -99.999 -99.999 -99.999 -99.999 8.175 3.17 -99.999 -99.999 -99.999 -99.999 -99.999 -99.999 -99.999 -99.999 -99.999
258 F -99.999 -99.999 -99.999 -99.999 -99.999 -99.999 -99.999 -99.999 -99.999 5.814 4.644 -99.999 -99.999 5.814 -99.999 -99.999 -99.999 -99.999 -99.999 -99.999
259 I 3.17 -99.999 -99.999 -99.999 -99.999 -99.999 -99.999 -99.999 -99.999 7.575 -99.999 -99.999 -99.999 2.644 -99.999 -99.999 -2.0 -99.999 -99.999 -4.757
260 L -99.999 -99.999 -99.999 -99.999 -99.999 -99.999 -99.999 -99.999 -99.999 2.644 8.189 -99.999 -99.999 -99.999 -99.999 -99.999 -99.999 -99.999 -99.999 -2.526
261 S -99.999 -99.999 -99.999 -99.999 -99.999 -99.999 -99.999 -99.999 -99.999 -99.999 -99.999 -99.999 2.644 -2.0 -99.999 5.814 -99.999 -99.999 5.615 2.644
262 L 5.814 -99.999 -99.999 -99.999 -99.999 -99.999 -99.999 -99.999 -99.999 -99.999 5.946 -99.999 4.162 -2.526 -99.999 -99.999 -99.999 -99.999 -99.999 -99.999
263 Y -99.999 -99.999 -99.999 -99.999 -99.999 -99.999 -99.999 -99.999 -99.999 2.644 -99.999 -99.999 -99.999 2.644 -99.999 -99.999 -99.999 -99.999 7.814 -99.999
264 S -2.0 -99.999 -99.999 -99.999 1.17 4.644 -99.999 -99.999 -99.999 -2.0 -99.999 -99.999 -99.999 -99.999 -99.999 6.0 2.0 -99.999 -99.999 2.644
265 N -99.999 -99.999 8.259 2.644 -99.999 -99.999 -99.999 -99.999 -99.999 -99.999 -99.999 -99.999 -99.999 -99.999 -99.999 -99.999 -99.999 -99.999 -99.999 -99.999
266 R -99.999 6.175 -99.999 -99.999 -99.999 -99.999 2.644 -99.999 -99.999 1.474 -99.999 5.401 -99.999 -99.999 -99.999 -99.999 -99.999 -99.999 -99.999 -0.526
267 K -99.999 -2.526 3.17 -99.999 -99.999 2.644 1.17 -99.999 0.34 2.939 -99.999 4.393 -99.999 -99.999 -99.999 -99.999 -2.0 -99.999 3.701 -99.999
268 R -99.999 5.615 2.644 -99.999 -99.999 -99.999 -99.999 -99.999 -99.999 -99.999 5.615 3.17 -99.999 -99.999 -99.999 -2.0 -99.999 -99.999 -99.999 -99.999
269 I 5.474 -99.999 -99.999 -99.999 -99.999 -99.999 -99.999 2.644 -99.999 5.814 -99.999 -99.999 -99.999 -99.999 -99.999 -99.999 -0.526 -99.999 -99.999 2.644
270 K -99.999 1.583 -99.999 -99.999 -99.999 3.17 -99.999 -99.999 -99.999 1.474 -99.999 4.795 -99.999 -99.999 -99.999 -99.999 -0.526 -99.999 2.644 4.644
271 K 2.118 -99.999 1.583 -99.999 -99.999 2.644 -2.526 -99.999 -0.757 -99.999 -99.999 5.401 -99.999 -99.999 -99.999 5.17 -99.999 -99.999 -99.999 -99.999
272 I -99.999 1.17 -99.999 -99.999 -99.999 -2.0 -99.999 -99.999 -99.999 5.916 4.162 3.17 -99.999 -2.0 -99.999 -99.999 -99.999 -99.999 2.644 -99.999
273 F -99.999 -99.999 -99.999 -99.999 -99.999 -99.999 -99.999 -99.999 -99.999 -99.999 -99.999 -99.999 -99.999 8.644 -99.999 -99.999 -99.999 -99.999 -99.999 -99.999
274 T 2.644 2.644 -99.999 -99.999 -99.999 -99.999 -99.999 -99.999 -99.999 -2.0 1.17 4.644 -99.999 -99.999 -99.999 -99.999 4.644 -99.999 -99.999 3.17
275 K -99.999 4.644 -99.999 -99.999 -99.999 1.583 -99.999 -99.999 -99.999 -99.999 -99.999 6.858 -99.999 2.644 -99.999 -99.999 -99.999 -99.999 -99.999 -99.999
276 I -2.0 -99.999 -99.999 -99.999 -99.999 -99.999 -99.999 -99.999 -99.999 7.114 4.484 -99.999 2.644 -99.999 -99.999 -99.999 -99.999 -99.999 -99.999 -2.0
277 S -99.999 -99.999 -99.999 -99.999 -99.999 -99.999 -99.999 -99.999 -99.999 -99.999 -99.999 -99.999 -99.999 -99.999 -99.999 6.644 6.644 -99.999 -99.999 -99.999
278 K -99.999 1.17 2.644 -99.999 -99.999 -99.999 -99.999 4.644 -99.999 -99.999 -99.999 6.175 -99.999 -99.999 -99.999 2.644 -99.999 -99.999 -99.999 -99.999
279 I -99.999 -99.999 -99.999 -99.999 -99.999 -99.999 -99.999 -99.999 -99.999 4.919 2.919 -99.999 -99.999 2.0 4.644 -99.999 -99.999 -99.999 -99.999 4.496
280 V -99.999 3.17 -99.999 -99.999 -99.999 4.175 -99.999 -99.999 0.644 4.162 1.17 -99.999 -99.999 -99.999 -99.999 -99.999 -0.757 -99.999 -99.999 4.644
281 P -99.999 -99.999 -99.999 -99.999 -99.999 -99.999 -99.999 -99.999 -99.999 -99.999 -99.999 -99.999 -99.999 1.583 5.814 -99.999 -99.999 -99.999 5.814 3.418
282 L -99.999 -99.999 -99.999 -99.999 -99.999 -99.999 -99.999 -99.999 -99.999 4.644 6.644 -99.999 -99.999 -99.999 -99.999 -99.999 -99.999 -99.999 -99.999 4.644
283 L -99.999 -99.999 -99.999 -99.999 -99.999 -99.999 -99.999 -99.999 -99.999 4.774 6.265 -99.999 -99.999 -99.999 -99.999 2.644 -99.999 -99.999 -99.999 3.615
284 I 4.162 -99.999 -99.999 -99.999 -99.999 -99.999 -99.999 -99.999 -99.999 7.17 -99.999 -99.999 -99.999 -99.999 -99.999 2.644 -2.0 -99.999 -99.999 -0.757
285 G -99.999 -99.999 -99.999 -99.999 -99.999 -99.999 -99.999 6.644 -99.999 -99.999 4.644 -99.999 -99.999 -99.999 -99.999 -99.999 -99.999 -99.999 -99.999 4.644
286 F -99.999 -99.999 -99.999 -99.999 -99.999 -99.999 -99.999 -99.999 -99.999 -99.999 -99.999 -99.999 -99.999 8.644 -99.999 -99.999 -99.999 -99.999 -99.999 -99.999
287 I -99.999 -99.999 -99.999 -99.999 -99.999 -99.999 -99.999 -99.999 -99.999 6.425 1.583 -99.999 -99.999 -99.999 -99.999 -99.999 -99.999 -99.999 -99.999 6.34
288 L -99.999 -99.999 -99.999 -99.999 1.583 -99.999 -99.999 2.644 -99.999 2.0 6.096 -99.999 -99.999 -99.999 -99.999 -99.999 -2.0 -99.999 -99.999 4.644
289 F -99.999 -99.999 -99.999 -99.999 -99.999 -99.999 -99.999 -99.999 -99.999 -99.999 5.814 -99.999 -99.999 7.288 -99.999 -99.999 -99.999 -99.999 -99.999 -99.999
290 S -99.999 -99.999 -99.999 -99.999 -99.999 -99.999 -99.999 -99.999 -99.999 -99.999 -99.999 -99.999 -99.999 -99.999 -99.999 8.644 -99.999 -99.999 -99.999 -99.999
291 L 2.644 -99.999 -99.999 -99.999 -99.999 -99.999 -99.999 -99.999 -99.999 -2.526 6.096 -99.999 3.151 -99.999 -99.999 -99.999 2.0 -99.999 -99.999 3.877
292 V -99.999 -99.999 -99.999 -99.999 -99.999 -99.999 -99.999 -99.999 -99.999 6.175 -99.999 -99.999 -99.999 -99.999 -99.999 -99.999 -99.999 -99.999 -99.999 7.047
293 S -99.999 -99.999 -99.999 -99.999 -99.999 -99.999 -99.999 -99.999 -99.999 -99.999 -99.999 -99.999 -99.999 -99.999 -99.999 8.644 -99.999 -99.999 -99.999 -99.999
294 Y -99.999 -99.999 -99.999 -99.999 -99.999 -99.999 -99.999 -99.999 -99.999 -99.999 -99.999 -99.999 -99.999 -99.999 -99.999 -99.999 -99.999 -99.999 8.644 -99.999
295 F -99.999 -99.999 -99.999 -99.999 -99.999 -99.999 -99.999 -99.999 -99.999 -0.526 1.474 -99.999 -99.999 6.919 -99.999 -99.999 -99.999 -99.999 4.0 2.644
296 R -99.999 8.644 -99.999 -99.999 -99.999 -99.999 -99.999 -99.999 -99.999 -99.999 -99.999 -99.999 -99.999 -99.999 -99.999 -99.999 -99.999 -99.999 -99.999 -99.999
297 E -99.999 -99.999 -99.999 -99.999 -99.999 -99.999 8.644 -99.999 -99.999 -99.999 -99.999 -99.999 -99.999 -99.999 -99.999 -99.999 -99.999 -99.999 -99.999 -99.999
298 G -99.999 -99.999 -99.999 -99.999 -99.999 -99.999 -99.999 8.644 -99.999 -99.999 -99.999 -99.999 -99.999 -99.999 -99.999 -99.999 -99.999 -99.999 -99.999 -99.999
299 Y -99.999 -99.999 -99.999 -99.999 -99.999 -99.999 -99.999 -99.999 -99.999 -99.999 -99.999 -99.999 -99.999 2.644 -99.999 -99.999 -99.999 -99.999 8.259 -99.999
300 E -99.999 -99.999 2.644 1.17 -99.999 2.413 5.17 -99.999 -99.999 -99.999 -99.999 -4.757 -99.999 -99.999 -99.999 2.644 4.644 -99.999 -99.999 -99.999
301 I -99.999 -99.999 -99.999 -99.999 -99.999 -99.999 -99.999 -99.999 -99.999 8.118 -99.999 -99.999 2.644 -99.999 -99.999 -99.999 -99.999 -99.999 -99.999 -0.526
302 N -99.999 -99.999 7.073 5.502 -99.999 -99.999 -99.999 -99.999 -99.999 -99.999 -99.999 -99.999 -99.999 -99.999 -99.999 -99.999 -99.999 -99.999 1.474 -99.999
303 F -99.999 -99.999 -99.999 -99.999 -99.999 -99.999 -99.999 -99.999 -99.999 -99.999 -99.999 -99.999 -99.999 8.644 -99.999 -99.999 -99.999 -99.999 -99.999 -99.999
304 I -99.999 -99.999 -99.999 -99.999 -99.999 -99.999 -99.999 -99.999 -99.999 5.349 -99.999 -99.999 1.583 4.644 -99.999 -99.999 2.644 -99.999 2.644 1.829
305 S -99.999 -99.999 5.965 -99.999 -99.999 -99.999 -99.999 -99.999 -99.999 0.858 -99.999 1.17 -99.999 -99.999 -99.999 6.419 -99.999 -99.999 -99.999 -99.999
306 Y -99.999 -99.999 -99.999 -99.999 -99.999 -99.999 -99.999 -99.999 -99.999 -99.999 -99.999 -99.999 -99.999 -99.999 -99.999 -99.999 -99.999 -99.999 8.644 -99.999
307 L -99.999 -99.999 -99.999 -99.999 -99.999 -99.999 -99.999 -99.999 -99.999 5.814 6.919 -99.999 1.17 -99.999 -99.999 -99.999 -99.999 -99.999 -99.999 -99.999
308 L -99.999 -99.999 -99.999 -99.999 -99.999 -99.999 -99.999 4.644 -99.999 -99.999 5.814 -99.999 -99.999 2.644 -99.999 -99.999 -99.999 -99.999 -99.999 4.644
309 I -99.999 -99.999 -99.999 -99.999 -99.999 -99.999 -99.999 -99.999 -99.999 8.045 -99.999 -99.999 -99.999 -99.999 -99.999 -99.999 -99.999 -99.999 -99.999 3.814
310 V -99.999 -99.999 -99.999 -99.999 -99.999 -99.999 -99.999 -99.999 -99.999 -99.999 -99.999 -99.999 -99.999 -99.999 -99.999 -99.999 -99.999 -99.999 -99.999 8.644
311 L -99.999 -99.999 -99.999 -99.999 -99.999 -99.999 -99.999 -99.999 -99.999 -99.999 8.644 -99.999 -99.999 -99.999 -99.999 -99.999 -99.999 -99.999 -99.999 -99.999
312 D -99.999 -99.999 -99.999 8.644 -99.999 -99.999 -99.999 -99.999 -99.999 -99.999 -99.999 -99.999 -99.999 -99.999 -99.999 -99.999 -99.999 -99.999 -99.999 -99.999
313 S -99.999 -99.999 -99.999 -99.999 -99.999 -99.999 -99.999 -99.999 -99.999 -99.999 -99.999 -99.999 -99.999 -99.999 -99.999 8.616 -4.757 -99.999 -99.999 -99.999
314 L -99.999 -99.999 -99.999 -99.999 -99.999 -99.999 -99.999 -99.999 -99.999 4.644 7.814 -99.999 -99.999 -99.999 -99.999 -99.999 -99.999 -99.999 -99.999 -99.999
315 S 4.644 -99.999 -99.999 -99.999 -99.999 -99.999 -99.999 -99.999 -99.999 -99.999 -99.999 -99.999 -99.999 -99.999 -99.999 7.814 -99.999 -99.999 -99.999 -99.999
316 S -99.999 -99.999 -99.999 -99.999 -99.999 -99.999 -99.999 -99.999 -99.999 -99.999 -99.999 -99.999 -99.999 -99.999 -2.0 8.542 -4.757 -99.999 -99.999 -99.999
317 T -99.999 -99.999 -99.999 -99.999 -99.999 -99.999 -99.999 -99.999 -99.999 2.644 -99.999 -99.999 -99.999 -99.999 -99.999 -99.999 8.259 -99.999 -99.999 -99.999
318 L -99.999 -99.999 -99.999 -99.999 -99.999 -99.999 -99.999 -99.999 -99.999 4.644 7.288 -99.999 -99.999 -99.999 -99.999 -99.999 -99.999 -99.999 -99.999 2.644
319 A 6.644 -99.999 -99.999 -99.999 -99.999 -99.999 -99.999 2.644 -99.999 -99.999 -99.999 -99.999 -99.999 2.644 -99.999 4.644 -99.999 -99.999 -99.999 -99.999
320 G -99.999 -99.999 -99.999 -99.999 -99.999 -99.999 -99.999 8.644 -99.999 -99.999 -99.999 -99.999 -99.999 -99.999 -99.999 -99.999 -99.999 -99.999 -99.999 -99.999
321 L -99.999 -99.999 -99.999 -99.999 -99.999 -99.999 -99.999 -99.999 -99.999 2.644 7.814 -99.999 2.644 -99.999 -99.999 -99.999 -99.999 -99.999 -99.999 -99.999
322 Q -99.999 -99.999 2.644 -99.999 -99.999 7.288 2.644 -99.999 -99.999 -99.999 -99.999 2.644 -99.999 -99.999 -99.999 -99.999 -99.999 -99.999 -99.999 -99.999
323 D -99.999 2.644 3.814 6.259 -99.999 -99.999 -99.999 -99.999 -99.999 -99.999 -99.999 2.644 -99.999 -99.999 -99.999 2.644 -99.999 -99.999 -99.999 -99.999
324 L -99.999 -99.999 -99.999 -99.999 -99.999 -99.999 -99.999 -99.999 -99.999 1.877 6.419 -99.999 -99.999 -99.999 -99.999 -99.999 2.644 -99.999 -99.999 5.326
325 F -99.999 -99.999 -99.999 -99.999 -99.999 -99.999 -99.999 -99.999 -99.999 -99.999 2.644 -99.999 -99.999 7.716 -99.999 -99.999 -99.999 -99.999 3.17 -99.999
326 V -99.999 -99.999 2.644 1.583 -99.999 2.644 -99.999 -99.999 -99.999 2.0 3.615 -99.999 -2.0 -99.999 -99.999 3.025 -99.999 -99.999 -2.526 4.0
327 L -99.999 -99.999 -99.999 -99.999 -99.999 -99.999 -99.999 -0.757 -99.999 4.644 5.814 -99.999 4.162 -99.999 -99.999 -99.999 -99.999 -99.999 -99.999 2.644
328 S -99.999 -99.999 -99.999 -99.999 -99.999 2.644 -99.999 -99.999 -99.999 -99.999 -99.999 -99.999 -99.999 -99.999 5.814 6.644 -99.999 -99.999 -99.999 -99.999
329 D -0.644 -99.999 -99.999 6.566 -99.999 -99.999 -99.999 -99.999 -99.999 -99.999 -99.999 -99.999 -99.999 -99.999 -99.999 4.0 4.526 -99.999 -1.17 -99.999
330 G -99.999 -99.999 -99.999 -99.999 -99.999 -99.999 -99.999 8.644 -99.999 -99.999 -99.999 -99.999 -99.999 -99.999 -99.999 -99.999 -99.999 -99.999 -99.999 -99.999
331 S 3.17 -99.999 -99.999 -99.999 -99.999 -99.999 2.644 2.644 2.644 -0.757 -99.999 -99.999 -99.999 2.644 2.644 3.799 -99.999 -99.999 -99.999 -99.999
332 E -99.999 -99.999 2.118 2.644 -99.999 4.644 4.644 -0.757 -99.999 -99.999 -99.999 -2.526 -99.999 -99.999 -99.999 1.583 -99.999 2.644 -99.999 -99.999
333 G -99.999 -99.999 -99.999 -99.999 -99.999 -99.999 -99.999 6.413 -99.999 -99.999 -99.999 -99.999 -99.999 -99.999 -99.999 -1.587 2.644 2.644 2.858 2.644
334 W -99.999 -99.999 -99.999 -99.999 -99.999 -99.999 -99.999 -99.999 -99.999 -99.999 2.644 -99.999 -99.999 2.644 -99.999 2.644 -99.999 7.288 -99.999 -99.999
335 D 4.644 -99.999 1.17 5.314 -99.999 -99.999 -99.999 -99.999 2.644 -99.999 -99.999 -99.999 -99.999 -99.999 -99.999 4.34 -99.999 -99.999 -99.999 -4.757
336 F -99.999 -99.999 -99.999 -99.999 -99.999 -99.999 -99.999 -99.999 -99.999 -99.999 -99.999 -99.999 -99.999 8.644 -99.999 -99.999 -99.999 -99.999 -99.999 -99.999
337 I -99.999 -99.999 -99.999 -99.999 -99.999 -99.999 -99.999 -99.999 -99.999 8.644 -99.999 -99.999 -99.999 -99.999 -99.999 -99.999 -99.999 -99.999 -99.999 -99.999
338 H -99.999 -99.999 -99.999 -99.999 -99.999 -99.999 -99.999 -99.999 8.644 -99.999 -99.999 -99.999 -99.999 -99.999 -99.999 -99.999 -99.999 -99.999 -99.999 -99.999
339 K -99.999 1.17 3.17 -99.999 -99.999 1.583 -99.999 2.644 -99.999 -99.999 2.644 5.297 -99.999 -99.999 -99.999 -99.999 -99.999 -99.999 2.644 -99.999
340 Y -99.999 -99.999 -99.999 -99.999 -99.999 -99.999 -99.999 -99.999 -99.999 -99.999 -99.999 -99.999 -99.999 -99.999 -99.999 -99.999 -99.999 -99.999 8.644 -99.999
341 F -99.999 -99.999 -99.999 -99.999 -99.999 -99.999 -99.999 -99.999 -99.999 3.615 5.314 -99.999 -99.999 5.887 -99.999 -99.999 -99.999 -99.999 -99.999 2.644
342 D -99.999 -99.999 4.644 6.644 -99.999 -99.999 -99.999 -99.999 1.583 -99.999 -99.999 -99.999 -99.999 -99.999 -99.999 3.418 -99.999 -99.999 -99.999 -99.999
343 P 3.17 -99.999 -99.999 -99.999 -99.999 2.644 -99.999 -99.999 -99.999 2.644 -99.999 -99.999 -99.999 -99.999 6.496 -99.999 -99.999 -99.999 2.644 -99.999
344 A 4.162 -99.999 -0.251 -99.999 -99.999 2.644 3.418 -99.999 3.908 -0.526 0.644 2.644 -99.999 -99.999 -99.999 -99.999 -99.999 -99.999 -1.356 -99.999
345 V -99.999 -99.999 2.644 2.644 -99.999 -99.999 -99.999 -99.999 -99.999 -2.0 4.0 -99.999 2.644 -99.999 -99.999 -99.999 2.644 -99.999 -99.999 4.919
346 I -99.999 -99.999 -99.999 -99.999 -99.999 -99.999 -99.999 -99.999 -99.999 7.288 -99.999 -99.999 -99.999 -99.999 -99.999 -99.999 -99.999 -99.999 -99.999 5.814
347 F -99.999 -99.999 -99.999 -99.999 -99.999 -99.999 -99.999 -99.999 -99.999 5.716 4.496 -99.999 -99.999 6.0 -99.999 -99.999 -99.999 -99.999 -99.999 -99.999
348 T -99.999 2.644 -99.999 2.644 -99.999 -99.999 -99.999 -99.999 -99.999 -99.999 4.644 -99.999 -99.999 -99.999 -99.999 2.644 5.814 -99.999 -99.999 -99.999
349 Q -99.999 -99.999 -99.999 -99.999 -99.999 8.644 -99.999 -99.999 -99.999 -99.999 -99.999 -99.999 -99.999 -99.999 -99.999 -99.999 -99.999 -99.999 -99.999 -99.999
350 I -99.999 -99.999 -99.999 -99.999 -99.999 -99.999 -99.999 -99.999 -99.999 5.518 4.0 -99.999 -99.999 4.644 -99.999 -99.999 -99.999 -99.999 -99.999 4.162
351 F -99.999 -99.999 -99.999 -99.999 -99.999 2.644 -99.999 -99.999 -99.999 2.0 5.877 -99.999 -99.999 5.939 -99.999 -99.999 -99.999 -99.999 -99.999 -99.999
352 P -99.999 -99.999 4.644 2.644 -99.999 -99.999 -99.999 -99.999 -99.999 -99.999 -99.999 -99.999 -99.999 -99.999 7.288 -99.999 -99.999 -99.999 -99.999 -99.999
353 L -99.999 -99.999 -99.999 -99.999 -99.999 -99.999 -99.999 -99.999 -99.999 5.814 7.288 -99.999 -99.999 -99.999 -99.999 -99.999 -99.999 -99.999 -99.999 -99.999
354 S -99.999 -99.999 -99.999 -99.999 -99.999 -99.999 -99.999 -99.999 -99.999 2.644 4.644 -99.999 -99.999 -99.999 -99.999 6.644 -99.999 -99.999 -99.999 2.644
355 G -99.999 -99.999 -99.999 -99.999 -99.999 -99.999 -99.999 8.644 -99.999 -99.999 -99.999 -99.999 -99.999 -99.999 -99.999 -99.999 -99.999 -99.999 -99.999 -99.999
356 F -99.999 -99.999 -99.999 -99.999 -99.999 -99.999 -99.999 -99.999 -99.999 2.644 4.0 -99.999 -99.999 7.51 -99.999 -99.999 -99.999 -99.999 -99.999 -99.999
357 G -99.999 -99.999 3.17 2.0 -99.999 -99.999 -99.999 7.677 -99.999 -99.999 -99.999 -99.999 -99.999 -99.999 -99.999 -1.061 -99.999 -99.999 -99.999 -99.999
358 F -99.999 -99.999 -2.0 -99.999 -99.999 -99.999 -99.999 4.34 -99.999 2.644 -99.999 -99.999 -99.999 6.644 -99.999 2.644 -99.999 -99.999 -99.999 -99.999
359 I -99.999 -99.999 3.474 -99.999 -99.999 -99.999 -99.999 -99.999 -99.999 6.348 5.868 -99.999 -99.999 -99.999 -99.999 -99.999 -99.999 -99.999 -99.999 -99.999
360 S -99.999 -99.999 2.364 3.799 -99.999 -99.999 3.17 4.644 -99.999 -99.999 -99.999 -99.999 -99.999 -99.999 -99.999 5.17 -99.999 -99.999 -99.999 -99.999
361 D 4.34 -99.999 -2.757 6.763 -99.999 -99.999 -99.999 -2.0 -99.999 -99.999 -99.999 -99.999 -99.999 -99.999 -99.999 1.518 -99.999 -99.999 -99.999 2.644
362 A 4.393 -99.999 2.644 -99.999 -99.999 1.583 -99.999 -2.526 -0.757 -99.999 -2.0 -99.999 -99.999 -99.999 -99.999 3.17 4.0 -99.999 -99.999 2.644
363 Q -99.999 -99.999 -99.999 -99.999 -99.999 7.288 -99.999 2.644 -99.999 -99.999 -99.999 -99.999 -99.999 -99.999 2.644 -99.999 2.644 -99.999 -99.999 -99.999
364 I -99.999 -99.999 -99.999 -99.999 -99.999 -99.999 -99.999 -99.999 -99.999 7.814 -99.999 -99.999 -99.999 -99.999 -99.999 -99.999 -99.999 -99.999 -99.999 4.644
365 A 6.521 -99.999 -99.999 -99.999 -99.999 -99.999 -99.999 -99.999 -99.999 -99.999 -99.999 -99.999 -99.999 -99.999 -99.999 4.919 -99.999 -99.999 4.595 -99.999
366 K -99.999 -99.999 -99.999 -99.999 -99.999 5.814 -99.999 -99.999 2.644 -99.999 -99.999 6.644 -99.999 -99.999 -99.999 -99.999 -99.999 -99.999 -99.999 -99.999
367 V 2.644 -99.999 -99.999 2.644 -99.999 3.615 4.0 -99.999 -99.999 -99.999 -99.999 -99.999 -99.999 -99.999 -99.999 -99.999 2.644 -99.999 -99.999 4.644
368 Y -99.999 -99.999 -99.999 -99.999 -99.999 -99.999 -99.999 -99.999 -99.999 -99.999 -99.999 -99.999 -99.999 5.814 -99.999 -99.999 -99.999 -99.999 7.288 -99.999
369 S -99.999 -99.999 -99.999 -99.999 -99.999 -99.999 -99.999 -99.999 -99.999 -99.999 -99.999 -99.999 -99.999 -99.999 -99.999 7.814 4.644 -99.999 -99.999 -99.999
370 I -99.999 -99.999 2.644 2.644 -99.999 -99.999 -99.999 -99.999 2.644 4.919 2.644 -99.999 -2.0 -99.999 -99.999 -99.999 2.644 -99.999 -99.999 1.17
371 I -99.999 -99.999 -99.999 -99.999 -99.999 -99.999 -99.999 -99.999 -99.999 7.288 4.644 -99.999 -99.999 -99.999 -99.999 -99.999 -99.999 -99.999 -99.999 2.644
372 V 5.814 -99.999 -99.999 -99.999 -99.999 -99.999 -99.999 -99.999 -99.999 -99.999 -99.999 -99.999 -99.999 -99.999 -99.999 -99.999 -99.999 -99.999 -99.999 7.288
373 L -99.999 -99.999 -99.999 -99.999 -99.999 -99.999 -99.999 -99.999 -99.999 -99.999 8.583 -99.999 -99.999 -2.526 -99.999 -99.999 -99.999 -99.999 -99.999 -99.999
374 G -99.999 -99.999 -99.999 -99.999 -99.999 -99.999 -99.999 8.259 -99.999 -99.999 -99.999 -99.999 -99.999 -99.999 -99.999 2.644 -99.999 -99.999 -99.999 -99.999
375 D -99.999 -99.999 1.615 6.496 -99.999 -99.999 -99.999 3.474 -99.999 -99.999 -99.999 -99.999 -99.999 -99.999 -99.999 3.089 2.644 -99.999 -99.999 -99.999
376 I 2.644 2.644 -99.999 -99.999 -99.999 -99.999 -99.999 -99.999 2.644 5.13 2.0 -99.999 -99.999 -99.999 -99.999 -99.999 -99.999 -99.999 -99.999 4.393
377 S -99.999 -99.999 -99.999 -2.526 -99.999 -99.999 -99.999 -99.999 -99.999 -99.999 -99.999 -99.999 -99.999 -99.999 -99.999 8.045 3.474 -99.999 -99.999 -99.999
378 S -99.999 -99.999 3.17 -99.999 -99.999 -99.999 2.644 2.644 -99.999 -99.999 -99.999 -99.999 -99.999 -99.999 -99.999 6.962 -0.526 -99.999 -99.999 -99.999
379 G -99.999 -99.999 -99.999 -99.999 -99.999 -99.999 -99.999 8.644 -99.999 -99.999 -99.999 -99.999 -99.999 -99.999 -99.999 -99.999 -99.999 -99.999 -99.999 -99.999
380 I -99.999 -99.999 -99.999 -99.999 -99.999 -99.999 -99.999 -99.999 -99.999 8.34 2.0 -99.999 -99.999 -99.999 -99.999 -99.999 -99.999 -99.999 -99.999 -99.999
381 A 7.814 -99.999 2.644 -99.999 -99.999 -99.999 -99.999 2.644 -99.999 -99.999 -99.999 -99.999 -99.999 -99.999 -99.999 -99.999 -99.999 -99.999 -99.999 -99.999
382 L -99.999 -99.999 -99.999 -99.999 -99.999 -99.999 -99.999 -99.999 -99.999 -99.999 8.644 -99.999 -99.999 -99.999 -99.999 -99.999 -99.999 -99.999 -99.999 -99.999
383 S -99.999 -99.999 -99.999 -99.999 -99.999 -99.999 -99.999 -99.999 -99.999 -99.999 -99.999 -99.999 -99.999 -99.999 -99.999 8.644 -99.999 -99.999 -99.999 -99.999
384 S -99.999 -99.999 -99.999 -99.999 -99.999 -99.999 -99.999 -99.999 -99.999 -99.999 -99.999 -99.999 -99.999 -99.999 -99.999 8.644 -99.999 -99.999 -99.999 -99.999
385 S -99.999 -99.999 -99.999 -99.999 -99.999 -99.999 -99.999 -99.999 -99.999 -99.999 -99.999 -99.999 -99.999 -99.999 -99.999 8.644 -99.999 -99.999 -99.999 -99.999
386 G -99.999 -99.999 -99.999 -99.999 -99.999 -99.999 -99.999 6.644 -99.999 4.644 2.644 -99.999 -99.999 -99.999 -99.999 2.644 -99.999 -99.999 -99.999 -99.999
387 L -99.999 -99.999 -99.999 -99.999 -99.999 -99.999 -99.999 -99.999 -99.999 4.644 5.814 -99.999 -99.999 -99.999 2.644 -99.999 -99.999 -99.999 -99.999 4.644
388 L -99.999 -99.999 -99.999 -99.999 -99.999 -99.999 -99.999 -99.999 -99.999 -99.999 8.644 -99.999 -99.999 -99.999 -99.999 -99.999 -99.999 -99.999 -99.999 -99.999
389 E -99.999 -99.999 -99.999 -99.999 -99.999 -99.999 8.644 -99.999 -99.999 -99.999 -99.999 -99.999 -99.999 -99.999 -99.999 -99.999 -99.999 -99.999 -99.999 -99.999
390 S 4.919 -99.999 -99.999 -99.999 -99.999 -99.999 -99.999 -99.999 -99.999 -99.999 -99.999 -99.999 -99.999 -99.999 -99.999 7.615 -2.0 -99.999 -99.999 -99.999
391 M -99.999 -99.999 -99.999 -99.999 -99.999 -99.999 -99.999 -99.999 -99.999 3.17 -99.999 -99.999 5.615 -99.999 -99.999 4.162 5.057 -99.999 -99.999 -99.999
392 I -99.999 -99.999 -99.999 -99.999 -99.999 -99.999 -99.999 -99.999 -99.999 6.891 4.162 -99.999 -99.999 -99.999 -99.999 -99.999 -99.999 -99.999 -99.999 4.571
393 L -99.999 -99.999 -99.999 -99.999 -99.999 -99.999 -99.999 -99.999 -99.999 5.089 7.089 -99.999 -99.999 -99.999 -99.999 -99.999 -99.999 -99.999 -99.999 2.644
394 S -99.999 -99.999 3.17 1.17 -99.999 -99.999 -99.999 4.644 -99.999 -99.999 -99.999 -99.999 2.644 -99.999 -99.999 6.0 -99.999 -99.999 -99.999 -99.999
395 G -99.999 -99.999 -99.999 -99.999 -99.999 -99.999 -99.999 4.644 2.644 1.615 4.644 -99.999 -99.999 -99.999 -99.999 -99.999 2.644 -99.999 -99.999 3.401
396 K 2.644 2.0 1.583 1.17 -99.999 -99.999 3.17 -99.999 3.418 -99.999 -99.999 3.615 -99.999 -99.999 -99.999 -99.999 -99.999 -99.999 -99.999 2.644
397 F -99.999 -99.999 -99.999 -99.999 -99.999 -99.999 -99.999 -99.999 -99.999 -99.999 4.484 -99.999 -99.999 6.858 -99.999 -99.999 -99.999 -99.999 4.34 -99.999
398 G -99.999 -99.999 3.401 -99.999 -99.999 -99.999 -99.999 6.0 -99.999 -99.999 -99.999 -99.999 -99.999 5.814 -99.999 0.644 -99.999 -99.999 -99.999 -99.999
399 F -99.999 -99.999 -99.999 -99.999 -99.999 -99.999 -99.999 -99.999 -99.999 -99.999 2.644 -99.999 -99.999 5.814 5.814 -0.757 -99.999 -99.999 -99.999 1.583
400 F -99.999 -99.999 -99.999 -99.999 -99.999 -99.999 -99.999 -99.999 -99.999 5.502 3.288 -99.999 2.644 5.563 -99.999 -99.999 -99.999 -99.999 -99.999 -0.757
401 F -99.999 -99.999 -99.999 -99.999 -99.999 -99.999 -99.999 -99.999 -99.999 -99.999 -99.999 -99.999 -99.999 8.644 -99.999 -99.999 -99.999 -99.999 -99.999 -99.999
402 I -99.999 -99.999 -99.999 -99.999 -99.999 -99.999 -99.999 -99.999 -99.999 6.892 -2.0 -99.999 -99.999 -0.757 -99.999 -99.999 -99.999 -99.999 -99.999 5.939
403 Y -99.999 -99.999 -99.999 -99.999 -99.999 -99.999 -99.999 -99.999 -99.999 -99.999 5.814 -99.999 2.644 -99.999 -99.999 -99.999 -99.999 -99.999 6.644 -99.999
404 L -99.999 -99.999 -99.999 -99.999 -99.999 -99.999 -99.999 -99.999 -99.999 2.644 7.14 -99.999 -99.999 4.984 -99.999 -99.999 -99.999 -99.999 -99.999 -99.999
405 A 4.644 -99.999 -99.999 -99.999 -99.999 -99.999 -99.999 2.644 -99.999 0.959 3.799 -99.999 -2.0 2.496 -99.999 1.17 -2.0 -99.999 -99.999 2.644
406 Y -99.999 -99.999 -99.999 -99.999 -99.999 -99.999 -99.999 -99.999 -99.999 -99.999 -99.999 -99.999 -99.999 -1.356 -99.999 -99.999 -99.999 -99.999 8.552 -99.999
407 L -99.999 -99.999 -99.999 -99.999 2.735 -99.999 -99.999 -99.999 -99.999 -99.999 7.231 -99.999 -99.999 -99.999 -99.999 4.735 -99.999 -99.999 -99.999 -99.999
408 L -99.999 -99.999 -99.999 -99.999 -99.999 -99.999 -99.999 -99.999 -99.999 4.78 6.549 -99.999 -1.908 -99.999 -99.999 1.674 -99.999 -99.999 -99.999 2.949
409 L -99.999 -99.999 -99.999 -99.999 -99.999 -99.999 -99.999 4.735 -99.999 4.662 4.735 -99.999 -99.999 -99.999 -99.999 4.431 -99.999 -99.999 -99.999 -99.999
410 M -99.999 -99.999 -99.999 -99.999 -99.999 -99.999 -99.999 -99.999 -99.999 2.735 -99.999 -99.999 5.654 5.148 -99.999 -99.999 -99.999 -99.999 -99.999 4.253
411 I -99.999 -99.999 -99.999 -99.999 -99.999 -99.999 -99.999 -99.999 -99.999 7.552 4.0 -99.999 1.674 -99.999 -99.999 -99.999 -99.999 -99.999 -99.999 -1.908
412 L 1.706 -99.999 -99.999 -99.999 -99.999 -99.999 -99.999 -99.999 -99.999 -99.999 6.505 -99.999 -99.999 -1.908 -99.999 4.599 -1.265 -99.999 -99.999 2.735
413 L -99.999 -99.999 -99.999 -99.999 -99.999 -99.999 -99.999 -99.999 -99.999 4.431 6.631 -99.999 -99.999 2.99 -99.999 -99.999 -99.999 -99.999 -99.999 2.735
414 I -99.999 -99.999 -99.999 -99.999 -99.999 -99.999 -99.999 -99.999 -99.999 8.517 -99.999 -99.999 -99.999 -99.999 -99.999 -99.999 -0.434 -99.999 -99.999 -99.999
415 Q -99.999 -99.999 2.735 2.735 -99.999 5.654 -99.999 -99.999 -99.999 -99.999 -99.999 1.674 -99.999 -99.999 2.735 2.735 -0.665 -99.999 -99.999 -99.999
416 K -99.999 -0.665 -99.999 -99.999 -99.999 -99.999 -99.999 -99.999 1.262 -99.999 -99.999 7.783 -99.999 -99.999 -99.999 -99.999 -99.999 1.674 0.092 -99.999
417 L -0.665 -99.999 -99.999 -99.999 3.139 -99.999 -99.999 4.253 -99.999 -99.999 6.735 -99.999 -99.999 1.262 -99.999 -99.999 -99.999 -99.999 -99.999 -99.999
418 L -99.999 -99.999 -99.999 -99.999 -99.999 -99.999 -99.999 -99.999 -99.999 -99.999 8.644 -99.999 -99.999 -99.999 -99.999 -99.999 -99.999 -99.999 -99.999 -99.999
419 N -99.999 -99.999 7.107 -99.999 -99.999 2.735 -99.999 -99.999 -99.999 -99.999 -99.999 -99.999 -99.999 -99.999 -99.999 5.01 -99.999 -99.999 -99.999 -99.999
420 S -99.999 -99.999 1.674 -99.999 -99.999 -99.999 -99.999 -99.999 -99.999 -99.999 -99.999 -99.999 -99.999 -99.999 -99.999 7.933 2.735 -99.999 -99.999 -99.999
421 N -99.999 2.735 5.905 -99.999 -99.999 2.735 -99.999 2.735 -99.999 -99.999 -99.999 -99.999 -99.999 -99.999 1.262 3.139 -99.999 -99.999 -99.999 -99.999
422 K -99.999 2.407 4.735 -99.999 -99.999 -99.999 -99.999 -99.999 -99.999 -99.999 2.587 5.815 -99.999 -99.999 -99.999 -99.999 -99.999 -99.999 2.735 -99.999
423 I -0.159 -99.999 2.587 -99.999 -99.999 -99.999 -99.999 -99.999 -99.999 5.28 -99.999 2.735 -99.999 -99.999 2.735 -99.999 -1.908 -99.999 -99.999 4.46
424 I -99.999 -99.999 -99.999 -99.999 -99.999 -99.999 -99.999 -99.999 -99.999 5.93 4.818 -99.999 1.566 2.092 -99.999 -99.999 -99.999 -99.999 2.735 -1.908
425 L -99.999 -99.999 -99.999 -99.999 -99.999 -99.999 -99.999 -99.999 -99.999 3.262 7.68 -99.999 -99.999 2.735 -99.999 -99.999 -99.999 -99.999 -99.999 -99.999
426 N -99.999 -99.999 7.783 -99.999 -99.999 -99.999 -99.999 -99.999 -99.999 4.735 -99.999 -99.999 -99.999 -99.999 -99.999 -99.999 -99.999 -99.999 -99.999 -99.999
427 F -99.999 -99.999 -99.999 -99.999 -99.999 -99.999 -99.999 -99.999 -99.999 -99.999 4.735 -99.999 -99.999 6.549 -99.999 -99.999 -99.999 -99.999 -99.999 4.735
428 I -99.999 -99.999 -99.999 -99.999 2.735 -99.999 -99.999 -99.999 -99.999 6.777 -99.999 -99.999 -99.999 2.735 -99.999 2.735 -99.999 -99.999 -99.999 1.674
429 A 7.231 -99.999 -99.999 -99.999 -99.999 -99.999 -99.999 5.905 -99.999 -99.999 -99.999 -99.999 -99.999 -99.999 -99.999 -99.999 -99.999 -99.999 -99.999 -99.999
430 I -99.999 -99.999 -99.999 -99.999 -99.999 -99.999 -99.999 -99.999 -99.999 6.549 4.735 -99.999 4.735 -99.999 -99.999 -99.999 -99.999 -99.999 -99.999 -99.999
431 A 7.128 -99.999 -99.999 -99.999 2.735 -99.999 -99.999 -99.999 -99.999 -99.999 -99.999 -99.999 -99.999 -99.999 -99.999 4.735 -99.999 -99.999 -99.999 -2.434
432 M -99.999 -99.999 -99.999 -99.999 -99.999 -99.999 -99.999 -99.999 -99.999 1.566 -1.908 -99.999 7.945 2.092 -99.999 -99.999 -99.999 -99.999 -99.999 -99.999
433 L -99.999 -99.999 -99.999 -99.999 -99.999 -99.999 -99.999 -99.999 -99.999 4.735 7.231 -99.999 2.735 -99.999 -99.999 -99.999 -99.999 -99.999 -99.999 -99.999
434 P -99.999 -99.999 -99.999 -99.999 -99.999 -99.999 -99.999 -99.999 -99.999 -99.999 -99.999 -99.999 -99.999 -99.999 7.231 4.735 2.735 -99.999 -99.999 -99.999
435 G -99.999 -99.999 -99.999 -99.999 -99.999 -99.999 -99.999 8.245 -99.999 -99.999 -99.999 -99.999 -99.999 2.735 -99.999 -99.999 -99.999 -99.999 -99.999 -99.999
436 F -99.999 -99.999 -99.999 -99.999 -99.999 -99.999 -99.999 -99.999 -99.999 -99.999 6.336 -99.999 -99.999 6.922 -99.999 -99.999 -99.999 -99.999 -99.999 -99.999
437 F -99.999 -99.999 -99.999 -99.999 -99.999 -99.999 -99.999 -99.999 -99.999 2.735 5.436 -99.999 -99.999 6.876 -99.999 -99.999 -99.999 -99.999 -99.999 -99.999
438 Y -99.999 -99.999 -99.999 -99.999 -99.999 -99.999 -99.999 -99.999 -99.999 -99.999 -99.999 -99.999 -99.999 5.905 -99.999 -99.999 -99.999 -99.999 7.231 -99.999
439 S 2.735 -99.999 -99.999 -99.999 -99.999 -99.999 -99.999 -99.999 -99.999 -99.999 -99.999 -99.999 -99.999 -99.999 -99.999 7.783 2.735 -99.999 -99.999 -99.999
440 V -1.908 -99.999 -99.999 -99.999 2.735 -99.999 -99.999 -99.999 -99.999 4.35 -99.999 -99.999 -99.999 -99.999 -99.999 -99.999 4.735 -99.999 -99.999 5.706
441 R -99.999 8.644 -99.999 -99.999 -99.999 -99.999 -99.999 -99.999 -99.999 -99.999 -99.999 -99.999 -99.999 -99.999 -99.999 -99.999 -99.999 -99.999 -99.999 -99.999
442 A 6.735 -99.999 -99.999 -99.999 -99.999 -99.999 -99.999 6.549 -99.999 -99.999 -99.999 -99.999 -99.999 -99.999 -99.999 -99.999 -99.999 -99.999 -99.999 -99.999
443 E -99.999 -99.999 -99.999 -99.999 -99.999 -99.999 8.644 -99.999 -99.999 -99.999 -99.999 -99.999 -99.999 -99.999 -99.999 -99.999 -99.999 -99.999 -99.999 -99.999
444 L -99.999 -99.999 -99.999 -99.999 -99.999 -99.999 -99.999 -99.999 -99.999 -99.999 7.783 -99.999 4.735 -99.999 -99.999 -99.999 -99.999 -99.999 -99.999 -99.999
445 V -99.999 -99.999 -99.999 -99.999 -99.999 -99.999 -99.999 -99.999 -99.999 5.529 -99.999 -99.999 -99.999 -99.999 -99.999 -99.999 -99.999 -99.999 -99.999 7.446
446 L -99.999 -99.999 -99.999 -99.999 -99.999 4.735 -99.999 -99.999 -99.999 -99.999 7.783 -99.999 -99.999 -99.999 -99.999 -99.999 -99.999 -99.999 -99.999 -99.999
447 P -99.999 -99.999 -99.999 -99.999 -99.999 -99.999 -99.999 -99.999 -99.999 -99.999 -99.999 -99.999 -99.999 -99.999 8.245 -99.999 -99.999 -99.999 -99.999 2.735
448 F -99.999 -99.999 -99.999 -99.999 -99.999 -99.999 -99.999 -99.999 -99.999 3.706 5.01 -99.999 -99.999 6.842 -99.999 -99.999 -99.999 -99.999 -99.999 -99.999
449 V 6.391 -99.999 -99.999 -99.999 -99.999 -99.999 -99.999 -99.999 -99.999 -99.999 -99.999 -99.999 -99.999 -99.999 -99.999 -1.908 -99.999 -99.999 -99.999 6.735
450 Y -99.999 -99.999 -99.999 -99.999 -99.999 -99.999 -99.999 -99.999 -99.999 -99.999 -99.999 -99.999 -99.999 4.431 -99.999 2.735 -99.999 -99.999 6.699 2.735
451 L -99.999 -99.999 -99.999 -99.999 -99.999 -99.999 -99.999 -99.999 -99.999 5.436 5.905 -99.999 2.092 -1.908 -99.999 -99.999 -99.999 -99.999 -99.999 3.262
452 I -99.999 -99.999 -99.999 -99.999 -99.999 -99.999 -99.999 -99.999 -99.999 6.549 4.735 -99.999 -99.999 2.735 -99.999 -99.999 -99.999 -99.999 -99.999 2.735
453 K -99.999 -99.999 -99.999 -99.999 -99.999 -99.999 -99.999 -99.999 -99.999 -99.999 -99.999 8.644 -99.999 -99.999 -99.999 -99.999 -99.999 -99.999 -99.999 -99.999
454 S 4.735 -99.999 -99.999 -99.999 -99.999 -99.999 -99.999 -99.999 -99.999 -99.999 -99.999 -99.999 -99.999 2.735 -99.999 7.231 -99.999 -99.999 -99.999 -99.999
455 L -99.999 -99.999 -99.999 -99.999 -99.999 -99.999 -99.999 -99.999 -99.999 -99.999 7.732 -99.999 -99.999 3.492 -99.999 2.092 -99.999 -99.999 -99.999 -99.999
456 P -99.999 -99.999 -99.999 -99.999 -99.999 -99.999 -99.999 -99.999 -99.999 -99.999 -99.999 -99.999 -99.999 -99.999 8.644 -99.999 -99.999 -99.999 -99.999 -99.999
457 I -99.999 -99.999 -99.999 -99.999 -99.999 -99.999 -99.999 -99.999 -99.999 8.158 -99.999 -99.999 -99.999 -99.999 -99.999 -99.999 -99.999 -99.999 -99.999 3.262
458 I -99.999 -99.999 -99.999 -99.999 -99.999 -99.999 -99.999 -99.999 -99.999 8.245 -99.999 -99.999 -99.999 -99.999 -99.999 -99.999 -99.999 -99.999 -99.999 2.735
459 I -99.999 -99.999 -99.999 -99.999 -99.999 -99.999 -99.999 -99.999 -99.999 7.191 4.897 -99.999 -99.999 2.587 -99.999 -99.999 -99.999 -99.999 -99.999 -99.999
460 I -99.999 -99.999 -99.999 -99.999 -1.908 -99.999 -99.999 -99.999 -99.999 7.379 3.139 -99.999 -99.999 2.092 -99.999 -99.999 -99.999 -99.999 -99.999 1.262
461 S 3.706 -99.999 -99.999 -99.999 -99.999 -99.999 -99.999 -99.999 -99.999 -99.999 -99.999 -99.999 -99.999 -99.999 -99.999 8.069 -99.999 -99.999 -99.999 -99.999
462 P -99.999 -99.999 4.092 -99.999 -99.999 -99.999 -99.999 -99.999 -99.999 -99.999 -99.999 -99.999 -99.999 -99.999 7.465 -99.999 -99.999 -99.999 2.735 -99.999
463 L -99.999 -99.999 -99.999 -99.999 -99.999 -99.999 -99.999 -99.999 -99.999 -99.999 5.905 -99.999 -99.999 5.654 -99.999 -99.999 -99.999 -99.999 2.735 2.735
464 L -99.999 -99.999 -99.999 -99.999 -99.999 -99.999 -99.999 -99.999 -99.999 -99.999 8.245 -99.999 -99.999 2.735 -99.999 -99.999 -99.999 -99.999 -99.999 -99.999
465 V -99.999 -99.999 -99.999 -99.999 -99.999 -99.999 -99.999 -99.999 -99.999 5.379 -99.999 -99.999 -99.999 2.735 -99.999 -99.999 4.18 -99.999 -99.999 5.492
466 K -99.999 2.735 2.092 -99.999 -99.999 2.735 -99.999 -99.999 -99.999 -99.999 -99.999 4.735 -99.999 -99.999 -99.999 4.35 -99.999 -99.999 -1.908 2.735
467 R -99.999 5.01 1.674 1.262 -99.999 0.735 2.735 -0.665 -99.999 -1.265 0.735 2.735 -99.999 -99.999 -99.999 -99.999 1.706 -99.999 -99.999 -99.999
468 K -99.999 -3.728 -99.999 -99.999 -99.999 -99.999 -99.999 -99.999 -0.558 3.673 -99.999 7.111 -99.999 -99.999 3.673 -99.999 -99.999 -99.999 -99.999 -99.999
469 Q -99.999 -99.999 2.767 -99.999 -99.999 4.241 4.241 -99.999 -99.999 3.18 -99.999 4.241 -99.999 0.84 -99.999 -99.999 -99.999 -99.999 -99.999 -99.999
470 Q -99.999 3.639 -99.999 -99.999 -99.999 7.87 -99.999 0.469 -99.999 -99.999 -99.999 -99.999 -99.999 -99.999 -99.999 -99.999 -99.999 -99.999 -99.999 -99.999
471 S 4.469 -99.999 -99.999 -99.999 -99.999 -99.999 -99.999 -99.999 -99.999 -99.999 -99.999 -99.999 -99.999 -99.999 -99.999 7.87 -99.999 -99.999 -99.999 -99.999
472 D -99.999 -99.999 -99.999 7.87 -99.999 -99.999 -99.999 -99.999 -99.999 -99.999 4.469 -99.999 -99.999 -99.999 -99.999 -99.999 -99.999 -99.999 -99.999 -99.999
473 E -99.999 -99.999 -99.999 -99.999 -99.999 -99.999 7.87 -99.999 -99.999 -99.999 -99.999 -99.999 -99.999 -99.999 -99.999 4.469 -99.999 -99.999 -99.999 -99.999
474 K -99.999 -99.999 -1.032 -99.999 -99.999 -99.999 1.725 -99.999 -99.999 -99.999 -99.999 6.369 -99.999 -99.999 -99.999 -99.999 -99.999 -99.999 4.968 2.968
475 R 2.199 3.673 3.673 -99.999 -99.999 -99.999 0.272 -99.999 2.612 -99.999 -99.999 3.029 -99.999 -99.999 -99.999 3.673 -99.999 -99.999 -99.999 -0.971
476 S -99.999 3.134 2.105 1.66 -99.999 -99.999 -99.999 2.073 -1.51 -1.51 3.134 -99.999 -99.999 2.49 -99.999 3.908 -0.866 -99.999 -99.999 -99.999
477 K 1.566 -99.999 2.209 2.735 -99.999 1.674 2.092 -99.999 -99.999 -99.999 -99.999 5.33 -99.999 -99.999 2.092 -99.999 -2.434 -99.999 -99.999 -0.434