#Seq2Logo.py -f /work3/idamei/ssn-clusterings/2206070959/clusters/0002_661/sequences.afa -m 0.0001 -b 0 -o /work3/idamei/ssn-clusterings/2206070959/clusters/0002_661/sequences.logo -p 640x1000 -l 30 -I 1
Last position-specific scoring matrix computed, values are in halfbits
A R N D C Q E G H I L K M F P S T W Y V
0 M -99.999 -99.999 -99.999 -99.999 -99.999 -99.999 -99.999 -99.999 -99.999 -99.999 -99.999 -99.999 8.644 -99.999 -99.999 -99.999 -99.999 -99.999 -99.999 -99.999
1 T -99.999 -99.999 -99.999 -99.999 -99.999 -99.999 -99.999 -99.999 -99.999 -99.999 -99.999 -99.999 -99.999 -99.999 -99.999 -99.999 8.644 -99.999 -99.999 -99.999
2 E -99.999 -99.999 -99.999 -99.999 -99.999 -99.999 8.644 -99.999 -99.999 -99.999 -99.999 -99.999 -99.999 -99.999 -99.999 -99.999 -99.999 -99.999 -99.999 -99.999
3 T -99.999 -99.999 -99.999 -99.999 -99.999 -99.999 -99.999 -99.999 -99.999 -99.999 -99.999 -99.999 -99.999 -99.999 -99.999 -99.999 8.644 -99.999 -99.999 -99.999
4 L -99.999 -99.999 -99.999 -99.999 -99.999 -99.999 -99.999 -99.999 -99.999 -99.999 8.644 -99.999 -99.999 -99.999 -99.999 -99.999 -99.999 -99.999 -99.999 -99.999
5 A 6.644 -99.999 -99.999 -99.999 -99.999 -99.999 -99.999 -99.999 -99.999 -99.999 -99.999 -99.999 -99.999 -99.999 6.644 -99.999 -99.999 -99.999 -99.999 -99.999
6 Y -99.999 -99.999 -99.999 -99.999 -99.999 -99.999 -99.999 -99.999 -99.999 -99.999 -99.999 -99.999 -99.999 -99.999 -99.999 -99.999 -99.999 -99.999 8.644 -99.999
7 I -99.999 -99.999 -99.999 -99.999 -99.999 -99.999 -99.999 -99.999 -99.999 6.644 -99.999 -99.999 -99.999 6.644 -99.999 -99.999 -99.999 -99.999 -99.999 -99.999
8 L -99.999 -99.999 -99.999 -99.999 -99.999 -99.999 -99.999 -99.999 -99.999 -99.999 8.644 -99.999 -99.999 -99.999 -99.999 -99.999 -99.999 -99.999 -99.999 -99.999
9 M -99.999 -99.999 -99.999 -99.999 -99.999 -99.999 -99.999 -99.999 -99.999 -99.999 -99.999 -99.999 6.644 -99.999 -99.999 -99.999 -99.999 -99.999 -99.999 6.644
10 L -99.999 -99.999 -99.999 -99.999 -99.999 -99.999 -99.999 -99.999 -99.999 -99.999 6.644 -99.999 -99.999 -99.999 -99.999 -99.999 -99.999 -99.999 6.644 -99.999
11 C -99.999 -99.999 -99.999 -99.999 8.644 -99.999 -99.999 -99.999 -99.999 -99.999 -99.999 -99.999 -99.999 -99.999 -99.999 -99.999 -99.999 -99.999 -99.999 -99.999
12 L -99.999 -99.999 -99.999 -99.999 -99.999 -99.999 -99.999 -99.999 -99.999 -99.999 6.644 -99.999 -99.999 -99.999 -99.999 -99.999 -99.999 -99.999 -99.999 6.644
13 A 6.644 -99.999 -99.999 -99.999 -99.999 -99.999 -99.999 -99.999 -99.999 -99.999 -99.999 -99.999 -99.999 -99.999 -99.999 -99.999 -99.999 -99.999 -99.999 6.644
14 A 8.644 -99.999 -99.999 -99.999 -99.999 -99.999 -99.999 -99.999 -99.999 -99.999 -99.999 -99.999 -99.999 -99.999 -99.999 -99.999 -99.999 -99.999 -99.999 -99.999
15 I -99.999 -99.999 -99.999 -99.999 -99.999 -99.999 -99.999 -99.999 -99.999 6.644 -99.999 -99.999 -99.999 -99.999 -99.999 -99.999 -99.999 -99.999 -99.999 6.644
16 P -99.999 -99.999 -99.999 -99.999 -99.999 -99.999 -99.999 -99.999 -99.999 -99.999 -99.999 -99.999 -99.999 -99.999 8.644 -99.999 -99.999 -99.999 -99.999 -99.999
17 A 8.644 -99.999 -99.999 -99.999 -99.999 -99.999 -99.999 -99.999 -99.999 -99.999 -99.999 -99.999 -99.999 -99.999 -99.999 -99.999 -99.999 -99.999 -99.999 -99.999
18 I -99.999 -99.999 -99.999 -99.999 -99.999 -99.999 -99.999 -99.999 -99.999 6.644 6.644 -99.999 -99.999 -99.999 -99.999 -99.999 -99.999 -99.999 -99.999 -99.999
19 I -99.999 -99.999 -99.999 -99.999 -99.999 -99.999 -99.999 -99.999 -99.999 6.644 -99.999 -99.999 -99.999 6.644 -99.999 -99.999 -99.999 -99.999 -99.999 -99.999
20 Q -99.999 -99.999 -99.999 -99.999 -99.999 6.644 -99.999 -99.999 -99.999 -99.999 -99.999 -99.999 -99.999 -99.999 -99.999 -99.999 -99.999 -99.999 6.644 -99.999
21 Q -99.999 -99.999 -99.999 -99.999 -99.999 6.644 -99.999 -99.999 -99.999 -99.999 -99.999 -99.999 -99.999 -99.999 -99.999 -99.999 -99.999 6.644 -99.999 -99.999
22 R -99.999 6.644 -99.999 -99.999 -99.999 -99.999 -99.999 -99.999 -99.999 -99.999 -99.999 -99.999 -99.999 -99.999 -99.999 6.644 -99.999 -99.999 -99.999 -99.999
23 R -99.999 8.644 -99.999 -99.999 -99.999 -99.999 -99.999 -99.999 -99.999 -99.999 -99.999 -99.999 -99.999 -99.999 -99.999 -99.999 -99.999 -99.999 -99.999 -99.999
24 S -99.999 -99.999 -99.999 -99.999 -99.999 -99.999 -99.999 -99.999 -99.999 -99.999 -99.999 -99.999 -99.999 -99.999 -99.999 6.644 6.644 -99.999 -99.999 -99.999
25 Q -99.999 -99.999 -99.999 -99.999 -99.999 6.644 -99.999 -99.999 -99.999 -99.999 -99.999 -99.999 -99.999 -99.999 6.644 -99.999 -99.999 -99.999 -99.999 -99.999
26 R -99.999 6.644 -99.999 -99.999 -99.999 -99.999 -99.999 -99.999 -99.999 -99.999 -99.999 -99.999 -99.999 -99.999 6.644 -99.999 -99.999 -99.999 -99.999 -99.999
27 A 6.644 -99.999 -99.999 -99.999 -99.999 -99.999 -99.999 -99.999 -99.999 -99.999 -99.999 -99.999 -99.999 -99.999 -99.999 -99.999 -99.999 -99.999 -99.999 6.644
28 A 6.644 -99.999 -99.999 -99.999 -99.999 -99.999 -99.999 6.644 -99.999 -99.999 -99.999 -99.999 -99.999 -99.999 -99.999 -99.999 -99.999 -99.999 -99.999 -99.999
29 W -99.999 -99.999 -99.999 -99.999 -99.999 -99.999 -99.999 -99.999 -99.999 -99.999 -99.999 -99.999 -99.999 -99.999 -99.999 -99.999 -99.999 8.644 -99.999 -99.999
30 I -99.999 -99.999 -99.999 -99.999 -99.999 -99.999 -99.999 -99.999 -99.999 6.644 -99.999 -99.999 -99.999 -99.999 -99.999 -99.999 -99.999 -99.999 -99.999 6.644
31 A 6.644 -99.999 -99.999 -99.999 -99.999 -99.999 -99.999 -99.999 -99.999 -99.999 6.644 -99.999 -99.999 -99.999 -99.999 -99.999 -99.999 -99.999 -99.999 -99.999
32 A 6.644 -99.999 -99.999 -99.999 -99.999 -99.999 -99.999 -99.999 -99.999 6.644 -99.999 -99.999 -99.999 -99.999 -99.999 -99.999 -99.999 -99.999 -99.999 -99.999
33 G -99.999 -99.999 -99.999 -99.999 -99.999 -99.999 -99.999 6.644 -99.999 -99.999 -99.999 -99.999 -99.999 6.644 -99.999 -99.999 -99.999 -99.999 -99.999 -99.999
34 M -99.999 -99.999 -99.999 -99.999 -99.999 -99.999 -99.999 -99.999 -99.999 -99.999 -99.999 -99.999 6.644 -99.999 -99.999 -99.999 -99.999 -99.999 -99.999 6.644
35 I -99.999 -99.999 -99.999 -99.999 -99.999 -99.999 -99.999 -99.999 -99.999 8.644 -99.999 -99.999 -99.999 -99.999 -99.999 -99.999 -99.999 -99.999 -99.999 -99.999
36 L -99.999 -99.999 -99.999 -99.999 -99.999 -99.999 -99.999 -99.999 -99.999 -99.999 8.644 -99.999 -99.999 -99.999 -99.999 -99.999 -99.999 -99.999 -99.999 -99.999
37 V -99.999 -99.999 -99.999 -99.999 -99.999 -99.999 -99.999 -99.999 -99.999 -99.999 -99.999 -99.999 -99.999 -99.999 -99.999 -99.999 -99.999 -99.999 -99.999 8.644
38 I -99.999 -99.999 -99.999 -99.999 -99.999 -99.999 -99.999 -99.999 -99.999 6.644 6.644 -99.999 -99.999 -99.999 -99.999 -99.999 -99.999 -99.999 -99.999 -99.999
39 F -99.999 -99.999 -99.999 -99.999 -99.999 -99.999 -99.999 -99.999 -99.999 -99.999 -99.999 -99.999 -99.999 8.644 -99.999 -99.999 -99.999 -99.999 -99.999 -99.999
40 V -99.999 -99.999 -99.999 -99.999 -99.999 -99.999 -99.999 -99.999 -99.999 -99.999 -99.999 -99.999 -99.999 -99.999 -99.999 -99.999 -99.999 -99.999 -99.999 8.644
41 G -99.999 -99.999 -99.999 -99.999 -99.999 -99.999 -99.999 8.644 -99.999 -99.999 -99.999 -99.999 -99.999 -99.999 -99.999 -99.999 -99.999 -99.999 -99.999 -99.999
42 L -99.999 -99.999 -99.999 -99.999 -99.999 -99.999 -99.999 -99.999 -99.999 -99.999 8.644 -99.999 -99.999 -99.999 -99.999 -99.999 -99.999 -99.999 -99.999 -99.999
43 R -99.999 8.644 -99.999 -99.999 -99.999 -99.999 -99.999 -99.999 -99.999 -99.999 -99.999 -99.999 -99.999 -99.999 -99.999 -99.999 -99.999 -99.999 -99.999 -99.999
44 H -99.999 -99.999 -99.999 -99.999 -99.999 -99.999 -99.999 -99.999 6.644 -99.999 -99.999 -99.999 -99.999 -99.999 -99.999 -99.999 -99.999 -99.999 6.644 -99.999
45 R -99.999 6.644 -99.999 -99.999 -99.999 -99.999 6.644 -99.999 -99.999 -99.999 -99.999 -99.999 -99.999 -99.999 -99.999 -99.999 -99.999 -99.999 -99.999 -99.999
46 V -99.999 -99.999 -99.999 -99.999 -99.999 -99.999 -99.999 -99.999 -99.999 -99.999 -99.999 -99.999 -99.999 -99.999 -99.999 -99.999 -99.999 -99.999 -99.999 8.644
47 G -99.999 -99.999 -99.999 -99.999 -99.999 -99.999 -99.999 8.644 -99.999 -99.999 -99.999 -99.999 -99.999 -99.999 -99.999 -99.999 -99.999 -99.999 -99.999 -99.999
48 G -99.999 -99.999 -99.999 -99.999 -99.999 -99.999 -99.999 6.644 -99.999 -99.999 -99.999 -99.999 -99.999 -99.999 -99.999 6.644 -99.999 -99.999 -99.999 -99.999
49 D -99.999 -99.999 -99.999 8.644 -99.999 -99.999 -99.999 -99.999 -99.999 -99.999 -99.999 -99.999 -99.999 -99.999 -99.999 -99.999 -99.999 -99.999 -99.999 -99.999
50 W -99.999 -99.999 -99.999 -99.999 -99.999 -99.999 -99.999 -99.999 -99.999 -99.999 -99.999 -99.999 -99.999 -99.999 -99.999 -99.999 -99.999 8.644 -99.999 -99.999
51 E -99.999 -99.999 -99.999 -99.999 -99.999 -99.999 6.644 -99.999 -99.999 -99.999 -99.999 -99.999 -99.999 -99.999 -99.999 6.644 -99.999 -99.999 -99.999 -99.999
52 G -99.999 -99.999 -99.999 -99.999 -99.999 -99.999 -99.999 8.644 -99.999 -99.999 -99.999 -99.999 -99.999 -99.999 -99.999 -99.999 -99.999 -99.999 -99.999 -99.999
53 Y -99.999 -99.999 -99.999 -99.999 -99.999 -99.999 -99.999 -99.999 -99.999 -99.999 -99.999 -99.999 -99.999 -99.999 -99.999 -99.999 -99.999 -99.999 8.644 -99.999
54 I -99.999 -99.999 -99.999 -99.999 -99.999 -99.999 -99.999 -99.999 -99.999 6.644 -99.999 -99.999 -99.999 -99.999 -99.999 -99.999 -99.999 -99.999 -99.999 6.644
55 Q -99.999 -99.999 -99.999 -99.999 -99.999 6.644 -99.999 -99.999 -99.999 -99.999 6.644 -99.999 -99.999 -99.999 -99.999 -99.999 -99.999 -99.999 -99.999 -99.999
56 L -99.999 -99.999 -99.999 -99.999 -99.999 -99.999 -99.999 -99.999 -99.999 -99.999 8.644 -99.999 -99.999 -99.999 -99.999 -99.999 -99.999 -99.999 -99.999 -99.999
57 A 6.644 -99.999 -99.999 -99.999 -99.999 -99.999 -99.999 -99.999 -99.999 -99.999 -99.999 -99.999 -99.999 -99.999 -99.999 -99.999 6.644 -99.999 -99.999 -99.999
58 Q -99.999 -99.999 -99.999 -99.999 -99.999 6.644 6.644 -99.999 -99.999 -99.999 -99.999 -99.999 -99.999 -99.999 -99.999 -99.999 -99.999 -99.999 -99.999 -99.999
59 R -99.999 8.644 -99.999 -99.999 -99.999 -99.999 -99.999 -99.999 -99.999 -99.999 -99.999 -99.999 -99.999 -99.999 -99.999 -99.999 -99.999 -99.999 -99.999 -99.999
60 I -99.999 -99.999 -99.999 -99.999 -99.999 -99.999 -99.999 -99.999 -99.999 6.644 6.644 -99.999 -99.999 -99.999 -99.999 -99.999 -99.999 -99.999 -99.999 -99.999
61 N -99.999 -99.999 6.644 6.644 -99.999 -99.999 -99.999 -99.999 -99.999 -99.999 -99.999 -99.999 -99.999 -99.999 -99.999 -99.999 -99.999 -99.999 -99.999 -99.999
62 G -99.999 -99.999 -99.999 -99.999 -99.999 -99.999 -99.999 8.644 -99.999 -99.999 -99.999 -99.999 -99.999 -99.999 -99.999 -99.999 -99.999 -99.999 -99.999 -99.999
63 E -99.999 -99.999 -99.999 -99.999 -99.999 -99.999 6.644 -99.999 -99.999 -99.999 -99.999 -99.999 6.644 -99.999 -99.999 -99.999 -99.999 -99.999 -99.999 -99.999
64 P -99.999 -99.999 -99.999 -99.999 -99.999 -99.999 -99.999 -99.999 -99.999 -99.999 -99.999 -99.999 -99.999 -99.999 8.644 -99.999 -99.999 -99.999 -99.999 -99.999
65 L -99.999 -99.999 -99.999 -99.999 -99.999 -99.999 -99.999 -99.999 -99.999 -99.999 6.644 -99.999 -99.999 -99.999 6.644 -99.999 -99.999 -99.999 -99.999 -99.999
66 A 6.644 -99.999 -99.999 -99.999 -99.999 -99.999 -99.999 -99.999 -99.999 -99.999 6.644 -99.999 -99.999 -99.999 -99.999 -99.999 -99.999 -99.999 -99.999 -99.999
67 N -99.999 -99.999 6.644 -99.999 -99.999 -99.999 6.644 -99.999 -99.999 -99.999 -99.999 -99.999 -99.999 -99.999 -99.999 -99.999 -99.999 -99.999 -99.999 -99.999
68 A 8.644 -99.999 -99.999 -99.999 -99.999 -99.999 -99.999 -99.999 -99.999 -99.999 -99.999 -99.999 -99.999 -99.999 -99.999 -99.999 -99.999 -99.999 -99.999 -99.999
69 A 6.644 -99.999 -99.999 -99.999 -99.999 -99.999 -99.999 -99.999 -99.999 -99.999 6.644 -99.999 -99.999 -99.999 -99.999 -99.999 -99.999 -99.999 -99.999 -99.999
70 R -99.999 6.644 -99.999 -99.999 -99.999 -99.999 -99.999 -99.999 -99.999 -99.999 -99.999 -99.999 -99.999 -99.999 -99.999 -99.999 -99.999 -99.999 -99.999 6.644
71 L -99.999 -99.999 -99.999 -99.999 -99.999 -99.999 -99.999 -99.999 -99.999 -99.999 6.644 -99.999 6.644 -99.999 -99.999 -99.999 -99.999 -99.999 -99.999 -99.999
72 G -99.999 -99.999 -99.999 -99.999 -99.999 -99.999 -99.999 6.644 -99.999 -99.999 -99.999 -99.999 6.644 -99.999 -99.999 -99.999 -99.999 -99.999 -99.999 -99.999
73 D -99.999 -99.999 -99.999 6.644 -99.999 -99.999 6.644 -99.999 -99.999 -99.999 -99.999 -99.999 -99.999 -99.999 -99.999 -99.999 -99.999 -99.999 -99.999 -99.999
74 P -99.999 -99.999 -99.999 -99.999 -99.999 -99.999 -99.999 -99.999 -99.999 -99.999 -99.999 -99.999 -99.999 -99.999 8.644 -99.999 -99.999 -99.999 -99.999 -99.999
75 L -99.999 -99.999 -99.999 -99.999 -99.999 -99.999 -99.999 -99.999 -99.999 -99.999 6.644 -99.999 6.644 -99.999 -99.999 -99.999 -99.999 -99.999 -99.999 -99.999
76 F -99.999 -99.999 -99.999 -99.999 -99.999 -99.999 -99.999 -99.999 -99.999 -99.999 -99.999 -99.999 -99.999 6.644 -99.999 -99.999 -99.999 -99.999 6.644 -99.999
77 F -99.999 -99.999 -99.999 -99.999 -99.999 -99.999 -99.999 -99.999 -99.999 -99.999 -99.999 -99.999 -99.999 6.644 -99.999 6.644 -99.999 -99.999 -99.999 -99.999
78 L -99.999 -99.999 -99.999 -99.999 -99.999 -99.999 -99.999 -99.999 -99.999 -99.999 6.644 -99.999 -99.999 -99.999 -99.999 -99.999 -99.999 -99.999 -99.999 6.644
79 I -99.999 -99.999 -99.999 -99.999 -99.999 -99.999 -99.999 -99.999 -99.999 6.644 6.644 -99.999 -99.999 -99.999 -99.999 -99.999 -99.999 -99.999 -99.999 -99.999
80 L -99.999 -99.999 -99.999 -99.999 -99.999 -99.999 -99.999 -99.999 -99.999 -99.999 6.644 -99.999 -99.999 -99.999 -99.999 -99.999 6.644 -99.999 -99.999 -99.999
81 W -99.999 -99.999 -99.999 -99.999 -99.999 -99.999 -99.999 -99.999 -99.999 -99.999 -99.999 -99.999 -99.999 -99.999 -99.999 -99.999 -99.999 8.644 -99.999 -99.999
82 A 6.644 -99.999 -99.999 -99.999 -99.999 -99.999 -99.999 -99.999 -99.999 -99.999 6.644 -99.999 -99.999 -99.999 -99.999 -99.999 -99.999 -99.999 -99.999 -99.999
83 S -99.999 -99.999 -99.999 -99.999 -99.999 -99.999 -99.999 -99.999 -99.999 -99.999 -99.999 -99.999 -99.999 -99.999 -99.999 8.644 -99.999 -99.999 -99.999 -99.999
84 A 6.644 -99.999 -99.999 -99.999 -99.999 -99.999 -99.999 -99.999 -99.999 -99.999 -99.999 -99.999 -99.999 -99.999 -99.999 -99.999 -99.999 -99.999 -99.999 6.644
85 Q -99.999 -99.999 -99.999 -99.999 -99.999 6.644 6.644 -99.999 -99.999 -99.999 -99.999 -99.999 -99.999 -99.999 -99.999 -99.999 -99.999 -99.999 -99.999 -99.999
86 A 6.644 -99.999 -99.999 -99.999 -99.999 -99.999 -99.999 -99.999 -99.999 -99.999 6.644 -99.999 -99.999 -99.999 -99.999 -99.999 -99.999 -99.999 -99.999 -99.999
87 G -99.999 -99.999 -99.999 -99.999 -99.999 -99.999 -99.999 8.644 -99.999 -99.999 -99.999 -99.999 -99.999 -99.999 -99.999 -99.999 -99.999 -99.999 -99.999 -99.999
88 F -99.999 -99.999 -99.999 -99.999 -99.999 -99.999 -99.999 -99.999 -99.999 -99.999 -99.999 -99.999 -99.999 6.644 -99.999 -99.999 -99.999 6.644 -99.999 -99.999
89 G -99.999 -99.999 -99.999 -99.999 -99.999 -99.999 -99.999 8.644 -99.999 -99.999 -99.999 -99.999 -99.999 -99.999 -99.999 -99.999 -99.999 -99.999 -99.999 -99.999
90 V -99.999 -99.999 -99.999 -99.999 -99.999 -99.999 -99.999 -99.999 -99.999 -99.999 -99.999 -99.999 -99.999 -99.999 -99.999 -99.999 -99.999 -99.999 -99.999 8.644
91 Y -99.999 -99.999 -99.999 -99.999 -99.999 -99.999 -99.999 -99.999 -99.999 -99.999 -99.999 -99.999 -99.999 -99.999 -99.999 -99.999 -99.999 -99.999 8.644 -99.999
92 G -99.999 -99.999 -99.999 -99.999 -99.999 -99.999 -99.999 8.644 -99.999 -99.999 -99.999 -99.999 -99.999 -99.999 -99.999 -99.999 -99.999 -99.999 -99.999 -99.999
93 A 6.644 -99.999 -99.999 -99.999 -99.999 -99.999 -99.999 -99.999 -99.999 -99.999 -99.999 -99.999 -99.999 -99.999 -99.999 -99.999 -99.999 -99.999 -99.999 6.644
94 N -99.999 -99.999 8.644 -99.999 -99.999 -99.999 -99.999 -99.999 -99.999 -99.999 -99.999 -99.999 -99.999 -99.999 -99.999 -99.999 -99.999 -99.999 -99.999 -99.999
95 L -99.999 -99.999 -99.999 -99.999 -99.999 -99.999 -99.999 -99.999 -99.999 -99.999 8.644 -99.999 -99.999 -99.999 -99.999 -99.999 -99.999 -99.999 -99.999 -99.999
96 L -99.999 -99.999 -99.999 -99.999 -99.999 -99.999 -99.999 -99.999 -99.999 -99.999 6.644 -99.999 -99.999 -99.999 -99.999 -99.999 -99.999 -99.999 -99.999 6.644
97 G -99.999 -99.999 -99.999 -99.999 -99.999 -99.999 -99.999 6.644 -99.999 -99.999 -99.999 -99.999 -99.999 -99.999 -99.999 -99.999 6.644 -99.999 -99.999 -99.999
98 A 6.644 -99.999 -99.999 -99.999 -99.999 -99.999 -99.999 -99.999 -99.999 -99.999 -99.999 -99.999 -99.999 -99.999 -99.999 -99.999 6.644 -99.999 -99.999 -99.999
99 A 8.644 -99.999 -99.999 -99.999 -99.999 -99.999 -99.999 -99.999 -99.999 -99.999 -99.999 -99.999 -99.999 -99.999 -99.999 -99.999 -99.999 -99.999 -99.999 -99.999
100 I -99.999 -99.999 -99.999 -99.999 -99.999 -99.999 -99.999 -99.999 -99.999 8.644 -99.999 -99.999 -99.999 -99.999 -99.999 -99.999 -99.999 -99.999 -99.999 -99.999
101 F -99.999 -99.999 -99.999 -99.999 -99.999 -99.999 -99.999 -99.999 -99.999 -99.999 -99.999 -99.999 -99.999 8.644 -99.999 -99.999 -99.999 -99.999 -99.999 -99.999
102 L -99.999 -99.999 -99.999 -99.999 -99.999 -99.999 -99.999 -99.999 -99.999 -99.999 6.644 -99.999 -99.999 6.644 -99.999 -99.999 -99.999 -99.999 -99.999 -99.999
103 F -99.999 -99.999 -99.999 -99.999 -99.999 -99.999 -99.999 -99.999 -99.999 -99.999 -99.999 -99.999 -99.999 6.644 -99.999 -99.999 -99.999 -99.999 6.644 -99.999
104 G -99.999 -99.999 -99.999 -99.999 -99.999 -99.999 -99.999 8.644 -99.999 -99.999 -99.999 -99.999 -99.999 -99.999 -99.999 -99.999 -99.999 -99.999 -99.999 -99.999
105 L -99.999 -99.999 -99.999 -99.999 -99.999 -99.999 -99.999 -99.999 -99.999 -99.999 6.644 -99.999 -99.999 -99.999 -99.999 -99.999 -99.999 -99.999 -99.999 6.644
106 F -99.999 -99.999 -99.999 -99.999 -99.999 -99.999 -99.999 -99.999 -99.999 -99.999 -99.999 -99.999 -99.999 8.644 -99.999 -99.999 -99.999 -99.999 -99.999 -99.999
107 C -99.999 -99.999 -99.999 -99.999 6.644 -99.999 -99.999 -99.999 -99.999 -99.999 -99.999 -99.999 -99.999 -99.999 -99.999 6.644 -99.999 -99.999 -99.999 -99.999
108 Y -99.999 -99.999 -99.999 -99.999 -99.999 -99.999 -99.999 -99.999 -99.999 -99.999 -99.999 -99.999 -99.999 -99.999 -99.999 -99.999 -99.999 -99.999 8.644 -99.999
109 C -99.999 -99.999 -99.999 -99.999 8.644 -99.999 -99.999 -99.999 -99.999 -99.999 -99.999 -99.999 -99.999 -99.999 -99.999 -99.999 -99.999 -99.999 -99.999 -99.999
110 A 6.644 6.644 -99.999 -99.999 -99.999 -99.999 -99.999 -99.999 -99.999 -99.999 -99.999 -99.999 -99.999 -99.999 -99.999 -99.999 -99.999 -99.999 -99.999 -99.999
111 R -99.999 6.644 -99.999 -99.999 -99.999 -99.999 -99.999 -99.999 -99.999 -99.999 -99.999 6.644 -99.999 -99.999 -99.999 -99.999 -99.999 -99.999 -99.999 -99.999
112 Q -99.999 -99.999 -99.999 -99.999 -99.999 6.644 -99.999 -99.999 -99.999 -99.999 -99.999 -99.999 6.644 -99.999 -99.999 -99.999 -99.999 -99.999 -99.999 -99.999
113 P -99.999 -99.999 -99.999 -99.999 -99.999 -99.999 -99.999 -99.999 -99.999 -99.999 -99.999 -99.999 -99.999 -99.999 8.644 -99.999 -99.999 -99.999 -99.999 -99.999
114 N -99.999 -99.999 6.644 -99.999 -99.999 -99.999 -99.999 -99.999 -99.999 -99.999 -99.999 -99.999 -99.999 -99.999 -99.999 6.644 -99.999 -99.999 -99.999 -99.999
115 R -99.999 6.644 -99.999 -99.999 -99.999 -99.999 -99.999 -99.999 -99.999 -99.999 -99.999 -99.999 -99.999 -99.999 6.644 -99.999 -99.999 -99.999 -99.999 -99.999
116 W -99.999 -99.999 -99.999 -99.999 -99.999 -99.999 -99.999 -99.999 -99.999 -99.999 -99.999 -99.999 -99.999 -99.999 -99.999 -99.999 -99.999 8.644 -99.999 -99.999
117 L -99.999 -99.999 -99.999 -99.999 -99.999 -99.999 -99.999 -99.999 -99.999 -99.999 8.644 -99.999 -99.999 -99.999 -99.999 -99.999 -99.999 -99.999 -99.999 -99.999
118 A 8.644 -99.999 -99.999 -99.999 -99.999 -99.999 -99.999 -99.999 -99.999 -99.999 -99.999 -99.999 -99.999 -99.999 -99.999 -99.999 -99.999 -99.999 -99.999 -99.999
119 L -99.999 -99.999 -99.999 -99.999 -99.999 -99.999 -99.999 -99.999 -99.999 -99.999 8.644 -99.999 -99.999 -99.999 -99.999 -99.999 -99.999 -99.999 -99.999 -99.999
120 A 6.644 -99.999 -99.999 -99.999 -99.999 -99.999 -99.999 -99.999 -99.999 -99.999 -99.999 -99.999 -99.999 -99.999 -99.999 -99.999 -99.999 -99.999 6.644 -99.999
121 A 6.644 -99.999 -99.999 -99.999 -99.999 -99.999 -99.999 -99.999 -99.999 -99.999 -99.999 -99.999 -99.999 -99.999 -99.999 6.644 -99.999 -99.999 -99.999 -99.999
122 A 8.644 -99.999 -99.999 -99.999 -99.999 -99.999 -99.999 -99.999 -99.999 -99.999 -99.999 -99.999 -99.999 -99.999 -99.999 -99.999 -99.999 -99.999 -99.999 -99.999
123 L -99.999 -99.999 -99.999 -99.999 -99.999 -99.999 -99.999 -99.999 -99.999 -99.999 6.644 -99.999 6.644 -99.999 -99.999 -99.999 -99.999 -99.999 -99.999 -99.999
124 P -99.999 -99.999 -99.999 -99.999 -99.999 -99.999 -99.999 -99.999 -99.999 -99.999 -99.999 -99.999 -99.999 -99.999 8.644 -99.999 -99.999 -99.999 -99.999 -99.999
125 F -99.999 -99.999 -99.999 -99.999 -99.999 -99.999 -99.999 -99.999 -99.999 -99.999 -99.999 -99.999 -99.999 8.644 -99.999 -99.999 -99.999 -99.999 -99.999 -99.999
126 L -99.999 -99.999 -99.999 -99.999 -99.999 -99.999 -99.999 -99.999 -99.999 -99.999 8.644 -99.999 -99.999 -99.999 -99.999 -99.999 -99.999 -99.999 -99.999 -99.999
127 V -99.999 -99.999 -99.999 -99.999 -99.999 -99.999 -99.999 -99.999 -99.999 -99.999 -99.999 -99.999 -99.999 -99.999 -99.999 -99.999 -99.999 -99.999 -99.999 8.644
128 I -99.999 -99.999 -99.999 -99.999 -99.999 -99.999 -99.999 -99.999 -99.999 8.644 -99.999 -99.999 -99.999 -99.999 -99.999 -99.999 -99.999 -99.999 -99.999 -99.999
129 V -99.999 -99.999 -99.999 -99.999 -99.999 -99.999 -99.999 -99.999 -99.999 -99.999 -99.999 -99.999 -99.999 -99.999 -99.999 -99.999 -99.999 -99.999 -99.999 8.644
130 A 6.644 -99.999 -99.999 -99.999 -99.999 -99.999 -99.999 -99.999 -99.999 -99.999 -99.999 -99.999 -99.999 -99.999 -99.999 -99.999 -99.999 -99.999 -99.999 6.644
131 G -99.999 -99.999 -99.999 -99.999 -99.999 -99.999 -99.999 6.644 -99.999 -99.999 -99.999 -99.999 -99.999 -99.999 -99.999 -99.999 -99.999 -99.999 -99.999 6.644
132 M -99.999 -99.999 -99.999 -99.999 -99.999 -99.999 -99.999 -99.999 -99.999 -99.999 -99.999 -99.999 8.644 -99.999 -99.999 -99.999 -99.999 -99.999 -99.999 -99.999
133 S -99.999 -99.999 -99.999 -99.999 -99.999 -99.999 -99.999 -99.999 -99.999 -99.999 -99.999 -99.999 -99.999 -99.999 -99.999 8.644 -99.999 -99.999 -99.999 -99.999
134 A 8.644 -99.999 -99.999 -99.999 -99.999 -99.999 -99.999 -99.999 -99.999 -99.999 -99.999 -99.999 -99.999 -99.999 -99.999 -99.999 -99.999 -99.999 -99.999 -99.999
135 N -99.999 -99.999 8.644 -99.999 -99.999 -99.999 -99.999 -99.999 -99.999 -99.999 -99.999 -99.999 -99.999 -99.999 -99.999 -99.999 -99.999 -99.999 -99.999 -99.999
136 R -99.999 8.644 -99.999 -99.999 -99.999 -99.999 -99.999 -99.999 -99.999 -99.999 -99.999 -99.999 -99.999 -99.999 -99.999 -99.999 -99.999 -99.999 -99.999 -99.999
137 Q -99.999 -99.999 -99.999 -99.999 -99.999 8.644 -99.999 -99.999 -99.999 -99.999 -99.999 -99.999 -99.999 -99.999 -99.999 -99.999 -99.999 -99.999 -99.999 -99.999
138 A 6.644 -99.999 -99.999 -99.999 -99.999 -99.999 -99.999 6.644 -99.999 -99.999 -99.999 -99.999 -99.999 -99.999 -99.999 -99.999 -99.999 -99.999 -99.999 -99.999
139 A 6.644 -99.999 -99.999 -99.999 -99.999 -99.999 -99.999 -99.999 -99.999 6.644 -99.999 -99.999 -99.999 -99.999 -99.999 -99.999 -99.999 -99.999 -99.999 -99.999
140 A 8.644 -99.999 -99.999 -99.999 -99.999 -99.999 -99.999 -99.999 -99.999 -99.999 -99.999 -99.999 -99.999 -99.999 -99.999 -99.999 -99.999 -99.999 -99.999 -99.999
141 I -99.999 -99.999 -99.999 -99.999 -99.999 -99.999 -99.999 -99.999 -99.999 6.644 -99.999 -99.999 -99.999 -99.999 -99.999 -99.999 -99.999 -99.999 -99.999 6.644
142 G -99.999 -99.999 -99.999 -99.999 -99.999 -99.999 -99.999 8.644 -99.999 -99.999 -99.999 -99.999 -99.999 -99.999 -99.999 -99.999 -99.999 -99.999 -99.999 -99.999
143 I -99.999 -99.999 -99.999 -99.999 -99.999 -99.999 -99.999 -99.999 -99.999 6.644 -99.999 -99.999 -99.999 -99.999 -99.999 -99.999 -99.999 -99.999 -99.999 6.644
144 T -99.999 -99.999 -99.999 -99.999 -99.999 -99.999 -99.999 -99.999 -99.999 -99.999 -99.999 -99.999 -99.999 -99.999 -99.999 -99.999 6.644 -99.999 -99.999 6.644
145 L -99.999 -99.999 -99.999 -99.999 -99.999 -99.999 -99.999 -99.999 -99.999 -99.999 6.644 -99.999 6.644 -99.999 -99.999 -99.999 -99.999 -99.999 -99.999 -99.999
146 Y -99.999 -99.999 -99.999 -99.999 -99.999 -99.999 -99.999 -99.999 -99.999 -99.999 -99.999 -99.999 -99.999 -99.999 -99.999 -99.999 -99.999 -99.999 8.644 -99.999
147 A 6.644 -99.999 -99.999 -99.999 -99.999 -99.999 -99.999 -99.999 -99.999 -99.999 6.644 -99.999 -99.999 -99.999 -99.999 -99.999 -99.999 -99.999 -99.999 -99.999
148 L -99.999 -99.999 -99.999 -99.999 -99.999 -99.999 -99.999 -99.999 -99.999 -99.999 6.644 -99.999 6.644 -99.999 -99.999 -99.999 -99.999 -99.999 -99.999 -99.999
149 A 6.644 -99.999 -99.999 -99.999 -99.999 -99.999 -99.999 -99.999 -99.999 -99.999 -99.999 -99.999 -99.999 -99.999 -99.999 6.644 -99.999 -99.999 -99.999 -99.999
150 Q -99.999 -99.999 -99.999 -99.999 -99.999 6.644 -99.999 -99.999 -99.999 -99.999 -99.999 -99.999 -99.999 -99.999 -99.999 -99.999 6.644 -99.999 -99.999 -99.999
151 W -99.999 -99.999 -99.999 -99.999 -99.999 -99.999 -99.999 -99.999 -99.999 -99.999 -99.999 -99.999 -99.999 -99.999 -99.999 -99.999 -99.999 8.644 -99.999 -99.999
152 E -99.999 -99.999 -99.999 -99.999 -99.999 -99.999 8.644 -99.999 -99.999 -99.999 -99.999 -99.999 -99.999 -99.999 -99.999 -99.999 -99.999 -99.999 -99.999 -99.999
153 R -99.999 6.644 -99.999 -99.999 -99.999 -99.999 -99.999 -99.999 -99.999 -99.999 -99.999 6.644 -99.999 -99.999 -99.999 -99.999 -99.999 -99.999 -99.999 -99.999
154 L -99.999 -99.999 -99.999 -99.999 -99.999 -99.999 -99.999 -99.999 -99.999 -99.999 6.644 -99.999 -99.999 -99.999 -99.999 6.644 -99.999 -99.999 -99.999 -99.999
155 G -99.999 -99.999 -99.999 -99.999 -99.999 -99.999 -99.999 6.644 -99.999 -99.999 -99.999 -99.999 -99.999 -99.999 -99.999 6.644 -99.999 -99.999 -99.999 -99.999
156 I -99.999 -99.999 -99.999 -99.999 -99.999 -99.999 -99.999 -99.999 -99.999 6.644 -99.999 -99.999 -99.999 -99.999 -99.999 -99.999 6.644 -99.999 -99.999 -99.999
157 A 6.644 -99.999 -99.999 -99.999 -99.999 -99.999 -99.999 -99.999 -99.999 -99.999 -99.999 -99.999 -99.999 -99.999 6.644 -99.999 -99.999 -99.999 -99.999 -99.999
158 R -99.999 6.644 -99.999 -99.999 -99.999 -99.999 -99.999 -99.999 -99.999 -99.999 -99.999 -99.999 -99.999 -99.999 -99.999 -99.999 -99.999 -99.999 -99.999 6.644
159 R -99.999 8.644 -99.999 -99.999 -99.999 -99.999 -99.999 -99.999 -99.999 -99.999 -99.999 -99.999 -99.999 -99.999 -99.999 -99.999 -99.999 -99.999 -99.999 -99.999
160 A 6.644 -99.999 -99.999 -99.999 -99.999 -99.999 -99.999 -99.999 -99.999 -99.999 6.644 -99.999 -99.999 -99.999 -99.999 -99.999 -99.999 -99.999 -99.999 -99.999
161 A 8.644 -99.999 -99.999 -99.999 -99.999 -99.999 -99.999 -99.999 -99.999 -99.999 -99.999 -99.999 -99.999 -99.999 -99.999 -99.999 -99.999 -99.999 -99.999 -99.999
162 I -99.999 -99.999 -99.999 -99.999 -99.999 -99.999 -99.999 -99.999 -99.999 6.644 -99.999 -99.999 -99.999 -99.999 -99.999 -99.999 -99.999 6.644 -99.999 -99.999
163 I -99.999 -99.999 -99.999 -99.999 -99.999 -99.999 -99.999 -99.999 -99.999 8.644 -99.999 -99.999 -99.999 -99.999 -99.999 -99.999 -99.999 -99.999 -99.999 -99.999
164 A 6.644 -99.999 -99.999 -99.999 -99.999 -99.999 -99.999 -99.999 -99.999 -99.999 6.644 -99.999 -99.999 -99.999 -99.999 -99.999 -99.999 -99.999 -99.999 -99.999
165 L -99.999 -99.999 -99.999 -99.999 -99.999 -99.999 -99.999 -99.999 -99.999 -99.999 6.644 -99.999 -99.999 -99.999 -99.999 -99.999 -99.999 -99.999 -99.999 6.644
166 A 8.644 -99.999 -99.999 -99.999 -99.999 -99.999 -99.999 -99.999 -99.999 -99.999 -99.999 -99.999 -99.999 -99.999 -99.999 -99.999 -99.999 -99.999 -99.999 -99.999
167 A 8.644 -99.999 -99.999 -99.999 -99.999 -99.999 -99.999 -99.999 -99.999 -99.999 -99.999 -99.999 -99.999 -99.999 -99.999 -99.999 -99.999 -99.999 -99.999 -99.999
168 L -99.999 -99.999 -99.999 -99.999 -99.999 -99.999 -99.999 -99.999 -99.999 -99.999 6.644 -99.999 -99.999 -99.999 -99.999 6.644 -99.999 -99.999 -99.999 -99.999
169 L -99.999 -99.999 -99.999 -99.999 -99.999 -99.999 -99.999 -99.999 -99.999 -99.999 6.644 -99.999 -99.999 6.644 -99.999 -99.999 -99.999 -99.999 -99.999 -99.999
170 H -99.999 -99.999 -99.999 -99.999 -99.999 -99.999 -99.999 -99.999 8.644 -99.999 -99.999 -99.999 -99.999 -99.999 -99.999 -99.999 -99.999 -99.999 -99.999 -99.999
171 S -99.999 -99.999 -99.999 -99.999 -99.999 -99.999 -99.999 -99.999 -99.999 -99.999 -99.999 -99.999 -99.999 -99.999 -99.999 6.644 -99.999 -99.999 -99.999 6.644
172 S -99.999 -99.999 -99.999 -99.999 -99.999 -99.999 -99.999 -99.999 -99.999 -99.999 -99.999 -99.999 -99.999 -99.999 -99.999 8.644 -99.999 -99.999 -99.999 -99.999
173 A 8.644 -99.999 -99.999 -99.999 -99.999 -99.999 -99.999 -99.999 -99.999 -99.999 -99.999 -99.999 -99.999 -99.999 -99.999 -99.999 -99.999 -99.999 -99.999 -99.999
174 A 6.644 -99.999 -99.999 -99.999 -99.999 -99.999 -99.999 -99.999 -99.999 -99.999 6.644 -99.999 -99.999 -99.999 -99.999 -99.999 -99.999 -99.999 -99.999 -99.999
175 I -99.999 -99.999 -99.999 -99.999 -99.999 -99.999 -99.999 -99.999 -99.999 6.644 6.644 -99.999 -99.999 -99.999 -99.999 -99.999 -99.999 -99.999 -99.999 -99.999
176 L -99.999 -99.999 -99.999 -99.999 -99.999 -99.999 -99.999 -99.999 -99.999 -99.999 6.644 -99.999 -99.999 6.644 -99.999 -99.999 -99.999 -99.999 -99.999 -99.999
177 L -99.999 -99.999 -99.999 -99.999 -99.999 -99.999 -99.999 -99.999 -99.999 -99.999 8.644 -99.999 -99.999 -99.999 -99.999 -99.999 -99.999 -99.999 -99.999 -99.999
178 L -99.999 -99.999 -99.999 -99.999 -99.999 -99.999 -99.999 -99.999 -99.999 -99.999 6.644 -99.999 -99.999 -99.999 -99.999 -99.999 -99.999 -99.999 -99.999 6.644
179 L -99.999 -99.999 -99.999 -99.999 -99.999 -99.999 -99.999 -99.999 -99.999 -99.999 8.644 -99.999 -99.999 -99.999 -99.999 -99.999 -99.999 -99.999 -99.999 -99.999
180 A 6.644 -99.999 -99.999 -99.999 -99.999 -99.999 -99.999 -99.999 -99.999 -99.999 -99.999 -99.999 -99.999 6.644 -99.999 -99.999 -99.999 -99.999 -99.999 -99.999
181 V -99.999 -99.999 -99.999 -99.999 -99.999 -99.999 -99.999 -99.999 -99.999 -99.999 -99.999 -99.999 -99.999 -99.999 -99.999 -99.999 -99.999 -99.999 -99.999 8.644
182 A 6.644 -99.999 -99.999 -99.999 -99.999 -99.999 -99.999 -99.999 -99.999 -99.999 6.644 -99.999 -99.999 -99.999 -99.999 -99.999 -99.999 -99.999 -99.999 -99.999
183 D -99.999 -99.999 -99.999 6.644 -99.999 -99.999 6.644 -99.999 -99.999 -99.999 -99.999 -99.999 -99.999 -99.999 -99.999 -99.999 -99.999 -99.999 -99.999 -99.999
184 A 6.644 -99.999 -99.999 -99.999 -99.999 -99.999 -99.999 -99.999 -99.999 6.644 -99.999 -99.999 -99.999 -99.999 -99.999 -99.999 -99.999 -99.999 -99.999 -99.999
185 R -99.999 6.644 -99.999 -99.999 -99.999 -99.999 -99.999 -99.999 -99.999 -99.999 -99.999 6.644 -99.999 -99.999 -99.999 -99.999 -99.999 -99.999 -99.999 -99.999
186 M -99.999 -99.999 -99.999 -99.999 -99.999 -99.999 -99.999 -99.999 -99.999 -99.999 -99.999 -99.999 6.644 -99.999 -99.999 -99.999 -99.999 -99.999 -99.999 6.644
187 S -99.999 -99.999 -99.999 -99.999 -99.999 -99.999 -99.999 -99.999 -99.999 -99.999 -99.999 -99.999 -99.999 -99.999 -99.999 8.644 -99.999 -99.999 -99.999 -99.999
188 R -99.999 8.644 -99.999 -99.999 -99.999 -99.999 -99.999 -99.999 -99.999 -99.999 -99.999 -99.999 -99.999 -99.999 -99.999 -99.999 -99.999 -99.999 -99.999 -99.999
189 A 6.644 -99.999 -99.999 -99.999 -99.999 -99.999 -99.999 -99.999 -99.999 -99.999 6.644 -99.999 -99.999 -99.999 -99.999 -99.999 -99.999 -99.999 -99.999 -99.999
190 R -99.999 6.644 -99.999 -99.999 -99.999 -99.999 -99.999 -99.999 -99.999 -99.999 -99.999 6.644 -99.999 -99.999 -99.999 -99.999 -99.999 -99.999 -99.999 -99.999
191 K -99.999 -99.999 -99.999 -99.999 -99.999 -99.999 -99.999 -99.999 -99.999 -99.999 -99.999 8.644 -99.999 -99.999 -99.999 -99.999 -99.999 -99.999 -99.999 -99.999
192 I -99.999 -99.999 -99.999 -99.999 -99.999 -99.999 -99.999 -99.999 -99.999 6.644 -99.999 -99.999 -99.999 -99.999 -99.999 -99.999 -99.999 -99.999 -99.999 6.644
193 I -99.999 -99.999 -99.999 -99.999 -99.999 -99.999 -99.999 -99.999 -99.999 6.644 -99.999 -99.999 -99.999 6.644 -99.999 -99.999 -99.999 -99.999 -99.999 -99.999
194 A 6.644 -99.999 -99.999 -99.999 -99.999 -99.999 -99.999 -99.999 -99.999 -99.999 6.644 -99.999 -99.999 -99.999 -99.999 -99.999 -99.999 -99.999 -99.999 -99.999
195 G -99.999 -99.999 -99.999 -99.999 -99.999 -99.999 -99.999 8.644 -99.999 -99.999 -99.999 -99.999 -99.999 -99.999 -99.999 -99.999 -99.999 -99.999 -99.999 -99.999
196 I -99.999 -99.999 -99.999 -99.999 -99.999 -99.999 -99.999 -99.999 -99.999 6.644 6.644 -99.999 -99.999 -99.999 -99.999 -99.999 -99.999 -99.999 -99.999 -99.999
197 A 6.644 -99.999 -99.999 -99.999 -99.999 -99.999 -99.999 -99.999 -99.999 -99.999 -99.999 -99.999 -99.999 -99.999 -99.999 -99.999 6.644 -99.999 -99.999 -99.999
198 A 6.644 -99.999 -99.999 -99.999 -99.999 -99.999 -99.999 -99.999 -99.999 -99.999 -99.999 -99.999 -99.999 6.644 -99.999 -99.999 -99.999 -99.999 -99.999 -99.999
199 L -99.999 -99.999 -99.999 -99.999 -99.999 -99.999 -99.999 -99.999 -99.999 -99.999 6.644 -99.999 -99.999 6.644 -99.999 -99.999 -99.999 -99.999 -99.999 -99.999
200 G -99.999 -99.999 -99.999 -99.999 -99.999 -99.999 -99.999 8.644 -99.999 -99.999 -99.999 -99.999 -99.999 -99.999 -99.999 -99.999 -99.999 -99.999 -99.999 -99.999
201 V -99.999 -99.999 -99.999 -99.999 -99.999 -99.999 -99.999 -99.999 -99.999 -99.999 -99.999 -99.999 -99.999 -99.999 -99.999 -99.999 -99.999 -99.999 -99.999 8.644
202 A 6.644 -99.999 -99.999 -99.999 -99.999 -99.999 -99.999 -99.999 -99.999 -99.999 6.644 -99.999 -99.999 -99.999 -99.999 -99.999 -99.999 -99.999 -99.999 -99.999
203 G -99.999 -99.999 -99.999 -99.999 -99.999 -99.999 -99.999 6.644 -99.999 -99.999 -99.999 -99.999 -99.999 -99.999 -99.999 6.644 -99.999 -99.999 -99.999 -99.999
204 L -99.999 -99.999 -99.999 -99.999 -99.999 -99.999 -99.999 -99.999 -99.999 -99.999 6.644 -99.999 -99.999 -99.999 -99.999 -99.999 -99.999 -99.999 6.644 -99.999
205 W -99.999 -99.999 -99.999 -99.999 -99.999 -99.999 -99.999 -99.999 -99.999 -99.999 -99.999 -99.999 -99.999 -99.999 -99.999 -99.999 -99.999 6.644 6.644 -99.999
206 L -99.999 -99.999 -99.999 -99.999 -99.999 -99.999 -99.999 -99.999 -99.999 -99.999 8.644 -99.999 -99.999 -99.999 -99.999 -99.999 -99.999 -99.999 -99.999 -99.999
207 L -99.999 -99.999 -99.999 -99.999 -99.999 -99.999 -99.999 -99.999 -99.999 -99.999 6.644 -99.999 -99.999 -99.999 -99.999 -99.999 -99.999 -99.999 -99.999 6.644
208 S -99.999 -99.999 -99.999 -99.999 -99.999 -99.999 -99.999 -99.999 -99.999 -99.999 -99.999 -99.999 -99.999 -99.999 -99.999 8.644 -99.999 -99.999 -99.999 -99.999
209 E -99.999 -99.999 -99.999 -99.999 -99.999 -99.999 6.644 -99.999 -99.999 -99.999 -99.999 6.644 -99.999 -99.999 -99.999 -99.999 -99.999 -99.999 -99.999 -99.999
210 S -99.999 -99.999 -99.999 -99.999 -99.999 -99.999 -99.999 -99.999 -99.999 -99.999 -99.999 -99.999 -99.999 -99.999 -99.999 8.644 -99.999 -99.999 -99.999 -99.999
211 Q -99.999 -99.999 -99.999 -99.999 -99.999 6.644 6.644 -99.999 -99.999 -99.999 -99.999 -99.999 -99.999 -99.999 -99.999 -99.999 -99.999 -99.999 -99.999 -99.999
212 G -99.999 -99.999 -99.999 -99.999 -99.999 -99.999 -99.999 8.644 -99.999 -99.999 -99.999 -99.999 -99.999 -99.999 -99.999 -99.999 -99.999 -99.999 -99.999 -99.999
213 A 6.644 -99.999 -99.999 -99.999 -99.999 -99.999 -99.999 -99.999 -99.999 -99.999 -99.999 -99.999 -99.999 -99.999 -99.999 6.644 -99.999 -99.999 -99.999 -99.999
214 F -99.999 -99.999 -99.999 -99.999 -99.999 -99.999 -99.999 -99.999 -99.999 -99.999 -99.999 -99.999 -99.999 6.644 -99.999 -99.999 -99.999 6.644 -99.999 -99.999
215 A 6.644 -99.999 -99.999 -99.999 -99.999 -99.999 -99.999 -99.999 -99.999 -99.999 -99.999 -99.999 -99.999 -99.999 -99.999 6.644 -99.999 -99.999 -99.999 -99.999
216 R -99.999 8.644 -99.999 -99.999 -99.999 -99.999 -99.999 -99.999 -99.999 -99.999 -99.999 -99.999 -99.999 -99.999 -99.999 -99.999 -99.999 -99.999 -99.999 -99.999
217 Y -99.999 -99.999 -99.999 -99.999 -99.999 -99.999 -99.999 -99.999 -99.999 -99.999 -99.999 -99.999 -99.999 -99.999 -99.999 -99.999 -99.999 -99.999 8.644 -99.999
218 A 6.644 -99.999 -99.999 -99.999 -99.999 -99.999 -99.999 -99.999 -99.999 -99.999 -99.999 -99.999 -99.999 -99.999 -99.999 -99.999 6.644 -99.999 -99.999 -99.999
219 T -99.999 -99.999 -99.999 -99.999 -99.999 -99.999 -99.999 -99.999 -99.999 -99.999 -99.999 -99.999 -99.999 -99.999 -99.999 -99.999 6.644 -99.999 -99.999 6.644
220 T -99.999 -99.999 -99.999 -99.999 -99.999 -99.999 -99.999 -99.999 -99.999 -99.999 -99.999 -99.999 -99.999 -99.999 -99.999 -99.999 6.644 -99.999 -99.999 6.644
221 Y -99.999 -99.999 -99.999 -99.999 -99.999 -99.999 -99.999 -99.999 -99.999 -99.999 -99.999 -99.999 -99.999 -99.999 -99.999 -99.999 -99.999 -99.999 8.644 -99.999
222 I -99.999 -99.999 -99.999 -99.999 -99.999 -99.999 -99.999 -99.999 -99.999 6.644 -99.999 -99.999 -99.999 -99.999 -99.999 -99.999 -99.999 -99.999 -99.999 6.644
223 E -99.999 -99.999 -99.999 -99.999 -99.999 -99.999 6.644 6.644 -99.999 -99.999 -99.999 -99.999 -99.999 -99.999 -99.999 -99.999 -99.999 -99.999 -99.999 -99.999
224 D -99.999 -99.999 -99.999 6.644 -99.999 6.644 -99.999 -99.999 -99.999 -99.999 -99.999 -99.999 -99.999 -99.999 -99.999 -99.999 -99.999 -99.999 -99.999 -99.999
225 S -99.999 -99.999 -99.999 -99.999 -99.999 -99.999 -99.999 -99.999 -99.999 -99.999 -99.999 -99.999 -99.999 -99.999 -99.999 6.644 6.644 -99.999 -99.999 -99.999
226 Q -99.999 -99.999 -99.999 -99.999 -99.999 6.644 6.644 -99.999 -99.999 -99.999 -99.999 -99.999 -99.999 -99.999 -99.999 -99.999 -99.999 -99.999 -99.999 -99.999
227 G -99.999 -99.999 -99.999 -99.999 -99.999 -99.999 -99.999 6.644 -99.999 6.644 -99.999 -99.999 -99.999 -99.999 -99.999 -99.999 -99.999 -99.999 -99.999 -99.999
228 A 6.644 -99.999 6.644 -99.999 -99.999 -99.999 -99.999 -99.999 -99.999 -99.999 -99.999 -99.999 -99.999 -99.999 -99.999 -99.999 -99.999 -99.999 -99.999 -99.999
229 H -99.999 -99.999 -99.999 -99.999 -99.999 -99.999 -99.999 -99.999 6.644 -99.999 -99.999 -99.999 -99.999 -99.999 -99.999 -99.999 -99.999 -99.999 6.644 -99.999
230 A 6.644 -99.999 -99.999 -99.999 -99.999 -99.999 -99.999 -99.999 -99.999 -99.999 -99.999 -99.999 -99.999 -99.999 -99.999 6.644 -99.999 -99.999 -99.999 -99.999
231 A 6.644 -99.999 -99.999 -99.999 -99.999 -99.999 -99.999 -99.999 -99.999 -99.999 -99.999 -99.999 -99.999 -99.999 6.644 -99.999 -99.999 -99.999 -99.999 -99.999
232 G -99.999 -99.999 -99.999 -99.999 -99.999 -99.999 -99.999 8.644 -99.999 -99.999 -99.999 -99.999 -99.999 -99.999 -99.999 -99.999 -99.999 -99.999 -99.999 -99.999
233 A 8.644 -99.999 -99.999 -99.999 -99.999 -99.999 -99.999 -99.999 -99.999 -99.999 -99.999 -99.999 -99.999 -99.999 -99.999 -99.999 -99.999 -99.999 -99.999 -99.999
234 T -99.999 -99.999 -99.999 -99.999 -99.999 -99.999 -99.999 -99.999 -99.999 -99.999 -99.999 -99.999 -99.999 -99.999 -99.999 -99.999 6.644 -99.999 -99.999 6.644
235 Q -99.999 -99.999 -99.999 -99.999 -99.999 6.644 -99.999 -99.999 -99.999 -99.999 -99.999 -99.999 -99.999 6.644 -99.999 -99.999 -99.999 -99.999 -99.999 -99.999
236 H -99.999 -99.999 -99.999 -99.999 -99.999 -99.999 -99.999 -99.999 8.644 -99.999 -99.999 -99.999 -99.999 -99.999 -99.999 -99.999 -99.999 -99.999 -99.999 -99.999
237 I -99.999 -99.999 -99.999 -99.999 -99.999 -99.999 -99.999 -99.999 -99.999 6.644 6.644 -99.999 -99.999 -99.999 -99.999 -99.999 -99.999 -99.999 -99.999 -99.999
238 L -99.999 -99.999 -99.999 -99.999 -99.999 -99.999 -99.999 -99.999 -99.999 -99.999 8.644 -99.999 -99.999 -99.999 -99.999 -99.999 -99.999 -99.999 -99.999 -99.999
239 L -99.999 -99.999 -99.999 -99.999 -99.999 -99.999 -99.999 -99.999 -99.999 -99.999 8.644 -99.999 -99.999 -99.999 -99.999 -99.999 -99.999 -99.999 -99.999 -99.999
240 N -99.999 -99.999 8.644 -99.999 -99.999 -99.999 -99.999 -99.999 -99.999 -99.999 -99.999 -99.999 -99.999 -99.999 -99.999 -99.999 -99.999 -99.999 -99.999 -99.999
241 A 6.644 -99.999 -99.999 -99.999 -99.999 -99.999 -99.999 -99.999 -99.999 -99.999 6.644 -99.999 -99.999 -99.999 -99.999 -99.999 -99.999 -99.999 -99.999 -99.999
242 I -99.999 -99.999 -99.999 -99.999 -99.999 -99.999 -99.999 -99.999 -99.999 6.644 -99.999 -99.999 -99.999 -99.999 -99.999 -99.999 -99.999 -99.999 -99.999 6.644
243 P -99.999 -99.999 -99.999 -99.999 -99.999 -99.999 -99.999 -99.999 -99.999 -99.999 -99.999 -99.999 -99.999 -99.999 8.644 -99.999 -99.999 -99.999 -99.999 -99.999
244 A 8.644 -99.999 -99.999 -99.999 -99.999 -99.999 -99.999 -99.999 -99.999 -99.999 -99.999 -99.999 -99.999 -99.999 -99.999 -99.999 -99.999 -99.999 -99.999 -99.999
245 G -99.999 -99.999 -99.999 -99.999 -99.999 -99.999 -99.999 6.644 -99.999 -99.999 6.644 -99.999 -99.999 -99.999 -99.999 -99.999 -99.999 -99.999 -99.999 -99.999
246 I -99.999 -99.999 -99.999 -99.999 -99.999 -99.999 -99.999 -99.999 -99.999 6.644 -99.999 -99.999 -99.999 -99.999 -99.999 -99.999 -99.999 -99.999 -99.999 6.644
247 L -99.999 -99.999 -99.999 -99.999 -99.999 -99.999 -99.999 -99.999 -99.999 -99.999 6.644 -99.999 6.644 -99.999 -99.999 -99.999 -99.999 -99.999 -99.999 -99.999
248 L -99.999 -99.999 -99.999 -99.999 -99.999 -99.999 -99.999 -99.999 -99.999 -99.999 8.644 -99.999 -99.999 -99.999 -99.999 -99.999 -99.999 -99.999 -99.999 -99.999
249 L -99.999 -99.999 -99.999 -99.999 -99.999 -99.999 -99.999 -99.999 -99.999 -99.999 8.644 -99.999 -99.999 -99.999 -99.999 -99.999 -99.999 -99.999 -99.999 -99.999
250 A 6.644 -99.999 -99.999 -99.999 -99.999 -99.999 -99.999 -99.999 -99.999 -99.999 -99.999 -99.999 -99.999 -99.999 -99.999 6.644 -99.999 -99.999 -99.999 -99.999
251 G -99.999 -99.999 -99.999 -99.999 -99.999 -99.999 -99.999 6.644 -99.999 -99.999 -99.999 -99.999 -99.999 6.644 -99.999 -99.999 -99.999 -99.999 -99.999 -99.999
252 R -99.999 8.644 -99.999 -99.999 -99.999 -99.999 -99.999 -99.999 -99.999 -99.999 -99.999 -99.999 -99.999 -99.999 -99.999 -99.999 -99.999 -99.999 -99.999 -99.999
253 K -99.999 -99.999 -99.999 -99.999 -99.999 -99.999 -99.999 -99.999 -99.999 -99.999 -99.999 8.644 -99.999 -99.999 -99.999 -99.999 -99.999 -99.999 -99.999 -99.999
254 R -99.999 6.644 -99.999 -99.999 -99.999 -99.999 -99.999 -99.999 -99.999 -99.999 6.644 -99.999 -99.999 -99.999 -99.999 -99.999 -99.999 -99.999 -99.999 -99.999
255 W -99.999 -99.999 -99.999 -99.999 -99.999 -99.999 -99.999 -99.999 -99.999 -99.999 -99.999 -99.999 -99.999 -99.999 -99.999 -99.999 -99.999 8.644 -99.999 -99.999
256 S -99.999 -99.999 -99.999 -99.999 -99.999 -99.999 -99.999 -99.999 -99.999 -99.999 -99.999 -99.999 -99.999 -99.999 -99.999 8.644 -99.999 -99.999 -99.999 -99.999
257 R -99.999 6.644 -99.999 -99.999 -99.999 -99.999 -99.999 -99.999 -99.999 -99.999 -99.999 6.644 -99.999 -99.999 -99.999 -99.999 -99.999 -99.999 -99.999 -99.999
258 L -99.999 -99.999 -99.999 -99.999 -99.999 -99.999 -99.999 -99.999 -99.999 -99.999 8.644 -99.999 -99.999 -99.999 -99.999 -99.999 -99.999 -99.999 -99.999 -99.999
259 I -99.999 -99.999 -99.999 -99.999 -99.999 -99.999 -99.999 -99.999 -99.999 6.644 -99.999 -99.999 -99.999 -99.999 -99.999 -99.999 -99.999 -99.999 -99.999 6.644
260 R -99.999 6.644 -99.999 -99.999 -99.999 -99.999 -99.999 -99.999 -99.999 -99.999 -99.999 -99.999 -99.999 -99.999 6.644 -99.999 -99.999 -99.999 -99.999 -99.999
261 D -99.999 -99.999 -99.999 6.644 -99.999 6.644 -99.999 -99.999 -99.999 -99.999 -99.999 -99.999 -99.999 -99.999 -99.999 -99.999 -99.999 -99.999 -99.999 -99.999
262 W -99.999 -99.999 -99.999 -99.999 -99.999 -99.999 -99.999 -99.999 -99.999 -99.999 -99.999 -99.999 -99.999 -99.999 -99.999 -99.999 -99.999 8.644 -99.999 -99.999
263 N -99.999 -99.999 6.644 -99.999 -99.999 -99.999 -99.999 -99.999 6.644 -99.999 -99.999 -99.999 -99.999 -99.999 -99.999 -99.999 -99.999 -99.999 -99.999 -99.999
264 L -99.999 -99.999 -99.999 -99.999 -99.999 -99.999 -99.999 -99.999 -99.999 -99.999 6.644 -99.999 -99.999 6.644 -99.999 -99.999 -99.999 -99.999 -99.999 -99.999
265 L -99.999 -99.999 -99.999 -99.999 -99.999 -99.999 -99.999 -99.999 -99.999 -99.999 6.644 -99.999 -99.999 -99.999 -99.999 -99.999 6.644 -99.999 -99.999 -99.999
266 Q -99.999 -99.999 -99.999 -99.999 -99.999 6.644 -99.999 -99.999 -99.999 -99.999 -99.999 -99.999 -99.999 -99.999 -99.999 -99.999 -99.999 -99.999 -99.999 6.644
267 A 6.644 -99.999 -99.999 -99.999 -99.999 6.644 -99.999 -99.999 -99.999 -99.999 -99.999 -99.999 -99.999 -99.999 -99.999 -99.999 -99.999 -99.999 -99.999 -99.999
268 L -99.999 -99.999 -99.999 -99.999 -99.999 -99.999 -99.999 -99.999 -99.999 -99.999 6.644 -99.999 6.644 -99.999 -99.999 -99.999 -99.999 -99.999 -99.999 -99.999
269 A 6.644 -99.999 -99.999 -99.999 6.644 -99.999 -99.999 -99.999 -99.999 -99.999 -99.999 -99.999 -99.999 -99.999 -99.999 -99.999 -99.999 -99.999 -99.999 -99.999
270 I -99.999 -99.999 -99.999 -99.999 -99.999 -99.999 -99.999 -99.999 -99.999 6.644 6.644 -99.999 -99.999 -99.999 -99.999 -99.999 -99.999 -99.999 -99.999 -99.999
271 A 6.644 -99.999 -99.999 -99.999 -99.999 -99.999 -99.999 -99.999 -99.999 -99.999 6.644 -99.999 -99.999 -99.999 -99.999 -99.999 -99.999 -99.999 -99.999 -99.999
272 A 6.644 -99.999 -99.999 -99.999 -99.999 -99.999 -99.999 -99.999 -99.999 -99.999 -99.999 -99.999 -99.999 -99.999 -99.999 6.644 -99.999 -99.999 -99.999 -99.999
273 L -99.999 -99.999 -99.999 -99.999 -99.999 -99.999 -99.999 -99.999 -99.999 -99.999 6.644 -99.999 -99.999 6.644 -99.999 -99.999 -99.999 -99.999 -99.999 -99.999
274 A 6.644 -99.999 -99.999 -99.999 -99.999 -99.999 -99.999 -99.999 -99.999 -99.999 -99.999 -99.999 -99.999 -99.999 -99.999 -99.999 -99.999 -99.999 -99.999 6.644
275 L -99.999 -99.999 -99.999 -99.999 -99.999 -99.999 -99.999 -99.999 -99.999 -99.999 8.644 -99.999 -99.999 -99.999 -99.999 -99.999 -99.999 -99.999 -99.999 -99.999
276 L -99.999 -99.999 -99.999 -99.999 -99.999 -99.999 -99.999 -99.999 -99.999 -99.999 8.644 -99.999 -99.999 -99.999 -99.999 -99.999 -99.999 -99.999 -99.999 -99.999
277 A 6.644 -99.999 -99.999 -99.999 -99.999 -99.999 -99.999 -99.999 -99.999 -99.999 -99.999 -99.999 -99.999 -99.999 -99.999 -99.999 -99.999 -99.999 -99.999 6.644
278 I -99.999 -99.999 -99.999 -99.999 -99.999 -99.999 -99.999 -99.999 -99.999 6.644 -99.999 -99.999 -99.999 6.644 -99.999 -99.999 -99.999 -99.999 -99.999 -99.999
279 G -99.999 -99.999 -99.999 -99.999 -99.999 -99.999 -99.999 6.644 -99.999 -99.999 -99.999 -99.999 -99.999 -99.999 -99.999 6.644 -99.999 -99.999 -99.999 -99.999
280 M -99.999 -99.999 -99.999 -99.999 -99.999 -99.999 -99.999 -99.999 -99.999 -99.999 -99.999 -99.999 6.644 -99.999 6.644 -99.999 -99.999 -99.999 -99.999 -99.999
281 E -99.999 -99.999 -99.999 -99.999 -99.999 -99.999 6.644 -99.999 -99.999 -99.999 -99.999 -99.999 -99.999 6.644 -99.999 -99.999 -99.999 -99.999 -99.999 -99.999
282 M -99.999 -99.999 -99.999 -99.999 -99.999 -99.999 -99.999 -99.999 -99.999 -99.999 -99.999 -99.999 6.644 6.644 -99.999 -99.999 -99.999 -99.999 -99.999 -99.999
283 S -99.999 -99.999 -99.999 -99.999 -99.999 -99.999 -99.999 -99.999 -99.999 -99.999 -99.999 -99.999 -99.999 -99.999 -99.999 6.644 6.644 -99.999 -99.999 -99.999
284 V -99.999 -99.999 -99.999 -99.999 -99.999 -99.999 -99.999 -99.999 -99.999 -99.999 -99.999 -99.999 -99.999 -99.999 -99.999 -99.999 -99.999 -99.999 -99.999 8.644
285 A 8.644 -99.999 -99.999 -99.999 -99.999 -99.999 -99.999 -99.999 -99.999 -99.999 -99.999 -99.999 -99.999 -99.999 -99.999 -99.999 -99.999 -99.999 -99.999 -99.999
286 A 6.644 -99.999 -99.999 -99.999 -99.999 -99.999 -99.999 -99.999 -99.999 -99.999 -99.999 -99.999 -99.999 -99.999 -99.999 -99.999 -99.999 -99.999 -99.999 6.644
287 S -99.999 -99.999 -99.999 -99.999 -99.999 -99.999 -99.999 -99.999 -99.999 -99.999 -99.999 -99.999 -99.999 -99.999 -99.999 8.644 -99.999 -99.999 -99.999 -99.999
288 R -99.999 8.644 -99.999 -99.999 -99.999 -99.999 -99.999 -99.999 -99.999 -99.999 -99.999 -99.999 -99.999 -99.999 -99.999 -99.999 -99.999 -99.999 -99.999 -99.999
289 L -99.999 -99.999 -99.999 -99.999 -99.999 -99.999 -99.999 -99.999 -99.999 -99.999 6.644 -99.999 6.644 -99.999 -99.999 -99.999 -99.999 -99.999 -99.999 -99.999
290 S -99.999 -99.999 -99.999 -99.999 -99.999 -99.999 -99.999 -99.999 -99.999 -99.999 -99.999 -99.999 -99.999 -99.999 -99.999 8.644 -99.999 -99.999 -99.999 -99.999
291 L -99.999 -99.999 -99.999 -99.999 -99.999 -99.999 -99.999 -99.999 -99.999 -99.999 6.644 -99.999 -99.999 6.644 -99.999 -99.999 -99.999 -99.999 -99.999 -99.999
292 Y -99.999 -99.999 -99.999 -99.999 -99.999 -99.999 -99.999 -99.999 -99.999 -99.999 -99.999 -99.999 -99.999 -99.999 -99.999 -99.999 -99.999 -99.999 8.644 -99.999
293 L -99.999 -99.999 -99.999 -99.999 -99.999 -99.999 -99.999 -99.999 -99.999 -99.999 8.644 -99.999 -99.999 -99.999 -99.999 -99.999 -99.999 -99.999 -99.999 -99.999
294 F -99.999 -99.999 -99.999 -99.999 -99.999 -99.999 -99.999 -99.999 -99.999 -99.999 -99.999 -99.999 -99.999 6.644 -99.999 -99.999 -99.999 -99.999 6.644 -99.999
295 P -99.999 -99.999 -99.999 -99.999 -99.999 -99.999 -99.999 -99.999 -99.999 -99.999 -99.999 -99.999 -99.999 -99.999 8.644 -99.999 -99.999 -99.999 -99.999 -99.999
296 I -99.999 -99.999 -99.999 -99.999 -99.999 -99.999 -99.999 -99.999 -99.999 6.644 -99.999 -99.999 -99.999 -99.999 -99.999 -99.999 -99.999 -99.999 -99.999 6.644
297 S -99.999 -99.999 -99.999 -99.999 -99.999 -99.999 -99.999 -99.999 -99.999 -99.999 -99.999 -99.999 -99.999 -99.999 -99.999 8.644 -99.999 -99.999 -99.999 -99.999
298 I -99.999 -99.999 -99.999 -99.999 -99.999 -99.999 -99.999 -99.999 -99.999 6.644 6.644 -99.999 -99.999 -99.999 -99.999 -99.999 -99.999 -99.999 -99.999 -99.999
299 C -99.999 -99.999 -99.999 -99.999 6.644 -99.999 -99.999 -99.999 -99.999 -99.999 -99.999 -99.999 -99.999 -99.999 -99.999 -99.999 6.644 -99.999 -99.999 -99.999
300 F -99.999 -99.999 -99.999 -99.999 -99.999 -99.999 -99.999 -99.999 -99.999 -99.999 -99.999 -99.999 -99.999 6.644 -99.999 -99.999 -99.999 -99.999 -99.999 6.644
301 I -99.999 -99.999 -99.999 -99.999 -99.999 -99.999 -99.999 -99.999 -99.999 6.644 6.644 -99.999 -99.999 -99.999 -99.999 -99.999 -99.999 -99.999 -99.999 -99.999
302 A 6.644 -99.999 -99.999 -99.999 -99.999 -99.999 -99.999 -99.999 -99.999 -99.999 -99.999 -99.999 -99.999 -99.999 -99.999 6.644 -99.999 -99.999 -99.999 -99.999
303 T -99.999 -99.999 -99.999 -99.999 -99.999 -99.999 -99.999 -99.999 -99.999 -99.999 -99.999 -99.999 -99.999 -99.999 -99.999 -99.999 6.644 -99.999 6.644 -99.999
304 I -99.999 -99.999 -99.999 -99.999 -99.999 -99.999 -99.999 -99.999 -99.999 6.644 6.644 -99.999 -99.999 -99.999 -99.999 -99.999 -99.999 -99.999 -99.999 -99.999
305 P -99.999 -99.999 -99.999 -99.999 -99.999 -99.999 -99.999 -99.999 -99.999 -99.999 -99.999 -99.999 -99.999 -99.999 8.644 -99.999 -99.999 -99.999 -99.999 -99.999
306 Q -99.999 -99.999 -99.999 -99.999 -99.999 6.644 6.644 -99.999 -99.999 -99.999 -99.999 -99.999 -99.999 -99.999 -99.999 -99.999 -99.999 -99.999 -99.999 -99.999
307 M -99.999 -99.999 -99.999 -99.999 -99.999 -99.999 -99.999 -99.999 -99.999 -99.999 -99.999 -99.999 6.644 -99.999 -99.999 -99.999 -99.999 -99.999 -99.999 6.644
308 G -99.999 -99.999 -99.999 -99.999 -99.999 -99.999 -99.999 6.644 -99.999 -99.999 -99.999 -99.999 6.644 -99.999 -99.999 -99.999 -99.999 -99.999 -99.999 -99.999
309 R -99.999 6.644 6.644 -99.999 -99.999 -99.999 -99.999 -99.999 -99.999 -99.999 -99.999 -99.999 -99.999 -99.999 -99.999 -99.999 -99.999 -99.999 -99.999 -99.999
310 E -99.999 -99.999 -99.999 -99.999 -99.999 -99.999 6.644 -99.999 -99.999 -99.999 -99.999 -99.999 -99.999 -99.999 -99.999 -99.999 6.644 -99.999 -99.999 -99.999
311 A 6.644 -99.999 -99.999 -99.999 -99.999 -99.999 -99.999 6.644 -99.999 -99.999 -99.999 -99.999 -99.999 -99.999 -99.999 -99.999 -99.999 -99.999 -99.999 -99.999
312 E -99.999 -99.999 -99.999 -99.999 -99.999 -99.999 6.644 -99.999 -99.999 -99.999 -99.999 -99.999 -99.999 -99.999 6.644 -99.999 -99.999 -99.999 -99.999 -99.999
313 G -99.999 -99.999 -99.999 -99.999 -99.999 -99.999 -99.999 6.644 -99.999 -99.999 -99.999 -99.999 6.644 -99.999 -99.999 -99.999 -99.999 -99.999 -99.999 -99.999
314 R -99.999 6.644 -99.999 -99.999 -99.999 -99.999 -99.999 -99.999 -99.999 -99.999 -99.999 6.644 -99.999 -99.999 -99.999 -99.999 -99.999 -99.999 -99.999 -99.999
315 A 6.644 -99.999 -99.999 -99.999 -99.999 -99.999 -99.999 -99.999 -99.999 -99.999 -99.999 -99.999 -99.999 -99.999 -99.999 -99.999 6.644 -99.999 -99.999 -99.999
316 L -99.999 -99.999 -99.999 -99.999 -99.999 -99.999 -99.999 -99.999 -99.999 -99.999 8.644 -99.999 -99.999 -99.999 -99.999 -99.999 -99.999 -99.999 -99.999 -99.999
317 A 6.644 -99.999 -99.999 -99.999 -99.999 -99.999 -99.999 -99.999 -99.999 -99.999 6.644 -99.999 -99.999 -99.999 -99.999 -99.999 -99.999 -99.999 -99.999 -99.999
318 R -99.999 8.644 -99.999 -99.999 -99.999 -99.999 -99.999 -99.999 -99.999 -99.999 -99.999 -99.999 -99.999 -99.999 -99.999 -99.999 -99.999 -99.999 -99.999 -99.999
319 I -99.999 -99.999 -99.999 -99.999 -99.999 -99.999 -99.999 -99.999 -99.999 6.644 -99.999 -99.999 -99.999 -99.999 -99.999 -99.999 -99.999 6.644 -99.999 -99.999
320 G -99.999 -99.999 -99.999 -99.999 -99.999 -99.999 -99.999 6.644 -99.999 -99.999 -99.999 -99.999 -99.999 -99.999 -99.999 -99.999 -99.999 -99.999 -99.999 6.644
321 C -99.999 -99.999 -99.999 -99.999 6.644 -99.999 -99.999 -99.999 -99.999 -99.999 -99.999 -99.999 -99.999 -99.999 -99.999 -99.999 -99.999 -99.999 -99.999 6.644
322 A 6.644 -99.999 -99.999 -99.999 -99.999 -99.999 -99.999 -99.999 -99.999 -99.999 -99.999 -99.999 -99.999 -99.999 -99.999 -99.999 -99.999 -99.999 -99.999 6.644
323 V -99.999 -99.999 -99.999 -99.999 -99.999 -99.999 -99.999 -99.999 -99.999 -99.999 -99.999 -99.999 -99.999 -99.999 -99.999 -99.999 -99.999 -99.999 -99.999 8.644
324 G -99.999 -99.999 -99.999 -99.999 -99.999 -99.999 -99.999 8.644 -99.999 -99.999 -99.999 -99.999 -99.999 -99.999 -99.999 -99.999 -99.999 -99.999 -99.999 -99.999
325 L -99.999 -99.999 -99.999 -99.999 -99.999 -99.999 -99.999 -99.999 -99.999 -99.999 6.644 -99.999 -99.999 -99.999 -99.999 -99.999 -99.999 -99.999 6.644 -99.999
326 G -99.999 -99.999 -99.999 -99.999 -99.999 -99.999 -99.999 8.644 -99.999 -99.999 -99.999 -99.999 -99.999 -99.999 -99.999 -99.999 -99.999 -99.999 -99.999 -99.999
327 A 8.644 -99.999 -99.999 -99.999 -99.999 -99.999 -99.999 -99.999 -99.999 -99.999 -99.999 -99.999 -99.999 -99.999 -99.999 -99.999 -99.999 -99.999 -99.999 -99.999
328 V -99.999 -99.999 -99.999 -99.999 -99.999 -99.999 -99.999 -99.999 -99.999 -99.999 -99.999 -99.999 -99.999 -99.999 -99.999 -99.999 -99.999 -99.999 -99.999 8.644
329 M -99.999 -99.999 -99.999 -99.999 -99.999 -99.999 -99.999 -99.999 -99.999 -99.999 -99.999 -99.999 8.644 -99.999 -99.999 -99.999 -99.999 -99.999 -99.999 -99.999
330 L -99.999 -99.999 -99.999 -99.999 -99.999 -99.999 -99.999 -99.999 -99.999 -99.999 8.644 -99.999 -99.999 -99.999 -99.999 -99.999 -99.999 -99.999 -99.999 -99.999
331 A 6.644 -99.999 -99.999 -99.999 -99.999 -99.999 -99.999 -99.999 -99.999 -99.999 -99.999 -99.999 -99.999 -99.999 -99.999 -99.999 -99.999 -99.999 -99.999 6.644
332 A 6.644 -99.999 -99.999 -99.999 -99.999 -99.999 -99.999 6.644 -99.999 -99.999 -99.999 -99.999 -99.999 -99.999 -99.999 -99.999 -99.999 -99.999 -99.999 -99.999
333 W -99.999 -99.999 -99.999 -99.999 -99.999 -99.999 -99.999 -99.999 -99.999 -99.999 -99.999 -99.999 -99.999 -99.999 -99.999 -99.999 -99.999 8.644 -99.999 -99.999
334 L -99.999 -99.999 -99.999 -99.999 -99.999 -99.999 -99.999 -99.999 -99.999 -99.999 8.644 -99.999 -99.999 -99.999 -99.999 -99.999 -99.999 -99.999 -99.999 -99.999
335 A 6.644 -99.999 -99.999 -99.999 -99.999 -99.999 -99.999 -99.999 -99.999 -99.999 -99.999 -99.999 -99.999 -99.999 -99.999 -99.999 6.644 -99.999 -99.999 -99.999
336 L -99.999 -99.999 -99.999 -99.999 -99.999 -99.999 -99.999 -99.999 -99.999 -99.999 6.644 -99.999 -99.999 6.644 -99.999 -99.999 -99.999 -99.999 -99.999 -99.999
337 A 6.644 -99.999 -99.999 -99.999 -99.999 -99.999 -99.999 -99.999 -99.999 -99.999 -99.999 -99.999 -99.999 -99.999 -99.999 6.644 -99.999 -99.999 -99.999 -99.999
338 N -99.999 -99.999 8.644 -99.999 -99.999 -99.999 -99.999 -99.999 -99.999 -99.999 -99.999 -99.999 -99.999 -99.999 -99.999 -99.999 -99.999 -99.999 -99.999 -99.999
339 H -99.999 -99.999 -99.999 -99.999 -99.999 -99.999 -99.999 -99.999 6.644 -99.999 -99.999 -99.999 -99.999 -99.999 -99.999 -99.999 6.644 -99.999 -99.999 -99.999
340 A 8.644 -99.999 -99.999 -99.999 -99.999 -99.999 -99.999 -99.999 -99.999 -99.999 -99.999 -99.999 -99.999 -99.999 -99.999 -99.999 -99.999 -99.999 -99.999 -99.999
341 F -99.999 -99.999 -99.999 -99.999 -99.999 -99.999 -99.999 -99.999 -99.999 -99.999 -99.999 -99.999 -99.999 6.644 -99.999 -99.999 -99.999 -99.999 6.644 -99.999
342 N -99.999 -99.999 6.644 -99.999 -99.999 -99.999 -99.999 -99.999 -99.999 -99.999 -99.999 -99.999 -99.999 -99.999 -99.999 -99.999 6.644 -99.999 -99.999 -99.999
343 H -99.999 -99.999 -99.999 -99.999 -99.999 -99.999 -99.999 -99.999 6.644 -99.999 -99.999 -99.999 -99.999 -99.999 -99.999 -99.999 -99.999 -99.999 6.644 -99.999
344 K -99.999 -99.999 -99.999 -99.999 -99.999 -99.999 -99.999 -99.999 -99.999 -99.999 -99.999 6.644 -99.999 6.644 -99.999 -99.999 -99.999 -99.999 -99.999 -99.999
345 P -99.999 -99.999 -99.999 -99.999 -99.999 -99.999 -99.999 -99.999 -99.999 -99.999 -99.999 -99.999 -99.999 -99.999 8.644 -99.999 -99.999 -99.999 -99.999 -99.999
346 Y -99.999 -99.999 -99.999 -99.999 -99.999 -99.999 -99.999 -99.999 -99.999 -99.999 -99.999 -99.999 -99.999 -99.999 -99.999 -99.999 -99.999 -99.999 8.644 -99.999
347 Q -99.999 -99.999 -99.999 -99.999 -99.999 6.644 -99.999 -99.999 -99.999 -99.999 -99.999 -99.999 -99.999 -99.999 -99.999 6.644 -99.999 -99.999 -99.999 -99.999
348 N -99.999 -99.999 8.644 -99.999 -99.999 -99.999 -99.999 -99.999 -99.999 -99.999 -99.999 -99.999 -99.999 -99.999 -99.999 -99.999 -99.999 -99.999 -99.999 -99.999
349 A 6.644 -99.999 -99.999 -99.999 -99.999 -99.999 -99.999 -99.999 -99.999 -99.999 -99.999 -99.999 -99.999 -99.999 -99.999 -99.999 -99.999 -99.999 -99.999 6.644
350 L -99.999 -99.999 -99.999 -99.999 -99.999 -99.999 -99.999 -99.999 -99.999 -99.999 8.644 -99.999 -99.999 -99.999 -99.999 -99.999 -99.999 -99.999 -99.999 -99.999
351 L -99.999 -99.999 -99.999 -99.999 -99.999 -99.999 -99.999 -99.999 -99.999 -99.999 6.644 -99.999 -99.999 6.644 -99.999 -99.999 -99.999 -99.999 -99.999 -99.999
352 Q -99.999 -99.999 -99.999 -99.999 -99.999 6.644 -99.999 -99.999 -99.999 -99.999 6.644 -99.999 -99.999 -99.999 -99.999 -99.999 -99.999 -99.999 -99.999 -99.999
353 R -99.999 6.644 -99.999 -99.999 -99.999 6.644 -99.999 -99.999 -99.999 -99.999 -99.999 -99.999 -99.999 -99.999 -99.999 -99.999 -99.999 -99.999 -99.999 -99.999
354 S -99.999 -99.999 -99.999 -99.999 -99.999 -99.999 -99.999 -99.999 -99.999 -99.999 -99.999 -99.999 -99.999 -99.999 -99.999 6.644 -99.999 -99.999 -99.999 6.644
355 S -99.999 -99.999 -99.999 -99.999 -99.999 -99.999 -99.999 -99.999 -99.999 -99.999 -99.999 -99.999 -99.999 -99.999 -99.999 8.644 -99.999 -99.999 -99.999 -99.999
356 E -99.999 -99.999 -99.999 -99.999 -99.999 -99.999 8.644 -99.999 -99.999 -99.999 -99.999 -99.999 -99.999 -99.999 -99.999 -99.999 -99.999 -99.999 -99.999 -99.999
357 L -99.999 -99.999 -99.999 -99.999 -99.999 -99.999 -99.999 -99.999 -99.999 -99.999 8.644 -99.999 -99.999 -99.999 -99.999 -99.999 -99.999 -99.999 -99.999 -99.999
358 D -99.999 -99.999 -99.999 8.644 -99.999 -99.999 -99.999 -99.999 -99.999 -99.999 -99.999 -99.999 -99.999 -99.999 -99.999 -99.999 -99.999 -99.999 -99.999 -99.999
359 L -99.999 -99.999 -99.999 -99.999 -99.999 -99.999 -99.999 -99.999 -99.999 -99.999 8.644 -99.999 -99.999 -99.999 -99.999 -99.999 -99.999 -99.999 -99.999 -99.999
360 P -99.999 -99.999 -99.999 -99.999 -99.999 -99.999 -99.999 -99.999 -99.999 -99.999 -99.999 -99.999 -99.999 -99.999 8.644 -99.999 -99.999 -99.999 -99.999 -99.999
361 K -99.999 -99.999 -99.999 -99.999 -99.999 -99.999 -99.999 -99.999 -99.999 -99.999 -99.999 8.644 -99.999 -99.999 -99.999 -99.999 -99.999 -99.999 -99.999 -99.999