#Seq2Logo.py -f /work3/idamei/ssn-clusterings/2206081238/clusters/0033_73/sequences.afa -m 0.0001 -b 0 -o /work3/idamei/ssn-clusterings/2206081238/clusters/0033_73/sequences.logo -p 640x1000 -l 30 -I 1
Last position-specific scoring matrix computed, values are in halfbits
A R N D C Q E G H I L K M F P S T W Y V
0 M -99.999 -99.999 -99.999 -99.999 -99.999 -99.999 -99.999 -99.999 -99.999 -99.999 -99.999 -99.999 8.644 -99.999 -99.999 -99.999 -99.999 -99.999 -99.999 -99.999
1 Y -99.999 -99.999 -99.999 -99.999 -99.999 -99.999 -99.999 -99.999 -99.999 -99.999 -99.999 -99.999 -99.999 -99.999 -99.999 -99.999 -99.999 -99.999 8.644 -99.999
2 K -99.999 -99.999 -99.999 -99.999 -99.999 -99.999 -99.999 -99.999 -99.999 -99.999 -99.999 8.644 -99.999 -99.999 -99.999 -99.999 -99.999 -99.999 -99.999 -99.999
3 S -99.999 -99.999 -99.999 -99.999 -99.999 -99.999 -99.999 -99.999 -99.999 -99.999 -99.999 -99.999 -99.999 -99.999 -99.999 8.644 -99.999 -99.999 -99.999 -99.999
4 T -99.999 -99.999 -99.999 -99.999 -99.999 -99.999 -99.999 -99.999 -99.999 -99.999 -99.999 -99.999 -99.999 -99.999 -99.999 -99.999 8.644 -99.999 -99.999 -99.999
5 I -99.999 -99.999 -99.999 -99.999 -99.999 -99.999 -99.999 -99.999 -99.999 8.644 -99.999 -99.999 -99.999 -99.999 -99.999 -99.999 -99.999 -99.999 -99.999 -99.999
6 N -99.999 -99.999 8.644 -99.999 -99.999 -99.999 -99.999 -99.999 -99.999 -99.999 -99.999 -99.999 -99.999 -99.999 -99.999 -99.999 -99.999 -99.999 -99.999 -99.999
7 I -99.999 -99.999 -99.999 -99.999 -99.999 -99.999 -99.999 -99.999 -99.999 8.644 -99.999 -99.999 -99.999 -99.999 -99.999 -99.999 -99.999 -99.999 -99.999 -99.999
8 V -99.999 -99.999 -99.999 -99.999 -99.999 -99.999 -99.999 -99.999 -99.999 -99.999 -99.999 -99.999 -99.999 -99.999 -99.999 -99.999 -99.999 -99.999 -99.999 8.644
9 M -99.999 -99.999 -99.999 -99.999 -99.999 -99.999 -99.999 -99.999 -99.999 -99.999 0.469 -99.999 8.469 -99.999 -99.999 -99.999 -99.999 -99.999 -99.999 -99.999
10 L -99.999 -99.999 -99.999 -99.999 -99.999 -99.999 -99.999 -99.999 -99.999 -99.999 8.644 -99.999 -99.999 -99.999 -99.999 -99.999 -99.999 -99.999 -99.999 -99.999
11 N -99.999 0.644 6.458 -99.999 -99.999 -99.999 3.814 0.644 -99.999 0.644 0.644 1.814 -99.999 -99.999 -99.999 -99.999 -99.999 -99.999 -99.999 -99.999
12 N -99.999 3.474 5.474 -0.526 -99.999 -99.999 -99.999 -99.999 1.474 -99.999 -99.999 4.118 -99.999 -99.999 -99.999 1.474 1.474 -99.999 -99.999 -99.999
13 I 1.243 -99.999 -99.999 -99.999 -99.999 -99.999 -99.999 -99.999 -99.999 6.073 4.717 -99.999 -99.999 1.243 1.243 -99.999 -1.927 -99.999 -99.999 1.243
14 N -99.999 -99.999 6.413 -99.999 -99.999 -99.999 -0.757 -99.999 1.243 -99.999 -99.999 2.413 -99.999 1.243 -99.999 4.413 -99.999 -99.999 -99.999 -99.999
15 K -99.999 -99.999 5.814 2.644 -99.999 -99.999 -99.999 -99.999 -99.999 -99.999 -99.999 6.644 -99.999 -99.999 -99.999 -99.999 -99.999 -99.999 -99.999 -99.999
16 S -99.999 2.644 -99.999 -99.999 -99.999 -99.999 -99.999 -99.999 -99.999 -99.999 4.644 -99.999 -99.999 -99.999 -99.999 5.814 4.644 -99.999 -99.999 -99.999
17 K -99.999 -99.999 -99.999 -99.999 -99.999 -99.999 -99.999 4.644 -99.999 -99.999 -99.999 6.644 -99.999 4.644 -99.999 -99.999 -99.999 -99.999 -99.999 -99.999
18 R -99.999 6.644 -99.999 6.644 -99.999 -99.999 -99.999 -99.999 -99.999 -99.999 -99.999 -99.999 -99.999 -99.999 -99.999 -99.999 -99.999 -99.999 -99.999 -99.999
19 G -99.999 -99.999 -99.999 -99.999 -99.999 -99.999 -99.999 5.474 -99.999 -99.999 -99.999 -99.999 -99.999 5.474 -99.999 -99.999 -99.999 -99.999 -99.999 5.474
20 I -99.999 -99.999 -99.999 -99.999 -99.999 -99.999 -99.999 -99.999 -99.999 5.474 -99.999 -99.999 -99.999 5.474 -99.999 -99.999 -99.999 -99.999 -99.999 5.474
21 S -99.999 -99.999 -99.999 -99.999 -99.999 -99.999 -99.999 -99.999 -99.999 -99.999 -99.999 -99.999 -99.999 -99.999 5.474 7.474 -99.999 -99.999 -99.999 -99.999
22 A 5.474 -99.999 5.474 -99.999 -99.999 -99.999 -99.999 -99.999 -99.999 -99.999 -99.999 -99.999 -99.999 -99.999 -99.999 -99.999 -99.999 -99.999 -99.999 5.474
23 N -99.999 -99.999 5.474 -99.999 -99.999 -99.999 5.474 -99.999 -99.999 -99.999 -99.999 -99.999 -99.999 -99.999 -99.999 -99.999 -99.999 -99.999 5.474 -99.999
24 R -99.999 5.474 -99.999 -99.999 -99.999 5.474 -99.999 -99.999 -99.999 -99.999 5.474 -99.999 -99.999 -99.999 -99.999 -99.999 -99.999 -99.999 -99.999 -99.999
25 F -99.999 -99.999 -99.999 -99.999 -99.999 -99.999 -99.999 -99.999 -99.999 -99.999 -99.999 -99.999 -99.999 6.644 -99.999 -99.999 6.644 -99.999 -99.999 -99.999
26 L -99.999 -99.999 -99.999 -99.999 -99.999 -99.999 -99.999 -99.999 -99.999 -99.999 6.644 -99.999 -99.999 -99.999 -99.999 -99.999 6.644 -99.999 -99.999 -99.999
27 F -99.999 -99.999 -99.999 -99.999 -99.999 -99.999 -99.999 -99.999 -99.999 -99.999 -99.999 -99.999 -99.999 6.644 -99.999 -99.999 -99.999 -99.999 6.644 -99.999
28 F -99.999 -99.999 -99.999 -99.999 -99.999 -99.999 -99.999 -99.999 4.644 -99.999 2.644 -99.999 -99.999 5.814 -99.999 -99.999 -99.999 -99.999 4.644 -99.999
29 S -99.999 -99.999 -99.999 -99.999 -99.999 -99.999 4.0 -99.999 -99.999 -99.999 -99.999 4.0 -99.999 -99.999 -99.999 6.644 2.0 -99.999 -99.999 -99.999
30 F -99.999 -99.999 -99.999 -99.999 4.0 -99.999 -99.999 -99.999 -99.999 4.0 -99.999 -99.999 4.0 6.0 -99.999 -99.999 -99.999 -99.999 -99.999 -99.999
31 L -99.999 -99.999 -99.999 -99.999 -99.999 -99.999 -99.999 4.0 -99.999 5.17 6.644 -99.999 -99.999 -99.999 -99.999 -99.999 -99.999 -99.999 -99.999 -99.999
32 K -99.999 1.299 -99.999 -99.999 -99.999 -99.999 0.469 -99.999 -99.999 0.469 0.469 7.015 -99.999 -99.999 -99.999 0.469 0.469 -99.999 0.469 -99.999
33 M -99.999 -99.999 -99.999 -99.999 -99.999 -99.999 -99.999 -99.999 -99.999 -99.999 -99.999 -99.999 8.644 -99.999 -99.999 -99.999 -99.999 -99.999 -99.999 -99.999
34 I -99.999 -99.999 -99.999 -99.999 -99.999 -99.999 -99.999 -99.999 -99.999 6.218 4.469 -99.999 -99.999 4.914 -99.999 -99.999 0.469 -99.999 -99.999 -99.999
35 L -99.999 -99.999 -99.999 -99.999 -99.999 -99.999 -99.999 -99.999 -99.999 3.639 6.218 -99.999 -99.999 4.7 -99.999 -99.999 -99.999 -99.999 2.914 -99.999
36 I -99.999 -99.999 -99.999 -99.999 -99.999 -99.999 -99.999 -99.999 -99.999 5.602 4.469 -99.999 -99.999 3.639 0.469 -99.999 -99.999 0.469 2.578 -99.999
37 F -1.531 -99.999 -6.932 -99.999 -99.999 -99.999 -99.999 -99.999 -99.999 1.639 3.943 2.469 -99.999 4.469 0.469 0.469 3.724 -99.999 -99.999 -1.531
38 L 0.469 -99.999 -99.999 -99.999 -99.999 -99.999 -99.999 -99.999 -99.999 4.524 6.809 -99.999 -99.999 0.238 -99.999 -99.999 -99.999 -99.999 -99.999 2.469
39 I -99.999 -99.999 -99.999 -99.999 -99.999 -99.999 -99.999 -99.999 -99.999 5.299 4.914 -99.999 -99.999 0.469 -99.999 0.469 0.469 -99.999 0.469 3.639
40 L -99.999 -99.999 -99.999 -99.999 0.469 -99.999 -99.999 -99.999 -99.999 3.299 4.469 -99.999 0.469 3.639 -99.999 0.469 2.914 -99.999 -99.999 2.469
41 I -99.999 -99.999 -99.999 -99.999 -99.999 -99.999 -99.999 -99.999 -99.999 6.346 2.469 -99.999 -2.701 5.113 -99.999 -99.999 0.469 -99.999 0.469 -99.999
42 E -99.999 -99.999 -99.999 3.639 -99.999 -99.999 8.084 -99.999 -99.999 -99.999 -99.999 -99.999 -99.999 -99.999 -99.999 -99.999 -99.999 -99.999 -99.999 -99.999
43 I 0.469 -99.999 -99.999 -99.999 -99.999 -99.999 -99.999 -99.999 -99.999 6.283 5.388 -99.999 -99.999 -99.999 -99.999 -99.999 -99.999 -99.999 -99.999 3.639
44 I -99.999 -99.999 -99.999 -99.999 2.469 -99.999 -99.999 -99.999 -99.999 6.587 -99.999 -99.999 -99.999 0.469 -99.999 0.469 -99.999 -99.999 -99.999 4.914
45 I 0.469 -99.999 -99.999 -99.999 -99.999 -99.999 -99.999 2.469 -99.999 4.708 3.639 -99.999 0.469 4.469 -99.999 -99.999 -99.999 -99.999 -99.999 1.921
46 G -99.999 -99.999 -99.999 -99.999 -99.999 -99.999 -99.999 8.644 -99.999 -99.999 -99.999 -99.999 -99.999 -99.999 -99.999 -99.999 -99.999 -99.999 -99.999 -99.999
47 G -99.999 -99.999 -99.999 -99.999 -99.999 -99.999 -99.999 8.644 -99.999 -99.999 -99.999 -99.999 -99.999 -99.999 -99.999 -99.999 -99.999 -99.999 -99.999 -99.999
48 G -99.999 -99.999 -99.999 -99.999 -99.999 -99.999 -99.999 8.283 -99.999 -99.999 -99.999 -99.999 -99.999 -99.999 -99.999 2.469 -99.999 -99.999 -99.999 -99.999
49 G -99.999 -99.999 -99.999 -99.999 -99.999 -99.999 -99.999 8.644 -99.999 -99.999 -99.999 -99.999 -99.999 -99.999 -99.999 -99.999 -99.999 -99.999 -99.999 -99.999
50 R -99.999 8.469 -99.999 -99.999 -99.999 -99.999 -99.999 -99.999 -99.999 -99.999 -99.999 0.469 -99.999 -99.999 -99.999 -99.999 -99.999 -99.999 -99.999 -99.999
51 L -99.999 -99.999 -99.999 -99.999 -99.999 -99.999 -99.999 -99.999 -99.999 0.469 7.87 -99.999 2.469 0.469 -99.999 -99.999 -99.999 -99.999 -99.999 -99.999
52 L 2.469 -99.999 -99.999 -99.999 -99.999 -99.999 -99.999 -99.999 -99.999 0.469 6.469 -99.999 -99.999 3.639 -99.999 -99.999 3.639 -99.999 -99.999 -99.999
53 D 0.469 -99.999 -99.999 5.712 -99.999 -99.999 5.564 2.469 0.469 -99.999 -99.999 -99.999 -99.999 -99.999 -99.999 -99.999 0.469 -99.999 -99.999 -99.999
54 P -99.999 -99.999 -99.999 -99.999 -99.999 -99.999 -99.999 -99.999 -99.999 4.644 2.644 -99.999 -99.999 -99.999 7.288 -99.999 -99.999 -99.999 -99.999 -99.999
55 F -99.999 -99.999 -99.999 -99.999 -99.999 -99.999 -99.999 -99.999 -99.999 4.469 5.113 -99.999 -99.999 5.388 -99.999 -99.999 2.469 -99.999 -99.999 -1.531
56 G 0.469 -99.999 0.469 -99.999 -99.999 -99.999 0.469 7.87 -99.999 -99.999 -99.999 -99.999 -99.999 -99.999 -99.999 0.469 -99.999 -99.999 -99.999 -99.999
57 P 0.469 -99.999 -99.999 -99.999 -99.999 -99.999 -99.999 2.469 -99.999 2.914 0.469 -99.999 -99.999 3.639 4.469 -1.531 -1.531 0.469 -99.999 1.943
58 V -99.999 -99.999 -99.999 -99.999 -99.999 -99.999 -99.999 -99.999 -99.999 1.639 3.639 -99.999 -99.999 4.809 3.639 -99.999 -99.999 -99.999 -99.999 5.113
59 S -99.999 -99.999 -99.999 -99.999 -99.999 -99.999 -99.999 -99.999 -99.999 -99.999 -99.999 -99.999 -99.999 -99.999 5.113 6.469 4.469 -99.999 -99.999 -99.999
60 L -99.999 -99.999 -99.999 -99.999 -99.999 -99.999 -99.999 -99.999 -99.999 0.469 6.469 -99.999 -99.999 2.469 3.639 -99.999 -99.999 -99.999 -99.999 3.639
61 R -99.999 8.644 -99.999 -99.999 -99.999 -99.999 -99.999 -99.999 -99.999 -99.999 -99.999 -99.999 -99.999 -99.999 -99.999 -99.999 -99.999 -99.999 -99.999 -99.999
62 Y -99.999 -99.999 -99.999 -99.999 -99.999 -99.999 -99.999 2.469 -99.999 -99.999 -99.999 -99.999 6.084 -99.999 -99.999 -99.999 -99.999 -99.999 6.469 -99.999
63 I -99.999 -99.999 -99.999 -99.999 -99.999 -99.999 -99.999 -99.999 -99.999 5.639 4.469 -99.999 -1.531 0.469 -99.999 -99.999 -99.999 -99.999 0.469 4.809
64 L -99.999 -99.999 -99.999 -99.999 -99.999 -99.999 -99.999 -99.999 -99.999 -99.999 8.014 -99.999 0.469 1.299 -99.999 -99.999 -99.999 -99.999 -99.999 0.469
65 F 2.469 -99.999 -99.999 -99.999 -99.999 -99.999 -99.999 -99.999 -99.999 -99.999 -99.999 -99.999 -99.999 8.283 -99.999 -99.999 -99.999 -99.999 -99.999 -99.999
66 F 2.914 -99.999 -99.999 -99.999 0.469 -99.999 -99.999 -2.701 -99.999 0.469 2.469 -99.999 -99.999 5.639 -99.999 2.469 -99.999 -99.999 -99.999 2.914
67 L -2.701 -99.999 -99.999 -99.999 0.882 -99.999 -99.999 -99.999 -99.999 4.469 6.528 -99.999 -99.999 -0.013 -99.999 -99.999 0.469 -99.999 -99.999 1.639
68 A 4.914 -99.999 -99.999 -99.999 2.469 -99.999 -99.999 4.469 -99.999 0.469 -99.999 -99.999 0.469 -99.999 -99.999 4.7 -99.999 -99.999 -99.999 -99.999
69 I -99.999 -99.999 -99.999 -99.999 0.469 -99.999 -99.999 -99.999 -99.999 6.408 4.914 -99.999 1.639 2.469 -99.999 -99.999 -99.999 -99.999 -99.999 -99.999
70 L 3.299 -99.999 -99.999 -99.999 -99.999 -99.999 -99.999 -99.999 -99.999 3.639 5.113 -99.999 -99.999 0.469 -99.999 0.469 0.469 -99.999 -99.999 3.943
71 L -99.999 -99.999 -99.999 -99.999 -99.999 -99.999 -99.999 -99.999 -99.999 4.809 6.084 -99.999 -99.999 0.469 -99.999 -99.999 -99.999 -99.999 0.469 4.084
72 L 0.469 -99.999 0.469 -99.999 -99.999 -99.999 -99.999 -99.999 -99.999 0.469 5.113 -99.999 -99.999 3.639 -99.999 4.469 2.469 -99.999 -99.999 -99.999
73 I 0.469 -99.999 -99.999 -99.999 -99.999 -99.999 -99.999 0.469 -99.999 5.023 4.809 -99.999 -99.999 4.469 -99.999 -99.999 0.882 -99.999 -99.999 -1.531
74 L -99.999 -99.999 -99.999 -99.999 0.469 -99.999 -99.999 -99.999 -99.999 3.113 6.524 -99.999 -99.999 2.238 0.469 -99.999 -99.999 -99.999 2.469 -1.531
75 N -99.999 -99.999 5.887 1.243 -99.999 -99.999 -99.999 1.243 3.243 -99.999 1.243 3.243 -99.999 -99.999 -99.999 1.243 -99.999 -99.999 -99.999 -99.999
76 L -2.701 -99.999 -99.999 -99.999 -99.999 -99.999 -99.999 -99.999 -99.999 -2.701 6.084 -99.999 -99.999 5.113 -99.999 -99.999 -99.999 -99.999 0.469 3.943
77 I 0.469 -99.999 -99.999 -99.999 0.469 -99.999 -99.999 -99.999 -99.999 4.7 3.943 -99.999 0.469 0.469 -99.999 0.469 -99.999 -99.999 2.469 2.914
78 T -99.999 0.469 -99.999 -99.999 -99.999 -1.531 -99.999 0.469 -99.999 -99.999 2.469 2.469 -99.999 4.469 -99.999 2.469 4.469 -99.999 -99.999 -1.531
79 F -99.999 0.83 -99.999 -99.999 -99.999 -99.999 -99.999 2.83 -99.999 2.83 3.459 2.83 -0.34 3.848 -99.999 2.83 -99.999 -99.999 -99.999 -99.999
80 K -99.999 0.469 1.943 -99.999 -99.999 0.469 -99.999 4.469 -99.999 -99.999 -99.999 5.639 -99.999 -99.999 -99.999 0.469 1.299 -99.999 0.469 -99.999
81 K 1.299 -99.999 3.113 -99.999 -99.999 -99.999 -99.999 0.469 -99.999 3.639 2.469 4.084 -99.999 0.469 -99.999 -0.701 0.469 -99.999 -99.999 0.469
82 K -99.999 3.474 -99.999 -99.999 -99.999 -99.999 0.469 -99.999 0.469 0.469 -99.999 6.283 -99.999 -2.701 -99.999 2.914 0.469 -99.999 -99.999 -99.999
83 I -99.999 -99.999 -99.999 -99.999 -99.999 -99.999 -99.999 -99.999 -99.999 6.965 2.7 -99.999 -99.999 -99.999 0.469 -2.701 2.469 -99.999 -99.999 2.469
84 S 0.469 2.469 3.007 -99.999 -99.999 -99.999 -99.999 -0.701 -99.999 -99.999 -1.531 3.113 -99.999 -99.999 0.469 4.524 2.238 -99.999 0.469 -99.999
85 K -99.999 4.218 -99.999 -99.999 -99.999 0.469 -99.999 -99.999 -99.999 2.469 -99.999 5.113 -99.999 -99.999 0.469 -2.701 0.469 -99.999 2.469 0.469
86 N -99.999 1.639 4.346 2.469 -99.999 0.469 2.469 -99.999 -99.999 -99.999 -99.999 3.474 -99.999 -99.999 -99.999 2.218 0.469 -99.999 0.469 -99.999
87 T -99.999 -99.999 -99.999 -99.999 0.469 -99.999 3.639 -99.999 -99.999 -1.531 -99.999 -99.999 0.469 0.469 -99.999 0.469 4.809 -99.999 2.469 3.639
88 L -0.701 -99.999 -99.999 -99.999 -99.999 0.469 -99.999 -99.999 -99.999 1.639 5.299 0.469 0.469 2.469 -99.999 -99.999 -99.999 0.469 -99.999 4.084
89 I 0.469 -99.999 -99.999 -99.999 -99.999 -99.999 0.469 0.469 -99.999 5.718 4.346 2.469 0.469 -99.999 -99.999 0.469 -99.999 -99.999 -99.999 -99.999
90 L 0.469 -99.999 -99.999 -99.999 -99.999 -99.999 -99.999 -99.999 -99.999 4.469 5.87 -99.999 0.469 0.469 -99.999 -99.999 0.469 -99.999 0.469 1.639
91 I -99.999 -99.999 0.469 -99.999 -99.999 -99.999 -99.999 -99.999 -99.999 4.218 3.639 -99.999 2.914 3.639 -99.999 -99.999 2.469 -99.999 -99.999 2.469
92 I 0.469 -99.999 -99.999 -99.999 -99.999 -99.999 -99.999 -99.999 -99.999 4.914 4.469 -99.999 2.469 2.914 -99.999 2.469 -99.999 -99.999 -99.999 0.469
93 L 2.914 -99.999 -99.999 -99.999 -99.999 -99.999 -99.999 -99.999 -99.999 3.113 5.639 -99.999 1.943 1.639 -99.999 0.469 0.469 0.469 -99.999 -99.999
94 F -99.999 -99.999 -99.999 -99.999 -99.999 -99.999 -99.999 3.639 -99.999 1.299 4.914 -99.999 -99.999 6.084 -99.999 -99.999 -99.999 -99.999 0.469 -99.999
95 T -99.999 -99.999 -99.999 -99.999 -99.999 -99.999 -99.999 0.469 -99.999 -2.701 2.469 -99.999 0.469 3.639 -99.999 2.469 5.639 -99.999 -99.999 1.943
96 L -2.701 -99.999 -99.999 -99.999 0.469 -99.999 -99.999 1.943 -99.999 1.639 3.639 -99.999 -99.999 3.639 -99.999 2.469 2.469 0.469 -99.999 1.639
97 F -99.999 -99.999 -99.999 -99.999 0.469 -99.999 -99.999 -99.999 -99.999 -1.531 4.809 -99.999 2.469 5.113 -99.999 -99.999 0.469 -99.999 3.639 -99.999
98 I -99.999 -99.999 0.469 -99.999 -99.999 -99.999 -99.999 -99.999 -99.999 5.113 3.639 -99.999 -99.999 -99.999 5.113 -99.999 2.469 -99.999 -99.999 0.469
99 P 2.469 -99.999 -99.999 -99.999 0.469 -99.999 -99.999 -99.999 -99.999 2.914 3.098 -99.999 0.469 3.487 3.639 0.469 -99.999 -99.999 -99.999 1.299
100 Y 0.469 -99.999 -99.999 -99.999 0.469 -99.999 -99.999 -99.999 -99.999 3.639 4.469 -99.999 -1.531 0.469 -99.999 -99.999 -1.531 -99.999 5.113 0.469
101 G -99.999 -99.999 -99.999 -99.999 -99.999 -99.999 -99.999 7.757 -99.999 -99.999 -99.999 -99.999 -99.999 -99.999 -99.999 4.084 -99.999 -99.999 0.469 -99.999
102 A 4.218 -99.999 -99.999 -99.999 1.299 -99.999 -99.999 -99.999 -99.999 2.469 4.084 -99.999 0.469 2.469 -99.999 0.469 0.469 -99.999 -99.999 1.639
103 L -99.999 -99.999 -99.999 -99.999 -99.999 -99.999 -99.999 0.469 -99.999 4.469 5.299 -99.999 -99.999 4.218 -99.999 -99.999 0.469 -99.999 -99.999 2.469
104 V -2.701 -99.999 -99.999 -99.999 -99.999 -99.999 -99.999 0.469 -99.999 5.015 2.469 -1.531 -99.999 -99.999 -99.999 -1.531 0.469 -99.999 -99.999 6.014
105 G 0.469 -99.999 -99.999 -99.999 -99.999 -99.999 -99.999 8.084 -99.999 -99.999 -99.999 -99.999 2.469 -99.999 -99.999 -99.999 -99.999 -99.999 -99.999 -99.999
106 F 1.859 -99.999 -99.999 -99.999 -99.999 -99.999 -99.999 -99.999 -99.999 1.029 3.029 -99.999 -99.999 5.029 -99.999 -2.141 -2.141 3.029 1.029 3.029
107 L 4.503 -99.999 -99.999 -99.999 -99.999 -99.999 -99.999 1.029 -99.999 3.474 6.199 -99.999 -99.999 1.029 -99.999 -99.999 -99.999 -99.999 -99.999 -2.141
108 N 2.238 2.469 6.469 -99.999 -99.999 0.469 -99.999 0.469 -99.999 -99.999 -99.999 -99.999 -99.999 -99.999 -99.999 2.469 -4.932 -99.999 0.469 -99.999
109 G -99.999 -99.999 3.639 -99.999 -99.999 -99.999 0.469 6.809 -99.999 -99.999 2.469 -99.999 0.469 -99.999 -99.999 -99.999 0.469 -99.999 -99.999 -99.999
110 N 0.469 0.469 7.388 -99.999 -99.999 -99.999 -99.999 -99.999 0.469 2.469 -99.999 -99.999 -99.999 -99.999 -99.999 0.469 -99.999 -99.999 -99.999 -99.999
111 D 2.469 -99.999 -99.999 5.795 -99.999 -99.999 0.469 -99.999 -99.999 -99.999 0.914 0.469 -99.999 0.469 3.639 1.639 -99.999 -99.999 -99.999 -99.999
112 L 0.469 -99.999 -99.999 -99.999 -99.999 -99.999 -99.999 -99.999 -99.999 4.356 5.113 0.469 -99.999 2.469 -99.999 -99.999 1.943 -99.999 -99.999 3.098
113 S 2.469 -99.999 4.469 -99.999 -99.999 0.469 0.469 0.469 0.469 0.469 -99.999 -1.531 -99.999 -99.999 -99.999 4.587 0.469 -99.999 -2.701 -99.999
114 D 2.469 -99.999 -1.531 5.474 -99.999 0.469 -2.701 -1.531 -99.999 0.469 4.469 2.469 -99.999 -99.999 -99.999 -99.999 -99.999 -99.999 -99.999 -99.999
115 I 2.469 -99.999 -99.999 -99.999 -99.999 -99.999 -99.999 -99.999 -99.999 8.014 -99.999 -99.999 -2.701 -99.999 -99.999 -99.999 -99.999 -99.999 -99.999 0.469
116 F 3.639 -99.999 -99.999 -99.999 -99.999 -99.999 -99.999 -99.999 -99.999 -99.999 2.469 -99.999 2.469 4.469 -99.999 -99.999 0.469 2.469 0.469 2.469
117 F 2.469 -99.999 0.469 -99.999 -99.999 0.469 4.469 0.469 -99.999 -99.999 -99.999 -99.999 -99.999 5.639 -99.999 0.469 -99.999 -99.999 -99.999 0.469
118 D -99.999 -99.999 -99.999 8.644 -99.999 -99.999 -99.999 -99.999 -99.999 -99.999 -99.999 -99.999 -99.999 -99.999 -99.999 -99.999 -99.999 -99.999 -99.999 -99.999
119 V -99.999 -99.999 -99.999 -99.999 -99.999 -99.999 -99.999 -99.999 -99.999 3.639 5.943 -99.999 -6.932 -2.701 -99.999 -99.999 -99.999 -99.999 -99.999 6.052
120 K 0.469 -99.999 -99.999 -99.999 -99.999 5.639 -99.999 0.469 -99.999 -99.999 -99.999 6.809 -99.999 -99.999 -99.999 -99.999 -99.999 -99.999 -99.999 -99.999
121 P -99.999 -99.999 -99.999 -99.999 -99.999 3.639 -99.999 -99.999 -99.999 -99.999 -99.999 -99.999 -99.999 -99.999 8.084 -99.999 -99.999 -99.999 -99.999 -99.999
122 L -99.999 -99.999 -99.999 -99.999 -99.999 -99.999 -99.999 -99.999 -99.999 -1.531 6.283 -99.999 0.469 4.218 -99.999 -99.999 -99.999 -99.999 3.943 0.469
123 L 4.218 -99.999 -99.999 -99.999 -99.999 -99.999 -99.999 -99.999 -99.999 1.299 5.639 -99.999 0.469 0.469 -99.999 3.639 0.469 -99.999 -99.999 -99.999
124 Y -99.999 -99.999 -99.999 -99.999 -99.999 -99.999 -99.999 -99.999 -99.999 -99.999 -99.999 -99.999 -99.999 5.639 -99.999 -99.999 -99.999 -99.999 7.388 -99.999
125 F -99.999 -99.999 -99.999 -99.999 -99.999 -99.999 -99.999 -99.999 -99.999 -99.999 0.469 -99.999 4.469 7.388 -99.999 0.469 -99.999 -99.999 -99.999 -99.999
126 F -99.999 -99.999 -99.999 -99.999 -99.999 -99.999 -99.999 -99.999 -99.999 2.469 5.639 -99.999 0.469 5.87 -99.999 -99.999 -99.999 -99.999 1.639 -99.999
127 I -99.999 -99.999 -99.999 -99.999 -99.999 -99.999 -99.999 -99.999 -99.999 5.388 4.469 -99.999 3.113 0.469 -99.999 3.639 0.469 -99.999 -99.999 -99.999
128 L -99.999 -99.999 -99.999 -99.999 -99.999 -99.999 -99.999 -99.999 -99.999 3.639 6.7 -99.999 2.469 2.469 -99.999 1.299 -99.999 -99.999 -99.999 -99.999
129 L 0.469 -99.999 0.469 -99.999 -99.999 -99.999 -99.999 -99.999 -99.999 3.639 5.639 -99.999 -99.999 2.469 4.469 -99.999 -99.999 -99.999 -99.999 -99.999
130 F -99.999 -99.999 -99.999 -99.999 -99.999 -99.999 -99.999 -99.999 -99.999 -99.999 2.469 -99.999 0.469 6.469 -99.999 -99.999 -99.999 -99.999 5.639 -99.999
131 F -99.999 -99.999 -99.999 -99.999 -99.999 -99.999 -99.999 -99.999 -99.999 4.809 1.299 -99.999 -1.531 6.084 -99.999 -99.999 -99.999 -99.999 -99.999 4.218
132 F 2.469 -99.999 -99.999 -99.999 3.639 0.469 -99.999 -99.999 -99.999 -99.999 3.639 -99.999 -99.999 3.639 -99.999 0.469 0.469 -99.999 3.639 -99.999
133 S -99.999 0.469 0.469 -99.999 -99.999 -99.999 -99.999 -99.999 0.469 1.639 3.113 -99.999 -99.999 2.469 -99.999 3.639 2.469 -99.999 0.469 2.469
134 Q 2.469 -99.999 2.469 -99.999 0.469 4.218 -99.999 -99.999 -99.999 -1.531 2.914 -99.999 1.639 0.469 -99.999 -99.999 0.469 -99.999 0.469 0.469
135 I -99.999 2.356 3.299 -99.999 -99.999 -99.999 -99.999 -99.999 -99.999 5.113 -99.999 2.469 -99.999 2.469 0.469 3.007 -99.999 -99.999 -99.999 -99.999
136 E -99.999 0.83 0.83 4.0 -99.999 0.83 4.0 -99.999 0.83 -99.999 -99.999 2.83 -99.999 -99.999 0.83 -99.999 -99.999 -99.999 2.83 -99.999
137 E -99.999 -99.999 2.644 3.814 -99.999 0.644 5.288 -99.999 -99.999 -2.526 -2.526 -99.999 -99.999 -99.999 -99.999 1.474 2.644 -99.999 0.644 -99.999
138 L -99.999 -99.999 4.413 -99.999 -99.999 -99.999 2.413 -99.999 -99.999 2.717 4.717 1.243 -99.999 -99.999 -99.999 -99.999 -99.999 1.243 -99.999 2.413
139 K 2.644 -99.999 2.644 -99.999 -99.999 -99.999 -99.999 -99.999 -99.999 -99.999 -99.999 5.814 -99.999 -99.999 -99.999 4.644 2.644 -99.999 -99.999 -99.999
140 E -99.999 -99.999 2.644 -99.999 -99.999 2.644 5.089 -99.999 -99.999 -99.999 0.413 4.644 -99.999 -99.999 -99.999 1.474 -99.999 -99.999 -99.999 0.858
141 Y -99.999 -99.999 0.469 -99.999 -99.999 -99.999 -99.999 -99.999 -99.999 0.469 0.469 4.084 -1.531 0.469 -99.999 3.639 -99.999 -99.999 5.113 0.469
142 S 0.469 0.469 -99.999 2.469 -99.999 0.469 0.469 -99.999 -99.999 3.639 3.327 -99.999 -99.999 0.469 -99.999 3.921 0.469 -99.999 -99.999 -99.999
143 I 0.469 -99.999 -99.999 -99.999 0.469 -99.999 0.469 -99.999 -99.999 5.639 2.914 -99.999 -99.999 3.639 0.469 -99.999 -99.999 -99.999 -99.999 1.943
144 E -2.701 0.469 3.639 -99.999 -99.999 -99.999 4.817 0.469 -99.999 -99.999 2.469 2.683 -99.999 -99.999 -99.999 2.469 -99.999 -99.999 -99.999 0.469
145 L -99.999 2.469 2.469 -99.999 -0.701 -99.999 -99.999 -99.999 -99.999 2.613 4.469 3.639 -99.999 -99.999 -99.999 -99.999 0.882 -99.999 2.469 -6.932
146 F -99.999 -99.999 -99.999 -99.999 -99.999 -99.999 -99.999 -99.999 -99.999 4.469 -99.999 -99.999 -99.999 6.469 -99.999 -99.999 0.469 -99.999 -99.999 4.469
147 T -99.999 -99.999 -99.999 -99.999 -99.999 -99.999 -99.999 -99.999 -99.999 -99.999 -99.999 -99.999 -99.999 -99.999 -99.999 -99.999 8.644 -99.999 -99.999 -99.999
148 I 0.469 -99.999 0.469 0.469 0.469 0.469 0.469 -99.999 -99.999 5.434 2.469 -99.999 -99.999 0.469 -99.999 2.469 -99.999 -99.999 -99.999 -2.102
149 K -99.999 2.914 0.469 -99.999 -99.999 0.469 -99.999 -99.999 -99.999 -99.999 -99.999 7.299 -99.999 -99.999 -99.999 0.469 0.469 -99.999 -99.999 -99.999
150 I 0.469 -99.999 -99.999 -99.999 0.469 -99.999 -99.999 -99.999 -99.999 4.708 1.639 -99.999 -99.999 3.639 -99.999 -99.999 1.614 -99.999 3.639 1.943
151 I -99.999 -99.999 -99.999 -99.999 -99.999 -99.999 -99.999 -99.999 -99.999 5.87 5.113 -99.999 -99.999 -99.999 -99.999 0.469 -0.701 -99.999 0.469 3.474
152 K -99.999 -99.999 0.469 -99.999 -99.999 0.469 -99.999 -99.999 -99.999 -99.999 2.469 7.113 -99.999 0.469 -99.999 -99.999 -99.999 -99.999 -99.999 2.469
153 I 2.238 -99.999 -99.999 -99.999 -99.999 -99.999 -99.999 -99.999 -99.999 6.346 -99.999 -99.999 -99.999 -2.701 -99.999 -99.999 0.469 -99.999 4.469 2.683
154 F 0.469 -99.999 -99.999 -99.999 0.469 -99.999 -99.999 3.639 -99.999 0.469 -99.999 -99.999 -99.999 4.469 0.469 3.639 -99.999 -99.999 0.469 2.469
155 S 5.639 -99.999 -99.999 -99.999 -2.701 -99.999 -99.999 -99.999 -99.999 -99.999 -99.999 -99.999 -99.999 -99.999 3.639 5.943 0.469 -99.999 -99.999 -99.999
156 L 0.469 -99.999 -99.999 -99.999 -99.999 -99.999 -99.999 -99.999 -99.999 5.207 6.084 -99.999 -99.999 -99.999 0.469 -99.999 -99.999 -99.999 -99.999 3.474
157 I -99.999 -99.999 -99.999 -99.999 -99.999 -99.999 -99.999 0.469 -99.999 6.283 5.113 -99.999 -99.999 0.469 -99.999 -99.999 -99.999 -99.999 0.469 1.639
158 M 3.639 -99.999 -99.999 -99.999 -99.999 -99.999 -99.999 0.469 -99.999 0.469 4.469 -99.999 5.639 -99.999 -99.999 -99.999 2.469 -99.999 -99.999 -99.999
159 S 5.157 -99.999 -99.999 -99.999 -99.999 -99.999 -99.999 5.113 -99.999 -99.999 -99.999 -99.999 -99.999 -99.999 -99.999 6.052 -99.999 -99.999 -99.999 -99.999
160 V 0.469 -99.999 -99.999 -99.999 0.469 -99.999 -99.999 0.469 -99.999 3.639 3.639 -99.999 -99.999 -99.999 -99.999 2.469 -99.999 -99.999 -99.999 5.639
161 L 0.469 -99.999 -99.999 -99.999 3.639 -99.999 -99.999 -99.999 -99.999 2.218 4.914 -99.999 -99.999 0.469 -99.999 1.639 0.469 -99.999 -99.999 3.639
162 Y -99.999 -99.999 -99.999 -99.999 -99.999 2.469 -99.999 -99.999 -99.999 -99.999 -99.999 -99.999 -99.999 3.639 -99.999 -99.999 -99.999 -99.999 7.639 -99.999
163 I -99.999 -99.999 -99.999 -99.999 -99.999 -99.999 -99.999 -99.999 -99.999 6.644 4.469 -99.999 -99.999 3.639 -99.999 -99.999 -99.999 -99.999 -99.999 1.639
164 L 1.299 -99.999 -99.999 -99.999 0.469 -99.999 -99.999 0.469 -99.999 3.639 4.009 -99.999 -99.999 3.943 -99.999 0.238 0.469 -99.999 -99.999 2.469
165 Y 0.83 -99.999 -99.999 -99.999 -99.999 -99.999 -99.999 -99.999 -99.999 4.0 4.83 -99.999 -99.999 0.83 -99.999 -99.999 0.83 -99.999 5.474 -99.999
166 I 0.469 -99.999 -99.999 -99.999 -99.999 -99.999 -99.999 -99.999 -99.999 5.113 4.469 -99.999 -99.999 2.469 -99.999 -99.999 -99.999 -99.999 0.469 4.469
167 I -1.531 -99.999 -99.999 -99.999 -99.999 -99.999 -99.999 -99.999 -99.999 5.388 5.113 -99.999 0.469 0.469 -99.999 0.469 -99.999 -99.999 0.469 2.469
168 L -99.999 -99.999 -99.999 -99.999 -99.999 -99.999 -99.999 -99.999 -99.999 2.469 6.755 -99.999 1.943 1.639 -99.999 -99.999 -99.999 -99.999 0.469 2.469
169 L -99.999 -99.999 -99.999 -99.999 -99.999 -99.999 -99.999 -99.999 -99.999 4.469 6.469 -99.999 2.469 0.469 -99.999 -99.999 -99.999 0.469 -99.999 0.469
170 N -99.999 0.469 5.113 -99.999 -99.999 -99.999 -99.999 -99.999 4.469 2.469 -99.999 4.469 -99.999 -99.999 -99.999 -99.999 -99.999 -99.999 0.469 -99.999
171 F 1.943 -99.999 -99.999 -99.999 -99.999 -99.999 -99.999 -2.701 -99.999 0.469 2.683 -99.999 -99.999 5.023 -99.999 4.469 0.469 -99.999 2.469 -99.999
172 G -99.999 -99.999 2.469 3.639 -99.999 -99.999 0.469 7.388 -99.999 -99.999 -99.999 -99.999 -99.999 -99.999 -99.999 -99.999 -99.999 -99.999 -99.999 -99.999
173 F -99.999 -99.999 -99.999 -99.999 -99.999 -99.999 -99.999 -99.999 -99.999 2.469 5.299 -99.999 1.943 5.388 -99.999 -99.999 -99.999 -99.999 0.469 1.639
174 L -99.999 -99.999 -99.999 -99.999 -99.999 -99.999 -99.999 2.469 -99.999 3.639 5.795 -99.999 -99.999 0.469 -99.999 -99.999 -99.999 -99.999 -99.999 4.914
175 P -99.999 0.469 3.564 4.524 -99.999 -99.999 -99.999 -99.999 -99.999 -99.999 -99.999 0.469 -99.999 -99.999 5.113 2.469 0.469 -99.999 -99.999 -99.999
176 F -99.999 -99.999 -99.999 -99.999 -99.999 -99.999 -99.999 -99.999 -99.999 -99.999 -99.999 -99.999 -99.999 8.408 -99.999 -2.701 0.469 -99.999 -99.999 -99.999
177 N -99.999 -99.999 5.113 0.469 -99.999 -99.999 2.469 -99.999 -99.999 0.469 3.113 -99.999 -99.999 -99.999 1.943 2.469 -99.999 -99.999 0.469 -0.057
178 S 3.943 0.469 -99.999 -99.999 -99.999 2.469 -99.999 -99.999 -99.999 -99.999 3.639 -99.999 -99.999 0.469 0.469 4.218 2.469 -99.999 -99.999 -99.999
179 F -99.999 -99.999 -99.999 -99.999 -99.999 -99.999 -99.999 -99.999 -99.999 5.795 -99.999 -99.999 0.469 6.346 -99.999 -99.999 -99.999 -99.999 -99.999 2.469
180 V -99.999 -99.999 -99.999 -99.999 -99.999 -99.999 -99.999 -99.999 -99.999 -99.999 -99.999 -99.999 -99.999 -99.999 -99.999 -99.999 -99.999 -99.999 -99.999 8.644
181 A 8.644 -99.999 -99.999 -99.999 -99.999 -99.999 -99.999 -99.999 -99.999 -99.999 -99.999 -99.999 -99.999 -99.999 -99.999 -99.999 -99.999 -99.999 -99.999 -99.999
182 W -99.999 -99.999 -99.999 -99.999 -99.999 -99.999 -99.999 -99.999 -99.999 -99.999 -99.999 -99.999 -99.999 -99.999 -99.999 -99.999 -99.999 8.644 -99.999 -99.999
183 Y -99.999 -99.999 -99.999 -99.999 -99.999 -99.999 -99.999 -99.999 -99.999 -99.999 -99.999 -99.999 -99.999 0.469 -99.999 -99.999 -99.999 -99.999 8.469 -99.999
184 N 2.469 -99.999 5.015 -1.531 -99.999 0.469 2.238 0.469 -99.999 -99.999 0.469 0.882 -99.999 -99.999 -99.999 3.299 -99.999 -99.999 -99.999 0.469
185 P -99.999 -99.999 -99.999 -99.999 -99.999 -99.999 -99.999 -99.999 -99.999 -99.999 -99.999 -99.999 -99.999 -99.999 8.644 -99.999 -99.999 -99.999 -99.999 -99.999
186 L 3.275 -99.999 -99.999 -99.999 -99.999 1.044 -99.999 -99.999 0.599 -99.999 4.83 0.83 -99.999 0.83 -99.999 -99.999 -0.34 0.83 0.83 2.83
187 L 2.469 -99.999 -99.999 -99.999 -99.999 0.469 -99.999 0.469 0.469 0.469 6.469 -99.999 0.469 -99.999 -99.999 -99.999 2.469 -99.999 -99.999 -99.999
188 E -99.999 -99.999 -99.999 -99.999 -99.999 -99.999 8.644 -99.999 -99.999 -99.999 -99.999 -99.999 -99.999 -99.999 -99.999 -99.999 -99.999 -99.999 -99.999 -99.999
189 S -99.999 -99.999 2.469 0.469 -99.999 -99.999 2.469 -99.999 -99.999 -99.999 -99.999 -99.999 -99.999 -99.999 -99.999 7.254 1.639 -99.999 -99.999 -99.999
190 L 0.469 -99.999 -99.999 -99.999 -99.999 -99.999 2.469 -1.531 0.469 2.469 3.639 2.469 -99.999 -99.999 0.469 1.639 3.639 -99.999 -99.999 -99.999
191 T -99.999 -99.999 -99.999 -99.999 -99.999 0.469 -99.999 2.469 -99.999 0.469 -99.999 -99.999 -99.999 -99.999 -99.999 5.113 6.469 -99.999 -99.999 -99.999
192 G -99.999 0.469 2.469 4.469 -99.999 0.469 -99.999 5.113 -99.999 -99.999 -99.999 -99.999 -99.999 -99.999 -99.999 3.639 -99.999 -99.999 -99.999 0.469
193 E -99.999 -99.999 -99.999 2.469 -99.999 -99.999 8.283 -99.999 -99.999 -99.999 -99.999 -99.999 -99.999 -99.999 -99.999 -99.999 -99.999 -99.999 -99.999 -99.999
194 F -99.999 -99.999 -99.999 -99.999 -99.999 -99.999 -99.999 -99.999 -99.999 3.639 -99.999 -99.999 -99.999 8.084 -99.999 -99.999 -99.999 -99.999 -99.999 -99.999
195 F -99.999 -99.999 -99.999 -99.999 -99.999 -99.999 -99.999 -99.999 -99.999 0.469 0.469 -99.999 2.469 7.388 -99.999 -99.999 -99.999 -99.999 2.469 -99.999
196 F -99.999 -99.999 -99.999 -99.999 -99.999 -99.999 -99.999 -99.999 -99.999 -99.999 -99.999 -99.999 -99.999 8.283 -99.999 -99.999 -99.999 -99.999 2.469 -99.999
197 R -99.999 8.644 -99.999 -99.999 -99.999 -99.999 -99.999 -99.999 -99.999 -99.999 -99.999 -99.999 -99.999 -99.999 -99.999 -99.999 -99.999 -99.999 -99.999 -99.999
198 G -99.999 -99.999 -99.999 -99.999 -99.999 -99.999 2.469 7.113 -99.999 -99.999 -99.999 -99.999 -99.999 -99.999 5.113 -99.999 -99.999 -99.999 -99.999 -99.999
199 E -99.999 -99.999 -99.999 3.474 -99.999 -99.999 8.118 -99.999 -99.999 -99.999 -99.999 -99.999 -99.999 -99.999 -99.999 -99.999 -99.999 -99.999 -99.999 -99.999
200 D -99.999 -99.999 0.469 5.87 -99.999 2.469 4.084 0.469 -99.999 -99.999 -99.999 -99.999 -99.999 -99.999 -99.999 3.639 -99.999 -99.999 -99.999 -99.999
201 G -99.999 -99.999 -99.999 -99.999 -99.999 0.469 -99.999 6.809 0.469 0.469 0.469 -99.999 -99.999 0.469 -99.999 2.469 0.469 -99.999 -99.999 -99.999
202 A 6.084 -99.999 -99.999 -99.999 -99.999 -99.999 -99.999 0.469 -99.999 -99.999 2.469 -99.999 -99.999 -99.999 -99.999 -99.999 5.113 -99.999 2.469 -99.999
203 F -99.999 -99.999 -99.999 -99.999 -99.999 -99.999 -99.999 -99.999 -99.999 -99.999 -99.999 -99.999 -99.999 8.644 -99.999 -99.999 -99.999 -99.999 -99.999 -99.999
204 F -99.999 -99.999 -99.999 -99.999 -99.999 -99.999 -99.999 -99.999 -99.999 -99.999 -99.999 -99.999 -99.999 8.283 -99.999 -99.999 -99.999 -99.999 -99.999 2.469
205 Y 3.639 -99.999 -99.999 -99.999 -99.999 -99.999 -99.999 -99.999 -99.999 -99.999 -99.999 -99.999 -99.999 0.469 -99.999 2.469 -99.999 -99.999 7.388 -99.999
206 K -99.999 -99.999 -99.999 -99.999 -99.999 -99.999 -99.999 -99.999 -99.999 -99.999 -99.999 8.644 -99.999 -99.999 -99.999 -99.999 -99.999 -99.999 -99.999 -99.999
207 G 0.469 -99.999 -99.999 -99.999 -99.999 -99.999 -99.999 7.113 -99.999 -99.999 -99.999 -99.999 -99.999 -99.999 -99.999 5.639 -99.999 -99.999 -99.999 -99.999
208 F -99.999 -99.999 -99.999 -99.999 -99.999 -99.999 -99.999 -99.999 -99.999 -99.999 -99.999 -99.999 -99.999 8.455 -99.999 -6.932 -99.999 -99.999 -99.999 0.469
209 F -99.999 -99.999 -99.999 -99.999 -99.999 -99.999 -99.999 -99.999 -99.999 0.469 5.113 -99.999 -99.999 6.469 0.469 -99.999 -99.999 -99.999 0.469 0.469
210 F -99.999 -99.999 -99.999 -99.999 0.469 -99.999 -99.999 -99.999 -99.999 -99.999 -99.999 -99.999 -99.999 7.113 -99.999 -99.999 -99.999 -99.999 5.639 -99.999
211 L -99.999 -99.999 -99.999 -99.999 -99.999 -99.999 -99.999 -99.999 -99.999 3.299 7.474 -99.999 -99.999 2.469 -99.999 -99.999 -99.999 -99.999 -99.999 0.469
212 G -99.999 -99.999 -99.999 -99.999 2.469 -99.999 -99.999 7.87 -99.999 0.469 0.469 -99.999 -99.999 -99.999 -99.999 -99.999 -99.999 -99.999 -99.999 -99.999
213 I -6.932 -99.999 -99.999 -99.999 -99.999 -99.999 -99.999 -99.999 -99.999 7.113 2.469 -99.999 -99.999 -99.999 -99.999 -99.999 0.469 -99.999 -99.999 4.413
214 G 3.639 -99.999 -99.999 -99.999 -99.999 -99.999 -99.999 8.084 -99.999 -99.999 -99.999 -99.999 -99.999 -99.999 -99.999 -99.999 -99.999 -99.999 -99.999 -99.999
215 A 4.469 -99.999 -99.999 -99.999 3.639 -99.999 -99.999 -99.999 -99.999 -99.999 0.469 -99.999 -99.999 3.639 -99.999 3.639 2.469 -99.999 -99.999 0.469
216 I -99.999 -99.999 -99.999 -99.999 -99.999 -99.999 -99.999 -99.999 -99.999 7.113 -99.999 -99.999 -99.999 5.113 -99.999 -99.999 -99.999 -99.999 -99.999 2.469
217 F 0.469 -99.999 -99.999 -99.999 -99.999 -99.999 -99.999 -99.999 -99.999 2.469 3.639 -99.999 -99.999 6.469 -99.999 -99.999 -99.999 -99.999 3.639 -99.999
218 F 2.469 -99.999 -99.999 -99.999 0.469 -99.999 -99.999 -99.999 -99.999 -99.999 2.469 -99.999 -99.999 6.809 -99.999 2.469 -99.999 -99.999 0.469 -99.999
219 F -99.999 -99.999 -99.999 -99.999 -6.932 -99.999 -99.999 -99.999 -99.999 -99.999 4.469 -99.999 0.469 6.441 -99.999 -99.999 -99.999 -99.999 0.469 3.639
220 I -99.999 -99.999 0.482 -99.999 2.482 -99.999 2.482 -99.999 -99.999 5.487 -99.999 -99.999 -99.999 3.652 -99.999 0.482 0.482 -99.999 -99.999 1.141
221 E -99.999 2.578 1.783 -0.013 -99.999 -99.999 6.084 0.469 -99.999 -99.999 -99.999 0.469 -99.999 -99.999 -99.999 3.639 -99.999 -99.999 -1.531 -99.999
222 K -99.999 3.639 2.469 1.639 -99.999 -6.932 1.639 0.469 -99.999 0.469 -99.999 6.052 -99.999 -99.999 -99.999 -99.999 -99.999 -99.999 -99.999 -99.999
223 N -99.999 -99.999 5.474 -99.999 -99.999 -99.999 2.304 -99.999 -99.999 -99.999 -99.999 -99.999 -99.999 -99.999 -99.999 4.304 4.304 -99.999 2.304 -99.999
224 N -99.999 -99.999 6.644 -99.999 -99.999 -99.999 -99.999 -99.999 -99.999 -99.999 -99.999 -99.999 -99.999 -99.999 -99.999 -99.999 -99.999 -99.999 -99.999 6.644
225 K -99.999 -99.999 4.304 -99.999 -99.999 -99.999 -99.999 -99.999 -99.999 2.304 -99.999 5.474 -99.999 2.304 2.304 2.304 -99.999 -99.999 -99.999 -99.999
226 K -99.999 -99.999 -99.999 -99.999 0.304 -99.999 -99.999 2.304 -99.999 -99.999 2.304 5.474 -99.999 -99.999 -99.999 2.304 -99.999 2.304 0.304 2.304
227 N -99.999 -99.999 8.644 -99.999 -99.999 -99.999 -99.999 -99.999 -99.999 -99.999 -99.999 -99.999 -99.999 -99.999 -99.999 -99.999 -99.999 -99.999 -99.999 -99.999
228 K -99.999 -99.999 -99.999 -99.999 -99.999 -99.999 -99.999 -99.999 -99.999 -99.999 -99.999 8.644 -99.999 -99.999 -99.999 -99.999 -99.999 -99.999 -99.999 -99.999
229 K -99.999 -99.999 -99.999 -99.999 -99.999 -99.999 -99.999 -99.999 -99.999 -99.999 -99.999 8.644 -99.999 -99.999 -99.999 -99.999 -99.999 -99.999 -99.999 -99.999
230 K -99.999 -99.999 -99.999 -99.999 -99.999 -99.999 -99.999 -99.999 -99.999 -99.999 -99.999 8.644 -99.999 -99.999 -99.999 -99.999 -99.999 -99.999 -99.999 -99.999
231 K -99.999 4.469 -99.999 0.469 -99.999 0.469 -99.999 -99.999 -99.999 -99.999 -99.999 7.388 -99.999 -99.999 -99.999 -99.999 -99.999 -99.999 -99.999 -99.999
232 Y -99.999 -99.999 -99.999 -99.999 -99.999 -99.999 -99.999 -99.999 -99.999 2.469 4.469 2.469 -99.999 0.469 -99.999 -99.999 -99.999 -99.999 6.469 -99.999
233 L -99.999 -99.999 -99.999 0.469 -99.999 -99.999 -99.999 0.469 -99.999 0.469 6.587 -99.999 -99.999 4.218 -99.999 0.469 -99.999 -99.999 -99.999 0.469
234 I 0.469 -99.999 -99.999 -99.999 -99.999 -99.999 -99.999 0.469 -99.999 4.469 2.7 0.469 -99.999 3.943 -99.999 0.469 -99.999 -99.999 3.639 -1.531
235 F 3.814 -99.999 -99.999 -99.999 0.413 -99.999 -99.999 0.644 -99.999 -99.999 3.814 -99.999 0.644 5.288 -99.999 -99.999 0.644 -6.757 -99.999 0.644
236 L 0.469 -99.999 -99.999 -99.999 0.469 -99.999 -99.999 -99.999 -99.999 2.218 5.909 -99.999 -99.999 2.578 -99.999 0.469 2.469 -99.999 -99.999 1.639
237 L -99.999 -99.999 -99.999 -99.999 0.469 -99.999 -99.999 -99.999 -99.999 3.954 5.676 -99.999 -6.932 5.388 -99.999 -99.999 -99.999 -99.999 -99.999 0.469
238 L -99.999 -99.999 -99.999 -99.999 2.469 -99.999 -99.999 -99.999 -99.999 2.469 6.809 -99.999 -99.999 0.469 -99.999 -2.701 -0.701 -99.999 -99.999 2.469
239 L -99.999 -99.999 -99.999 -99.999 -99.999 -99.999 -99.999 0.469 -99.999 2.914 5.113 -99.999 0.469 4.469 -99.999 -99.999 -99.999 -99.999 -99.999 4.218
240 V 0.469 -99.999 -99.999 -99.999 -99.999 -99.999 -99.999 -99.999 -99.999 1.299 5.113 -99.999 -99.999 2.469 -99.999 1.943 -1.531 -99.999 -99.999 5.388
241 A 7.113 -99.999 -99.999 -99.999 4.809 -99.999 -99.999 -99.999 -99.999 -99.999 -99.999 -99.999 -99.999 -99.999 0.469 -1.531 0.469 -99.999 -99.999 -99.999
242 I -99.999 -99.999 -99.999 -99.999 -99.999 -99.999 -99.999 -99.999 -99.999 8.185 2.469 -99.999 -99.999 -99.999 -99.999 -99.999 -99.999 -99.999 -99.999 -1.531
243 L 0.469 -99.999 -99.999 -99.999 -99.999 -99.999 -99.999 -99.999 -99.999 2.469 4.469 -99.999 -1.531 4.469 -99.999 -99.999 -99.999 -99.999 4.469 1.639
244 L -99.999 -99.999 -99.999 -99.999 -99.999 -99.999 -99.999 -99.999 -99.999 -99.999 8.084 -99.999 -99.999 2.469 -99.999 0.469 -99.999 -99.999 -99.999 -99.999
245 T -99.999 -99.999 -99.999 -99.999 0.469 -99.999 -99.999 -99.999 -99.999 -99.999 0.469 -99.999 -99.999 -99.999 -99.999 4.469 7.388 -99.999 -99.999 -99.999
246 E -99.999 -99.999 0.469 -99.999 -99.999 3.639 5.113 -99.999 0.469 -99.999 0.469 -99.999 0.469 0.469 -99.999 -99.999 -99.999 -99.999 2.469 2.469
247 T 0.469 -99.999 -99.999 -99.999 -99.999 -99.999 -99.999 -99.999 -99.999 -99.999 -99.999 -99.999 -99.999 -99.999 -99.999 0.469 8.283 -99.999 -99.999 -99.999
248 R -99.999 8.644 -99.999 -99.999 -99.999 -99.999 -99.999 -99.999 -99.999 -99.999 -99.999 -99.999 -99.999 -99.999 -99.999 -99.999 -99.999 -99.999 -99.999 -99.999
249 G -99.999 -99.999 -99.999 -99.999 -99.999 -99.999 -99.999 8.644 -99.999 -99.999 -99.999 -99.999 -99.999 -99.999 -99.999 -99.999 -99.999 -99.999 -99.999 -99.999
250 L -99.999 -99.999 -99.999 -99.999 -99.999 -99.999 -99.999 -99.999 -99.999 0.469 5.639 -99.999 0.469 3.639 -99.999 -99.999 -99.999 -99.999 0.469 5.113
251 L -99.999 -99.999 -99.999 -99.999 -99.999 -99.999 -99.999 -99.999 -99.999 3.639 5.639 -99.999 -99.999 4.469 -99.999 -99.999 -99.999 0.469 2.469 0.469
252 L -99.999 -99.999 -99.999 -99.999 -99.999 -99.999 -99.999 -99.999 -99.999 2.469 7.87 -99.999 -99.999 2.469 -99.999 -99.999 -99.999 -99.999 -99.999 -99.999
253 F 4.469 -99.999 -99.999 -99.999 -99.999 -99.999 -99.999 -99.999 -99.999 -99.999 -99.999 -99.999 -99.999 5.639 -99.999 5.113 0.469 -99.999 -99.999 0.469
254 T 2.469 -99.999 -99.999 -99.999 -99.999 -99.999 -99.999 -99.999 -99.999 0.469 4.469 -99.999 -99.999 0.469 -99.999 2.469 5.113 -99.999 -99.999 2.469
255 I 2.469 -99.999 -99.999 -99.999 2.469 -99.999 -99.999 2.469 -99.999 4.469 0.469 -99.999 -99.999 3.639 -99.999 0.469 0.469 -99.999 -99.999 0.469
256 L 0.469 -99.999 -99.999 -99.999 0.469 -99.999 -99.999 -99.999 -99.999 4.218 5.113 -99.999 -99.999 3.639 -99.999 -99.999 -99.999 -99.999 -99.999 3.943
257 A 4.579 -99.999 -99.999 -99.999 -99.999 -99.999 -99.999 0.83 -99.999 2.83 -99.999 -99.999 -99.999 -99.999 -99.999 4.304 2.83 -99.999 -99.999 4.0
258 V 2.469 -99.999 -99.999 -99.999 0.469 -99.999 -99.999 -99.999 -99.999 3.639 2.469 -99.999 0.469 -99.999 -99.999 -99.999 3.639 -99.999 0.469 4.469
259 L 3.639 -99.999 -99.999 -99.999 1.639 -99.999 -99.999 -99.999 -99.999 0.469 5.639 -99.999 2.469 2.469 -99.999 -99.999 0.469 -99.999 -1.531 -99.999
260 L 2.469 -99.999 -99.999 -99.999 -99.999 -99.999 -99.999 0.469 -99.999 3.639 5.639 -99.999 -99.999 4.084 -99.999 0.469 -99.999 -99.999 -1.531 -99.999
261 V -99.999 -99.999 -99.999 -99.999 -99.999 -99.999 -99.999 -99.999 -99.999 -99.999 -99.999 -99.999 -99.999 -99.999 -99.999 -99.999 -99.999 -99.999 -99.999 8.644
262 Y -99.999 -99.999 -99.999 -99.999 -99.999 -99.999 -99.999 -99.999 -99.999 -99.999 -99.999 -99.999 -99.999 -99.999 -99.999 -99.999 -99.999 -99.999 8.644 -99.999
263 A 5.639 -99.999 -99.999 -99.999 -99.999 -99.999 -99.999 -99.999 0.469 -99.999 2.469 0.469 -99.999 0.469 -99.999 -99.999 2.469 -99.999 4.469 -99.999
264 S -99.999 -99.999 -99.999 0.469 -99.999 -99.999 0.469 -99.999 -99.999 0.469 0.469 -99.999 -99.999 -99.999 -99.999 5.639 -99.999 0.469 5.113 0.469
265 F -99.999 -99.999 -99.999 -99.999 -99.999 -99.999 -99.999 -99.999 -99.999 0.469 3.299 -99.999 2.469 6.408 -99.999 -99.999 -99.999 0.469 1.639 0.469
266 R -99.999 4.83 -99.999 -99.999 -99.999 -99.999 -99.999 -99.999 -99.999 2.83 0.83 4.0 -99.999 4.83 -99.999 -99.999 -99.999 -99.999 -99.999 0.83
267 I -99.999 -99.999 2.83 -99.999 -99.999 -99.999 -99.999 0.83 -99.999 5.474 4.0 -99.999 -99.999 0.83 -99.999 0.83 2.83 -99.999 -99.999 -99.999
268 N 2.469 0.469 5.113 0.469 -99.999 2.469 -99.999 -99.999 0.469 0.469 -99.999 2.469 -99.999 -99.999 -99.999 0.469 -99.999 -99.999 -99.999 0.469
269 K -99.999 2.469 2.469 -99.999 -99.999 0.469 0.469 0.469 -99.999 -99.999 -99.999 6.084 -99.999 -99.999 -99.999 2.469 0.469 -99.999 -99.999 -99.999
270 L 1.029 -99.999 3.029 -99.999 -99.999 1.029 -99.999 -99.999 -99.999 -99.999 4.199 4.199 3.029 -99.999 -99.999 -99.999 -99.999 -99.999 -99.999 3.029
271 Y -99.999 1.029 -99.999 -99.999 -99.999 -99.999 -99.999 -99.999 -99.999 2.199 1.029 3.673 -2.141 -99.999 -99.999 4.199 -99.999 -99.999 5.029 -0.141
272 K -99.999 -99.999 -99.999 -99.999 -99.999 -99.999 -99.999 -99.999 -99.999 3.113 4.084 6.084 -99.999 0.469 -99.999 -99.999 -99.999 -99.999 0.469 2.469
273 N -99.999 -99.999 6.413 1.243 -99.999 1.243 -99.999 -99.999 3.243 -99.999 1.243 1.243 -99.999 -99.999 -99.999 1.243 -99.999 -99.999 -99.999 -99.999
274 T 2.717 1.243 -99.999 -99.999 -99.999 -99.999 -99.999 -99.999 -99.999 3.243 2.073 1.243 -99.999 -99.999 -99.999 3.243 4.413 -99.999 -99.999 1.243
275 L 3.725 -99.999 -99.999 -99.999 -99.999 -99.999 -99.999 -99.999 -99.999 4.17 6.17 -99.999 -99.999 -99.999 -99.999 -99.999 3.725 -99.999 -99.999 -99.999
276 F -99.999 -99.999 -99.999 -99.999 -99.999 -99.999 -99.999 -99.999 -99.999 5.113 2.469 -99.999 -99.999 5.639 -99.999 0.469 -99.999 -99.999 2.469 0.469
277 I 3.639 -99.999 -99.999 -99.999 -99.999 -99.999 -99.999 -99.999 -99.999 5.639 2.469 2.469 -99.999 -99.999 0.469 -99.999 0.469 -99.999 -99.999 2.469
278 L 1.299 -99.999 -99.999 -99.999 -99.999 -99.999 -99.999 -0.701 -99.999 4.469 5.113 -99.999 0.469 2.469 -99.999 0.469 -99.999 -99.999 -99.999 2.469
279 L -99.999 -99.999 -99.999 -99.999 -99.999 -99.999 -99.999 -99.999 -99.999 4.218 5.299 -99.999 0.469 3.639 -99.999 -99.999 -99.999 -99.999 0.469 3.639
280 F 0.469 -99.999 -99.999 -99.999 -99.999 -99.999 -99.999 2.469 -99.999 2.469 3.639 -99.999 0.469 4.469 -99.999 2.469 2.469 -99.999 -99.999 -99.999
281 A 5.113 -99.999 0.469 -99.999 -4.932 -99.999 -99.999 0.469 -99.999 -99.999 2.469 -99.999 -99.999 -99.999 -99.999 4.356 -99.999 -99.999 -99.999 4.469
282 S -99.999 -99.999 -99.999 -99.999 -99.999 -99.999 -99.999 -99.999 -99.999 5.474 -99.999 -99.999 -99.999 -99.999 -99.999 7.474 -99.999 -99.999 -99.999 -99.999
283 P -99.999 -99.999 -99.999 -99.999 -99.999 -99.999 -99.999 -99.999 -99.999 -99.999 -99.999 -99.999 -99.999 -99.999 8.644 -99.999 -99.999 -99.999 -99.999 -99.999
284 V 1.943 -99.999 -99.999 -99.999 -99.999 -99.999 -99.999 -99.999 -99.999 4.084 4.469 -99.999 -99.999 3.639 -99.999 -99.999 -99.999 -99.999 -99.999 5.015
285 L 3.474 -99.999 -99.999 -99.999 -99.999 -99.999 -99.999 -99.999 -99.999 3.474 5.474 -99.999 -99.999 1.474 -99.999 1.474 -99.999 -99.999 -99.999 3.474
286 I -99.999 -99.999 -99.999 -99.999 -99.999 -99.999 -99.999 -99.999 -99.999 6.644 4.644 -99.999 -99.999 1.474 -99.999 -99.999 -99.999 -99.999 -99.999 3.474
287 V -99.999 -99.999 -99.999 -99.999 -99.999 -99.999 -99.999 -99.999 -99.999 4.0 5.17 -99.999 -99.999 -99.999 -99.999 -99.999 -99.999 -99.999 -99.999 6.644
288 V -99.999 -99.999 -99.999 -99.999 -99.999 -99.999 -99.999 -99.999 -99.999 5.17 -99.999 -99.999 -99.999 -99.999 -99.999 -99.999 -99.999 -99.999 -99.999 7.615
289 L -99.999 -99.999 -99.999 -99.999 -99.999 -99.999 -99.999 -99.999 -99.999 2.0 4.644 -99.999 4.0 2.0 -99.999 -99.999 -99.999 4.0 2.0 0.0
290 G -99.999 -99.999 -99.999 -99.999 -99.999 -99.999 -99.999 6.304 -99.999 4.304 -99.999 -99.999 -99.999 -99.999 4.304 2.304 -99.999 -99.999 -99.999 -99.999
291 T -99.999 -99.999 -99.999 -99.999 -99.999 -99.999 -99.999 -99.999 -99.999 -99.999 -99.999 -99.999 -99.999 -99.999 -99.999 -99.999 8.644 -99.999 -99.999 -99.999
292 N -99.999 -99.999 4.304 -99.999 -99.999 -99.999 -99.999 -99.999 -99.999 4.304 2.304 -99.999 2.304 2.304 -99.999 -99.999 -99.999 -99.999 -99.999 4.304
293 L 2.469 -99.999 -99.999 -99.999 -99.999 -99.999 -99.999 -99.999 -99.999 2.469 6.084 0.469 0.469 2.469 -99.999 0.469 0.469 -99.999 -99.999 -99.999
294 G -99.999 -99.999 -99.999 -99.999 -99.999 -99.999 -99.999 4.084 -99.999 2.469 0.469 -99.999 0.469 3.639 -99.999 4.084 -99.999 -99.999 2.469 0.469
295 L 2.83 -99.999 -99.999 -99.999 -99.999 -99.999 -1.17 -99.999 -99.999 0.83 4.304 -99.999 -99.999 3.66 -99.999 -99.999 3.474 0.83 0.83 0.83
296 I 4.579 -99.999 -99.999 -99.999 -99.999 -99.999 -99.999 4.304 -99.999 5.474 0.83 -99.999 -99.999 2.83 -99.999 -99.999 -99.999 -99.999 -99.999 -99.999
297 N -99.999 -99.999 6.644 -99.999 -99.999 -99.999 -99.999 -99.999 -99.999 -99.999 -99.999 -99.999 -99.999 -99.999 -99.999 6.644 -99.999 -99.999 -99.999 -99.999
298 L -99.999 -99.999 -99.999 -99.999 -99.999 -99.999 -99.999 -99.999 -99.999 -99.999 6.644 -99.999 -99.999 6.644 -99.999 -99.999 -99.999 -99.999 -99.999 -99.999
299 S -99.999 -99.999 -99.999 -99.999 -99.999 -99.999 -99.999 -99.999 -99.999 -99.999 -99.999 -99.999 -99.999 -99.999 -99.999 8.644 -99.999 -99.999 -99.999 -99.999
300 R -99.999 8.644 -99.999 -99.999 -99.999 -99.999 -99.999 -99.999 -99.999 -99.999 -99.999 -99.999 -99.999 -99.999 -99.999 -99.999 -99.999 -99.999 -99.999 -99.999
301 T -99.999 -99.999 -99.999 -99.999 -99.999 -99.999 -99.999 -99.999 -99.999 -99.999 -99.999 -99.999 -99.999 -99.999 -99.999 -99.999 6.644 6.644 -99.999 -99.999
302 I -99.999 -99.999 -99.999 -99.999 -99.999 -99.999 -99.999 -99.999 -99.999 6.644 6.644 -99.999 -99.999 -99.999 -99.999 -99.999 -99.999 -99.999 -99.999 -99.999
303 D -99.999 -99.999 -99.999 8.644 -99.999 -99.999 -99.999 -99.999 -99.999 -99.999 -99.999 -99.999 -99.999 -99.999 -99.999 -99.999 -99.999 -99.999 -99.999 -99.999
304 A 6.644 -99.999 -99.999 -99.999 -99.999 -99.999 -99.999 -99.999 -99.999 -99.999 -99.999 -99.999 -99.999 -99.999 -99.999 6.644 -99.999 -99.999 -99.999 -99.999
305 N -99.999 -99.999 6.644 -99.999 -99.999 -99.999 -99.999 -99.999 -99.999 -99.999 -99.999 -99.999 -99.999 -99.999 -99.999 -99.999 -99.999 -99.999 -99.999 6.644
306 K -99.999 -99.999 -99.999 -99.999 -99.999 -99.999 -99.999 -99.999 -99.999 -99.999 -99.999 8.644 -99.999 -99.999 -99.999 -99.999 -99.999 -99.999 -99.999 -99.999
307 G -99.999 -99.999 -99.999 -99.999 -99.999 -99.999 -99.999 6.644 -99.999 -99.999 -99.999 -99.999 -99.999 -99.999 -99.999 6.644 -99.999 -99.999 -99.999 -99.999
308 D -99.999 -99.999 -99.999 6.644 -99.999 -99.999 6.644 -99.999 -99.999 -99.999 -99.999 -99.999 -99.999 -99.999 -99.999 -99.999 -99.999 -99.999 -99.999 -99.999
309 R -99.999 6.644 -99.999 -99.999 -99.999 -99.999 -99.999 -99.999 -99.999 -99.999 -99.999 6.644 -99.999 -99.999 -99.999 -99.999 -99.999 -99.999 -99.999 -99.999
310 A 6.644 -99.999 -99.999 -99.999 -99.999 -99.999 -99.999 -99.999 -99.999 -99.999 -99.999 -99.999 -99.999 -99.999 6.644 -99.999 -99.999 -99.999 -99.999 -99.999
311 Y -99.999 -99.999 -99.999 -99.999 -99.999 -99.999 -99.999 -99.999 -99.999 -99.999 -99.999 -99.999 -99.999 -99.999 -99.999 -99.999 -99.999 -99.999 8.644 -99.999
312 E -99.999 -99.999 -99.999 -99.999 -99.999 -99.999 8.644 -99.999 -99.999 -99.999 -99.999 -99.999 -99.999 -99.999 -99.999 -99.999 -99.999 -99.999 -99.999 -99.999
313 E -99.999 -99.999 -99.999 -99.999 -99.999 -99.999 6.644 -99.999 -99.999 -99.999 -99.999 6.644 -99.999 -99.999 -99.999 -99.999 -99.999 -99.999 -99.999 -99.999
314 A 6.644 -99.999 -99.999 -99.999 -99.999 -99.999 -99.999 -99.999 -99.999 -99.999 -99.999 -99.999 -99.999 -99.999 -99.999 6.644 -99.999 -99.999 -99.999 -99.999
315 L -99.999 -99.999 0.469 -99.999 -99.999 -99.999 2.469 -99.999 -99.999 0.469 3.639 -99.999 3.639 0.469 -99.999 0.469 3.639 -99.999 2.469 -99.999
316 L 0.469 -99.999 -99.999 -99.999 -99.999 -99.999 -99.999 0.469 -99.999 2.469 5.639 -99.999 3.639 0.469 2.469 -99.999 0.469 -99.999 -99.999 -99.999
317 Y -99.999 -99.999 -99.999 0.469 -99.999 3.639 -99.999 -99.999 0.469 2.469 0.469 3.639 -99.999 -99.999 -99.999 0.469 -99.999 -99.999 3.639 2.469
318 I -99.999 -99.999 0.469 -99.999 -99.999 0.469 0.469 -99.999 -99.999 4.914 3.639 -99.999 3.639 0.469 -99.999 -99.999 0.469 -99.999 -99.999 1.299
319 V -99.999 -99.999 -99.999 -99.999 -99.999 -99.999 -99.999 -99.999 -99.999 3.639 4.469 -99.999 -99.999 2.469 -99.999 2.469 -99.999 -99.999 -99.999 5.639
320 G 0.469 -99.999 -99.999 -99.999 -99.999 -99.999 -99.999 7.639 -99.999 -99.999 0.469 -99.999 -99.999 2.469 -99.999 0.469 -99.999 -99.999 -99.999 -99.999
321 L -99.999 -99.999 -99.999 -99.999 -99.999 -99.999 -99.999 -99.999 -99.999 4.644 6.644 -99.999 -99.999 4.644 -99.999 -99.999 -99.999 -99.999 -99.999 -99.999
322 R -99.999 8.644 -99.999 -99.999 -99.999 -99.999 -99.999 -99.999 -99.999 -99.999 -99.999 -99.999 -99.999 -99.999 -99.999 -99.999 -99.999 -99.999 -99.999 -99.999
323 D 3.639 -99.999 -99.999 5.474 -99.999 -99.999 3.639 1.299 -99.999 0.469 -99.999 -99.999 -99.999 -99.999 0.469 0.469 0.469 -99.999 -99.999 -99.999
324 V -99.999 -99.999 -99.999 -99.999 -99.999 -99.999 -99.999 -99.999 -99.999 -99.999 -99.999 -99.999 -99.999 -99.999 -99.999 -99.999 -99.999 -99.999 -99.999 8.644
325 A 5.474 -99.999 -99.999 5.474 -99.999 -99.999 5.474 -99.999 -99.999 -99.999 -99.999 -99.999 -99.999 -99.999 -99.999 -99.999 -99.999 -99.999 -99.999 -99.999
326 R -99.999 7.113 -99.999 3.639 -99.999 -99.999 -99.999 -99.999 -99.999 -99.999 -99.999 3.639 -99.999 -99.999 -99.999 0.469 -99.999 -99.999 -99.999 -99.999
327 A 6.304 -99.999 -99.999 -99.999 -99.999 -99.999 -99.999 4.304 -99.999 -99.999 -99.999 -99.999 -99.999 -99.999 -99.999 2.304 -99.999 -99.999 -99.999 4.304
328 G 1.639 -99.999 -99.999 -99.999 -99.999 -99.999 0.469 6.084 0.469 -99.999 -99.999 0.469 -99.999 -99.999 2.469 1.639 0.469 -99.999 -99.999 0.469
329 D -99.999 -99.999 2.469 7.388 -99.999 -99.999 0.469 -99.999 -99.999 -99.999 -99.999 -99.999 -99.999 -99.999 -99.999 -99.999 -99.999 -99.999 2.469 0.469
330 S -99.999 -99.999 -99.999 -99.999 -99.999 -99.999 -99.999 0.469 -99.999 -99.999 -99.999 -99.999 -99.999 -99.999 -99.999 8.469 -99.999 -99.999 -99.999 -99.999
331 D -99.999 -99.999 3.639 8.084 -99.999 -99.999 -99.999 -99.999 -99.999 -99.999 -99.999 -99.999 -99.999 -99.999 -99.999 -99.999 -99.999 -99.999 -99.999 -99.999
332 S 2.578 -99.999 0.469 -99.999 -99.999 -99.999 2.469 -99.999 -99.999 -99.999 -99.999 0.469 -99.999 -99.999 -99.999 6.052 -99.999 -99.999 -99.999 4.469
333 V -99.999 -99.999 -99.999 -99.999 -99.999 -99.999 -99.999 2.469 -99.999 2.469 -99.999 0.469 -99.999 0.469 -99.999 -99.999 -1.531 -99.999 -99.999 7.254
334 R -99.999 8.644 -99.999 -99.999 -99.999 -99.999 -99.999 -99.999 -99.999 -99.999 -99.999 -99.999 -99.999 -99.999 -99.999 -99.999 -99.999 -99.999 -99.999 -99.999
335 L -99.999 -99.999 -99.999 -99.999 -99.999 -99.999 -99.999 -99.999 -99.999 3.943 6.346 -99.999 -99.999 4.469 -99.999 -99.999 -99.999 -99.999 0.469 0.469
336 N 0.469 -99.999 6.346 -99.999 -99.999 2.914 -99.999 -99.999 0.469 -1.531 0.469 2.469 -99.999 -99.999 -99.999 -99.999 0.469 -99.999 -99.999 -1.531
337 D -99.999 -99.999 -99.999 7.87 -99.999 3.639 -99.999 -99.999 -99.999 -99.999 -99.999 -99.999 -99.999 -99.999 -99.999 -99.999 0.469 -99.999 -99.999 -99.999
338 L 0.469 -99.999 -99.999 -99.999 -99.999 -99.999 -99.999 0.469 -99.999 4.084 6.084 -99.999 -99.999 3.639 -99.999 -99.999 -99.999 0.469 -99.999 -1.531
339 E 0.469 2.469 0.469 -99.999 -99.999 0.469 3.299 -99.999 -99.999 0.469 -99.999 2.469 0.469 -6.932 -99.999 2.469 2.914 -99.999 0.238 -99.999
340 Y -99.999 -99.999 -99.999 -99.999 -99.999 2.469 2.469 -99.999 -99.999 0.469 -99.999 -99.999 0.469 4.914 -99.999 -99.999 -99.999 -99.999 5.795 -99.999
341 V -99.999 -99.999 -99.999 -99.999 -99.999 -99.999 -99.999 -99.999 -99.999 5.113 3.639 -99.999 -99.999 2.469 -99.999 -99.999 -99.999 -99.999 0.469 5.639
342 Y -99.999 -99.999 -99.999 -99.999 -99.999 -99.999 -99.999 0.469 -99.999 2.914 4.346 -99.999 -2.701 2.469 -99.999 0.469 -99.999 0.469 5.388 -99.999
343 D 2.469 -99.999 2.914 4.809 -99.999 0.469 4.084 -99.999 0.469 -99.999 -99.999 1.943 -99.999 -99.999 -99.999 0.469 -99.999 -99.999 -99.999 -99.999
344 N -99.999 3.113 4.469 0.469 -99.999 -2.701 2.218 -99.999 2.469 0.469 0.469 -99.999 -99.999 -99.999 -99.999 2.914 0.469 -99.999 -99.999 -99.999
345 L -99.999 -99.999 0.469 0.469 -99.999 -99.999 -99.999 -99.999 -99.999 2.469 3.639 -99.999 2.469 3.639 -99.999 0.469 2.469 -99.999 -99.999 2.469
346 S -99.999 -99.999 -99.999 -99.999 -99.999 -99.999 -99.999 -99.999 -99.999 -99.999 -99.999 -99.999 -99.999 -99.999 -99.999 8.644 -99.999 -99.999 -99.999 -99.999
347 N -99.999 -99.999 5.943 4.469 -99.999 -99.999 -99.999 2.914 -99.999 -99.999 -99.999 0.469 -99.999 -99.999 -99.999 2.469 0.469 -99.999 -99.999 -99.999
348 L -99.999 -99.999 -99.999 -99.999 -99.999 -99.999 -99.999 0.469 -99.999 2.469 5.639 -99.999 -99.999 3.639 3.639 -99.999 -99.999 -99.999 -99.999 2.469
349 I 0.469 -99.999 -99.999 -99.999 -99.999 -99.999 -99.999 -99.999 -99.999 4.469 0.469 2.469 -99.999 2.469 -99.999 2.469 2.469 0.469 -99.999 2.469
350 S -99.999 -99.999 2.469 -99.999 -99.999 0.469 -99.999 0.469 0.469 -99.999 -99.999 -99.999 -99.999 -99.999 -99.999 6.469 3.639 -99.999 -0.701 -2.701
351 V 1.299 -99.999 0.469 -99.999 -99.999 -99.999 -99.999 -99.999 -99.999 3.113 3.639 -99.999 0.469 1.639 -99.999 1.943 0.469 -99.999 -99.999 4.469
352 L -99.999 -99.999 -99.999 -99.999 -99.999 -99.999 -99.999 -99.999 -99.999 3.639 6.283 -99.999 -99.999 4.084 -99.999 -99.999 -99.999 -99.999 -99.999 3.639
353 F -99.999 -99.999 -99.999 -99.999 -99.999 -99.999 -99.999 -99.999 -99.999 4.469 3.639 -99.999 -99.999 5.639 -99.999 -99.999 -99.999 -99.999 -99.999 4.469
354 G -99.999 -99.999 -99.999 -99.999 -99.999 -99.999 -99.999 8.644 -99.999 -99.999 -99.999 -99.999 -99.999 -99.999 -99.999 -99.999 -99.999 -99.999 -99.999 -99.999
355 H -99.999 -0.013 3.639 -99.999 -99.999 -99.999 2.469 -4.932 6.469 -99.999 -99.999 0.469 -99.999 -99.999 -99.999 0.469 0.469 -99.999 -99.999 -99.999
356 G -99.999 -99.999 -99.999 -99.999 -99.999 -99.999 -99.999 8.644 -99.999 -99.999 -99.999 -99.999 -99.999 -99.999 -99.999 -99.999 -99.999 -99.999 -99.999 -99.999
357 F -99.999 -99.999 -99.999 -99.999 -99.999 -99.999 -99.999 -99.999 -99.999 -99.999 -99.999 -99.999 -99.999 8.084 -99.999 -99.999 -99.999 3.639 -99.999 -99.999
358 G -99.999 -99.999 -99.999 -99.999 -99.999 -99.999 -99.999 8.644 -99.999 -99.999 -99.999 -99.999 -99.999 -99.999 -99.999 -99.999 -99.999 -99.999 -99.999 -99.999
359 A 5.474 -99.999 2.469 -99.999 -99.999 2.469 0.469 -99.999 -99.999 -99.999 -99.999 -99.999 -99.999 -99.999 -99.999 5.299 0.469 -99.999 -99.999 -99.999
360 E -99.999 -99.999 -99.999 0.469 -99.999 0.469 4.469 4.469 2.469 -99.999 0.469 -99.999 -99.999 0.469 -99.999 2.469 -99.999 -99.999 0.469 -99.999
361 I -99.999 -99.999 -99.999 -99.999 -99.999 -99.999 -99.999 -99.999 -99.999 7.87 -99.999 -99.999 -99.999 0.469 -99.999 -99.999 -99.999 -99.999 -99.999 3.639
362 L 0.469 0.469 3.639 -99.999 -99.999 -99.999 -99.999 2.469 -99.999 -99.999 4.469 -99.999 -99.999 2.469 3.639 0.469 -99.999 -99.999 -99.999 -99.999
363 G 2.469 -99.999 0.469 5.639 -99.999 -99.999 0.469 5.639 -99.999 0.469 -99.999 -99.999 -99.999 -99.999 -99.999 -99.999 -99.999 -99.999 -99.999 -99.999
364 R -99.999 8.469 0.469 -99.999 -99.999 -99.999 -99.999 -99.999 -99.999 -99.999 -99.999 -99.999 -99.999 -99.999 -99.999 -99.999 -99.999 -99.999 -99.999 -99.999
365 K -99.999 -99.999 -99.999 -99.999 -99.999 -99.999 -99.999 -99.999 -99.999 -99.999 -99.999 6.644 -99.999 -99.999 6.644 -99.999 -99.999 -99.999 -99.999 -99.999
366 L 3.639 -99.999 0.469 -99.999 -99.999 0.469 -99.999 3.639 -99.999 3.639 3.639 -99.999 -99.999 -99.999 -99.999 2.469 -99.999 -99.999 -99.999 0.469
367 R -99.999 6.469 -99.999 -99.999 -99.999 2.469 -99.999 -99.999 4.469 -99.999 -99.999 3.639 -99.999 -99.999 -99.999 -99.999 -99.999 -99.999 -99.999 -99.999
368 I -99.999 -99.999 -99.999 -99.999 -99.999 -99.999 -99.999 -99.999 -99.999 7.113 2.469 -99.999 4.469 -99.999 -99.999 -99.999 -99.999 -99.999 -99.999 0.469
369 E -99.999 -99.999 -99.999 -99.999 -99.999 -99.999 8.631 -6.932 -99.999 -99.999 -99.999 -99.999 -99.999 -99.999 -99.999 -99.999 -99.999 -99.999 -99.999 -99.999
370 I -99.999 -99.999 3.639 -99.999 -99.999 -99.999 -99.999 -99.999 -99.999 6.084 -99.999 -99.999 -99.999 -99.999 -99.999 -99.999 -99.999 -99.999 0.469 5.639
371 V 4.469 -99.999 -99.999 -99.999 -99.999 -99.999 -99.999 -99.999 -99.999 0.469 -99.999 -99.999 -99.999 -99.999 -99.999 3.639 2.469 -99.999 -99.999 6.084
372 F -99.999 -99.999 -99.999 -99.999 -99.999 -99.999 -99.999 -99.999 -99.999 -99.999 2.469 -99.999 -99.999 5.113 5.113 -99.999 -99.999 2.469 3.639 -99.999
373 L 2.469 -99.999 -99.999 -99.999 -99.999 -99.999 -99.999 -99.999 -99.999 -99.999 7.639 -99.999 2.469 -99.999 -99.999 -99.999 -99.999 -99.999 -99.999 0.469
374 E -99.999 -99.999 0.469 0.469 -99.999 -99.999 8.283 -99.999 -99.999 -99.999 -99.999 -99.999 -99.999 -99.999 -99.999 -99.999 -99.999 -99.999 -99.999 -99.999
375 I -99.999 -99.999 -99.999 -99.999 -99.999 -99.999 -99.999 -99.999 -99.999 7.639 2.469 -99.999 -99.999 -99.999 -99.999 -99.999 -99.999 -99.999 -99.999 3.639
376 F -99.999 -99.999 -99.999 -99.999 -99.999 -99.999 -99.999 -99.999 -99.999 -99.999 5.474 -99.999 -99.999 7.474 -99.999 -99.999 -99.999 -99.999 -99.999 -99.999
377 Y -99.999 -99.999 -99.999 -99.999 -99.999 2.469 -99.999 -99.999 4.469 -99.999 -99.999 -99.999 -99.999 4.469 -99.999 -99.999 -99.999 -99.999 6.084 -99.999
378 K -99.999 -99.999 -99.999 -99.999 -99.999 -99.999 -99.999 -99.999 -99.999 -99.999 -99.999 8.644 -99.999 -99.999 -99.999 -99.999 -99.999 -99.999 -99.999 -99.999
379 Q -99.999 -99.999 -99.999 -99.999 -99.999 6.084 -99.999 -99.999 -99.999 0.469 -99.999 -99.999 -99.999 -99.999 -99.999 3.639 5.113 -99.999 -99.999 0.469
380 G -99.999 -99.999 -99.999 -99.999 -99.999 -99.999 -99.999 8.644 -99.999 -99.999 -99.999 -99.999 -99.999 -99.999 -99.999 -99.999 -99.999 -99.999 -99.999 -99.999
381 L -0.057 -99.999 -99.999 -99.999 -99.999 -99.999 -99.999 -99.999 -99.999 2.469 7.207 -99.999 0.469 0.469 -99.999 -99.999 -99.999 -99.999 -99.999 2.218
382 L -99.999 -99.999 -99.999 -99.999 -99.999 -99.999 -99.999 -99.999 -99.999 5.558 5.558 -99.999 -99.999 0.469 0.469 -99.999 -99.999 -99.999 -99.999 3.943
383 G -99.999 -99.999 -99.999 -99.999 -99.999 -99.999 -99.999 8.644 -99.999 -99.999 -99.999 -99.999 -99.999 -99.999 -99.999 -99.999 -99.999 -99.999 -99.999 -99.999
384 L -99.999 -99.999 -99.999 -99.999 -99.999 -99.999 -99.999 -99.999 -99.999 2.7 7.516 -99.999 -99.999 -99.999 -99.999 -99.999 -99.999 -99.999 -99.999 3.943
385 L 2.469 -99.999 -99.999 -99.999 -99.999 -99.999 -99.999 2.469 -99.999 3.639 4.809 -99.999 -99.999 4.759 -99.999 -99.999 -99.999 -99.999 -6.932 0.469
386 F -99.999 -99.999 -99.999 -99.999 -99.999 -99.999 -99.999 -6.932 -99.999 2.115 3.639 -99.999 -99.999 6.084 -99.999 3.639 -4.932 -99.999 -99.999 2.469
387 W -99.999 -99.999 -99.999 -99.999 -99.999 -99.999 -99.999 -99.999 -99.999 -99.999 -99.999 -99.999 -99.999 -99.999 -99.999 6.469 -99.999 6.809 -99.999 -99.999
388 L -99.999 -99.999 -99.999 -99.999 -99.999 -99.999 -99.999 0.469 -99.999 4.801 6.759 -99.999 0.469 0.469 -99.999 -99.999 -99.999 -99.999 -99.999 -0.701
389 I -0.057 -99.999 -99.999 -99.999 -99.999 -99.999 -99.999 -1.531 -99.999 3.783 1.299 -99.999 -99.999 -2.701 -99.999 3.639 2.469 -99.999 3.639 3.487
390 P -99.999 -99.999 -99.999 -99.999 -99.999 -99.999 -99.999 -99.999 -99.999 3.639 4.809 -99.999 -1.531 0.469 5.639 -99.999 -99.999 2.469 -99.999 -99.999
391 L 2.469 -99.999 -99.999 -99.999 -99.999 -99.999 -99.999 -99.999 -99.999 1.299 4.914 -99.999 2.469 2.469 -99.999 -99.999 0.469 -99.999 0.469 3.639
392 L -99.999 -99.999 -99.999 -99.999 2.469 -99.999 -99.999 0.469 -99.999 0.469 5.113 -99.999 -99.999 4.469 -99.999 -99.999 -99.999 0.469 -99.999 3.639
393 Y -99.999 -99.999 -99.999 -99.999 -99.999 0.469 -99.999 -99.999 -99.999 1.299 3.943 0.469 0.469 -99.999 -99.999 2.914 -99.999 -99.999 6.084 -99.999
394 I -99.999 -99.999 -99.999 -99.999 -99.999 0.469 -99.999 -99.999 -99.999 6.084 4.469 -99.999 -99.999 0.469 -99.999 -99.999 -99.999 -99.999 -99.999 4.469
395 F -99.999 -99.999 -99.999 -99.999 1.639 -99.999 -99.999 -99.999 0.469 4.469 2.469 -99.999 -99.999 5.388 -99.999 2.469 -99.999 -99.999 -99.999 0.469
396 L -99.999 0.644 0.644 -99.999 -99.999 -99.999 -99.999 -99.999 -99.999 4.393 4.559 -99.999 0.644 0.644 -99.999 0.644 0.644 -99.999 0.644 1.713
397 Q -99.999 -99.999 -99.999 -99.999 -99.999 5.474 -99.999 -99.999 5.474 -99.999 -99.999 -99.999 -99.999 -99.999 -99.999 5.474 -99.999 -99.999 -99.999 -99.999
398 K 2.469 -2.701 -2.701 -99.999 -99.999 0.469 0.469 -2.701 -99.999 -99.999 0.469 5.639 0.469 -99.999 -99.999 2.469 -99.999 0.469 0.469 -99.999
399 Y 1.299 -99.999 2.469 -99.999 -99.999 -99.999 -99.999 3.639 -99.999 -99.999 -99.999 0.469 -99.999 2.469 -99.999 0.469 -0.701 -99.999 5.639 -99.999
400 Y -99.999 3.639 0.469 -99.999 -99.999 0.469 -99.999 -99.999 -99.999 3.474 1.943 -99.999 -99.999 3.639 -99.999 0.469 -99.999 -99.999 3.639 -1.531
401 K 0.469 -99.999 4.469 0.469 -99.999 -99.999 -99.999 -99.999 -99.999 -2.701 2.914 5.113 -99.999 2.469 -99.999 0.469 -2.701 -99.999 -99.999 -99.999
402 Q -99.999 -99.999 -99.999 -99.999 -99.999 6.644 -99.999 -99.999 -99.999 6.644 -99.999 -99.999 -99.999 -99.999 -99.999 -99.999 -99.999 -99.999 -99.999 -99.999
403 L -99.999 0.469 0.469 -99.999 -99.999 -99.999 -99.999 -99.999 -99.999 0.469 3.639 3.639 -99.999 2.469 -99.999 3.639 0.469 -99.999 2.469 -99.999
404 V -99.999 -99.999 -99.999 -99.999 -99.999 -99.999 -99.999 -99.999 -99.999 -99.999 -99.999 -99.999 -99.999 -99.999 -99.999 -99.999 -99.999 -99.999 -99.999 8.644
405 N -99.999 0.469 6.469 0.469 -99.999 -99.999 -99.999 -99.999 -99.999 -99.999 0.469 5.299 -99.999 -99.999 -99.999 -0.701 -99.999 -99.999 -99.999 -99.999
406 D 1.725 -99.999 1.725 3.725 -99.999 -99.999 1.725 1.725 -99.999 -99.999 1.725 -0.275 -99.999 1.725 -99.999 1.243 -3.676 -99.999 -99.999 2.895
407 K -99.999 -99.999 -99.999 -99.999 3.474 -99.999 4.644 -99.999 -99.999 1.474 -99.999 5.474 -99.999 -99.999 -99.999 -99.999 -99.999 3.474 -99.999 -99.999
408 N -99.999 2.644 4.644 -99.999 2.644 -99.999 -99.999 -99.999 -99.999 -99.999 2.644 2.644 -99.999 2.644 -99.999 -99.999 -99.999 -99.999 -99.999 2.644
409 T -99.999 4.199 4.199 -99.999 -99.999 -99.999 -99.999 -99.999 -99.999 1.029 1.029 1.029 -99.999 -99.999 -99.999 3.029 4.199 -99.999 -99.999 -99.999
410 K 3.029 -99.999 3.029 1.029 1.029 -99.999 1.029 -99.999 -99.999 -99.999 1.859 5.029 -99.999 -99.999 -99.999 -99.999 -0.141 -99.999 1.029 -99.999
411 L -99.999 -0.141 -99.999 1.029 -99.999 -99.999 1.029 -99.999 -99.999 3.029 4.199 -2.141 -99.999 3.029 -99.999 -99.999 3.029 -99.999 1.029 1.029
412 A 6.199 -99.999 -99.999 1.029 -99.999 -0.141 -99.999 -99.999 1.029 -99.999 1.029 1.859 -99.999 -99.999 -99.999 4.199 -99.999 -99.999 -99.999 -99.999
413 L 1.029 3.029 1.029 -99.999 -99.999 -99.999 -99.999 -99.999 -99.999 -99.999 6.199 3.029 1.029 -99.999 -99.999 -99.999 -99.999 -99.999 -99.999 1.029
414 P 0.469 -99.999 -99.999 -99.999 -99.999 3.639 -99.999 -99.999 -99.999 -99.999 -99.999 -99.999 3.639 -99.999 6.469 0.469 -99.999 -99.999 -99.999 0.469
415 F -99.999 -99.999 -99.999 -99.999 -99.999 -99.999 -99.999 -99.999 -99.999 3.639 2.469 -99.999 3.639 5.639 -99.999 -99.999 -99.999 -99.999 3.639 -99.999
416 S 0.469 -99.999 -99.999 -99.999 -99.999 -99.999 -99.999 -99.999 -99.999 1.639 4.084 -99.999 -99.999 4.469 -99.999 4.469 -99.999 -99.999 0.469 2.469
417 L 0.644 -99.999 -99.999 -99.999 2.644 -99.999 -99.999 0.644 -99.999 0.644 4.644 -99.999 -99.999 0.644 -99.999 2.644 -99.999 -99.999 4.644 -99.999
418 S 0.469 -99.999 -99.999 -99.999 -99.999 -99.999 -99.999 -1.531 -99.999 4.469 2.469 -99.999 -99.999 2.469 -99.999 5.87 0.469 -99.999 -99.999 -99.999
419 L 2.469 -99.999 -99.999 -99.999 -99.999 -99.999 -99.999 -99.999 -99.999 -99.999 4.469 -99.999 0.469 -99.999 -99.999 3.639 3.639 -99.999 -99.999 4.469
420 L -99.999 -99.999 -99.999 -99.999 -99.999 -99.999 -99.999 -99.999 -99.999 4.469 5.113 -99.999 0.469 3.639 -99.999 -99.999 2.469 -99.999 -99.999 2.469
421 F 0.469 -99.999 -99.999 -99.999 -99.999 -99.999 -99.999 -99.999 -99.999 0.469 -99.999 -99.999 0.469 8.068 -99.999 -6.932 -99.999 -99.999 -99.999 -99.999
422 V 1.652 -99.999 -99.999 -99.999 -99.999 -99.999 -99.999 0.482 -99.999 0.482 0.482 -99.999 -99.999 -99.999 -99.999 5.36 0.482 -99.999 -99.999 5.652
423 Y 2.482 -99.999 -99.999 -99.999 -99.999 -99.999 -99.999 -99.999 -99.999 0.251 2.482 -99.999 0.482 5.126 -99.999 -99.999 -99.999 -99.999 5.652 -99.999
424 V 0.482 -99.999 -99.999 -99.999 -99.999 -99.999 -99.999 2.482 -99.999 1.652 3.652 -99.999 -99.999 0.482 -99.999 0.482 0.251 -99.999 -99.999 5.883
425 V -99.999 -99.999 -99.999 -99.999 -99.999 3.652 2.482 -99.999 -99.999 0.696 0.482 -99.999 -99.999 0.482 -99.999 -99.999 -99.999 -99.999 -99.999 6.772
426 S -99.999 -99.999 -99.999 -99.999 -99.999 -99.999 -99.999 -99.999 -99.999 -99.999 -99.999 -99.999 -99.999 -99.999 -99.999 8.644 -99.999 -99.999 -99.999 -99.999
427 F 2.482 -99.999 -99.999 -99.999 -99.999 2.482 -99.999 -99.999 -99.999 4.426 3.652 -99.999 0.482 4.482 -99.999 0.482 -99.999 -99.999 -99.999 -99.999
428 T -99.999 -99.999 -99.999 -99.999 -99.999 -99.999 -99.999 -99.999 -99.999 -99.999 -99.999 -99.999 -99.999 2.469 -99.999 0.469 8.068 -99.999 -99.999 -6.932
429 N -99.999 -99.999 8.631 -99.999 -99.999 -99.999 -99.999 -99.999 -99.999 -99.999 -6.932 -99.999 -99.999 -99.999 -99.999 -99.999 -99.999 -99.999 -99.999 -99.999
430 P -99.999 -99.999 -99.999 -99.999 -99.999 2.469 -99.999 -99.999 -99.999 -99.999 -99.999 -99.999 -99.999 -99.999 8.283 -99.999 -99.999 -99.999 -99.999 -99.999
431 F -99.999 -99.999 -99.999 -99.999 -99.999 -99.999 -99.999 -99.999 -99.999 -99.999 -99.999 -99.999 -99.999 7.979 -99.999 -99.999 -99.999 -99.999 4.084 -99.999
432 I -99.999 -99.999 -99.999 -99.999 -99.999 -99.999 -99.999 -99.999 -99.999 6.084 5.113 -99.999 2.469 2.469 -99.999 -99.999 -99.999 -99.999 -99.999 0.469
433 N -99.999 -99.999 6.482 -99.999 -99.999 -99.999 -99.999 -99.999 -99.999 -99.999 -99.999 -99.999 -99.999 4.426 -99.999 -99.999 0.482 -99.999 4.482 -99.999
434 N -99.999 -99.999 6.822 -99.999 -99.999 -99.999 -99.999 -99.999 -99.999 -99.999 -99.999 -99.999 -99.999 -99.999 -99.999 -99.999 6.454 -99.999 -99.999 -99.999
435 P -99.999 -99.999 -99.999 -99.999 -99.999 -99.999 -99.999 -99.999 -99.999 -99.999 -99.999 -99.999 -99.999 -99.999 8.081 3.652 -99.999 -99.999 -99.999 -99.999
436 M -99.999 -99.999 -99.999 -99.999 -99.999 -99.999 -99.999 -99.999 -99.999 6.097 -99.999 -99.999 6.797 -99.999 -99.999 -99.999 -99.999 -99.999 -99.999 0.482
437 G -99.999 -99.999 -99.999 -99.999 -99.999 -99.999 -99.999 8.644 -99.999 -99.999 -99.999 -99.999 -99.999 -99.999 -99.999 -99.999 -99.999 -99.999 -99.999 -99.999
438 I -99.999 -99.999 -99.999 -99.999 -99.999 -99.999 -99.999 -99.999 -99.999 6.065 3.652 -99.999 5.652 -99.999 -99.999 -99.999 -99.999 -99.999 -99.999 0.482
439 F -99.999 -99.999 -99.999 -99.999 -1.518 -99.999 -99.999 -99.999 -99.999 2.482 0.482 -99.999 -99.999 4.426 -99.999 4.097 2.482 -99.999 2.482 2.482
440 V 0.482 -99.999 -99.999 -99.999 -99.999 -99.999 -99.999 -99.999 -99.999 4.426 4.097 -99.999 0.482 1.652 -99.999 -99.999 -99.999 -99.999 -99.999 5.652
441 L -99.999 -99.999 -99.999 -99.999 -99.999 -99.999 -99.999 -99.999 -99.999 4.879 7.126 -99.999 -2.688 -99.999 -99.999 -99.999 0.482 -99.999 -99.999 0.482
442 L 3.312 -99.999 -99.999 -99.999 -99.999 -99.999 -99.999 3.889 -99.999 0.482 5.652 -99.999 2.482 -99.999 -99.999 0.482 -99.999 -99.999 -99.999 0.482
443 V -99.999 -99.999 -99.999 -99.999 -99.999 -99.999 -99.999 -99.999 -99.999 5.883 0.482 -99.999 0.482 -99.999 -99.999 -99.999 -99.999 -99.999 -99.999 6.631
444 S 5.126 -99.999 -99.999 -99.999 0.482 -99.999 -99.999 -99.999 -99.999 -99.999 -99.999 -99.999 -99.999 -99.999 -99.999 6.822 0.482 -99.999 -99.999 0.251
445 L 0.482 -99.999 -99.999 -99.999 -99.999 -99.999 -99.999 -99.999 0.482 3.652 5.126 -99.999 4.482 0.482 -99.999 -99.999 -99.999 -99.999 0.482 0.251
446 I -99.999 -99.999 0.482 -99.999 0.482 -99.999 -99.999 -99.999 -99.999 5.652 3.577 -99.999 -99.999 0.482 -99.999 0.482 -99.999 -99.999 -99.999 4.482
447 S 2.482 -99.999 -99.999 -99.999 -99.999 -99.999 -99.999 0.482 -99.999 -99.999 -99.999 -99.999 -99.999 -99.999 -99.999 6.822 -99.999 0.251 2.482 2.482
448 L -99.999 -99.999 0.482 -99.999 3.652 -99.999 -99.999 -99.999 -99.999 3.796 5.126 -99.999 0.482 3.652 -99.999 -99.999 -99.999 -99.999 -99.999 -0.275
449 R -99.999 3.828 2.658 0.658 -99.999 0.658 0.658 -99.999 -99.999 0.658 0.658 -99.999 -99.999 0.427 -99.999 0.658 2.658 -99.999 0.658 0.658
450 Y -99.999 0.658 0.658 -99.999 -99.999 0.658 0.658 -99.999 0.658 0.658 0.658 2.658 -99.999 0.658 -99.999 2.545 0.658 -99.999 3.828 -99.999
451 L 0.845 0.845 -99.999 -99.999 -99.999 -99.999 0.845 -99.999 -99.999 0.614 6.659 -99.999 -99.999 -1.155 -99.999 -99.999 0.845 -99.999 0.845 0.845
452 K 1.492 1.492 -99.999 -99.999 -99.999 1.492 1.262 1.492 -99.999 2.662 -0.508 4.662 -99.999 3.492 -99.999 -99.999 -99.999 -99.999 -99.999 -99.999
453 N -99.999 -99.999 6.616 2.672 -99.999 -99.999 -99.999 2.672 -99.999 -99.999 -99.999 -99.999 2.672 -99.999 -99.999 2.672 -99.999 -99.999 -99.999 -99.999
454 A 5.549 -99.999 -99.999 -99.999 -99.999 -99.999 5.549 -99.999 -99.999 4.792 -99.999 -99.999 -99.999 -99.999 -99.999 -99.999 -99.999 -99.999 -99.999 0.148
455 K -99.999 -99.999 -99.999 -99.999 -99.999 -99.999 -99.999 -99.999 -99.999 -99.999 -99.999 8.644 -99.999 -99.999 -99.999 -99.999 -99.999 -99.999 -99.999 -99.999
456 D -99.999 -99.999 -99.999 8.644 -99.999 -99.999 -99.999 -99.999 -99.999 -99.999 -99.999 -99.999 -99.999 -99.999 -99.999 -99.999 -99.999 -99.999 -99.999 -99.999
457 E -99.999 -99.999 -99.999 -99.999 -99.999 -99.999 8.644 -99.999 -99.999 -99.999 -99.999 -99.999 -99.999 -99.999 -99.999 -99.999 -99.999 -99.999 -99.999 -99.999
458 L -99.999 -99.999 -99.999 -99.999 -99.999 -99.999 -99.999 -99.999 -99.999 -99.999 8.644 -99.999 -99.999 -99.999 -99.999 -99.999 -99.999 -99.999 -99.999 -99.999
459 S -99.999 -99.999 -99.999 -99.999 -99.999 -99.999 -99.999 -99.999 -99.999 -99.999 -99.999 -99.999 -99.999 -99.999 -99.999 8.644 -99.999 -99.999 -99.999 -99.999
460 K -99.999 -99.999 -99.999 -99.999 -99.999 -99.999 -99.999 -99.999 -99.999 -99.999 -99.999 8.644 -99.999 -99.999 -99.999 -99.999 -99.999 -99.999 -99.999 -99.999
461 G -99.999 -99.999 -99.999 -99.999 -99.999 -99.999 -99.999 8.644 -99.999 -99.999 -99.999 -99.999 -99.999 -99.999 -99.999 -99.999 -99.999 -99.999 -99.999 -99.999
462 S -99.999 -99.999 -99.999 -99.999 -99.999 -99.999 -99.999 -99.999 -99.999 -99.999 -99.999 -99.999 -99.999 -99.999 -99.999 8.644 -99.999 -99.999 -99.999 -99.999
463 L -99.999 -99.999 -99.999 -99.999 -99.999 -99.999 -99.999 -99.999 -99.999 -99.999 8.644 -99.999 -99.999 -99.999 -99.999 -99.999 -99.999 -99.999 -99.999 -99.999
464 K -99.999 5.549 -99.999 -99.999 -99.999 4.792 -99.999 -99.999 -99.999 -99.999 -99.999 5.962 -99.999 -99.999 -99.999 -99.999 -99.999 -99.999 -99.999 -99.999
465 R -99.999 4.329 -99.999 -99.999 -99.999 2.329 -99.999 2.329 -99.999 4.216 -99.999 2.329 -99.999 -99.999 -99.999 -99.999 -99.999 -99.999 -99.999 4.329
466 N -99.999 -99.999 6.973 2.329 -99.999 2.329 -99.999 2.329 -99.999 -99.999 -99.999 -99.999 -99.999 -99.999 -99.999 2.098 -99.999 -99.999 -99.999 -99.999
467 D -99.999 2.329 4.216 4.329 -99.999 -99.999 -99.999 2.329 2.329 -99.999 -99.999 -99.999 -99.999 -99.999 -99.999 -99.999 2.329 -99.999 2.329 -99.999
468 R -99.999 8.644 -99.999 -99.999 -99.999 -99.999 -99.999 -99.999 -99.999 -99.999 -99.999 -99.999 -99.999 -99.999 -99.999 -99.999 -99.999 -99.999 -99.999 -99.999
469 K 3.492 1.492 3.379 1.492 -99.999 -99.999 -99.999 1.492 -99.999 -99.999 -99.999 5.492 1.492 -99.999 -99.999 -99.999 -99.999 -99.999 -99.999 -99.999
470 L -99.999 1.745 -99.999 -99.999 -99.999 -99.999 -99.999 -99.999 -99.999 4.915 6.878 -99.999 -99.999 -99.999 -99.999 1.745 -99.999 -99.999 -99.999 -99.999
471 S -99.999 -99.999 -99.999 -99.999 -99.999 5.474 -99.999 -99.999 -99.999 -99.999 -99.999 -99.999 -99.999 -99.999 -99.999 7.474 -99.999 -99.999 -99.999 -99.999
472 E -99.999 -99.999 -99.999 -99.999 -99.999 -99.999 5.474 -99.999 -99.999 5.474 -99.999 -99.999 -99.999 -99.999 5.474 -99.999 -99.999 -99.999 -99.999 -99.999
473 Q -99.999 -99.999 -99.999 -99.999 -99.999 5.474 5.474 -99.999 -99.999 -99.999 -99.999 5.474 -99.999 -99.999 -99.999 -99.999 -99.999 -99.999 -99.999 -99.999
474 A 5.474 -99.999 5.474 -99.999 -99.999 -99.999 -99.999 -99.999 -99.999 -99.999 -99.999 -99.999 -99.999 -99.999 -99.999 -99.999 -99.999 -99.999 -99.999 5.474
475 E -99.999 -99.999 -99.999 -99.999 -99.999 -99.999 6.644 -99.999 -99.999 -99.999 -99.999 6.644 -99.999 -99.999 -99.999 -99.999 -99.999 -99.999 -99.999 -99.999
476 L -99.999 -99.999 -99.999 -99.999 -99.999 -99.999 -99.999 -99.999 -99.999 -99.999 8.644 -99.999 -99.999 -99.999 -99.999 -99.999 -99.999 -99.999 -99.999 -99.999
477 E -99.999 -99.999 -99.999 -99.999 -99.999 -99.999 8.644 -99.999 -99.999 -99.999 -99.999 -99.999 -99.999 -99.999 -99.999 -99.999 -99.999 -99.999 -99.999 -99.999
478 L -99.999 -99.999 -99.999 -99.999 -99.999 -99.999 -99.999 -99.999 -99.999 -99.999 8.644 -99.999 -99.999 -99.999 -99.999 -99.999 -99.999 -99.999 -99.999 -99.999
479 P -99.999 -99.999 -99.999 -99.999 -99.999 -99.999 -99.999 -99.999 -99.999 -99.999 -99.999 -99.999 -99.999 -99.999 6.644 -99.999 -99.999 -99.999 6.644 -99.999
480 A 6.644 -99.999 -99.999 -99.999 -99.999 -99.999 -99.999 -99.999 -99.999 -99.999 -99.999 -99.999 -99.999 -99.999 -99.999 -99.999 6.644 -99.999 -99.999 -99.999
481 R -99.999 5.474 -99.999 5.474 -99.999 -99.999 -99.999 5.474 -99.999 -99.999 -99.999 -99.999 -99.999 -99.999 -99.999 -99.999 -99.999 -99.999 -99.999 -99.999
482 E -99.999 -99.999 -99.999 -99.999 -99.999 -99.999 5.474 -99.999 -99.999 -99.999 5.474 5.474 -99.999 -99.999 -99.999 -99.999 -99.999 -99.999 -99.999 -99.999
483 R -99.999 4.644 4.644 -99.999 4.644 -99.999 -99.999 4.644 -99.999 -99.999 -99.999 -99.999 -99.999 -99.999 -99.999 -99.999 -99.999 -99.999 -99.999 -99.999
484 Q -99.999 1.26 -99.999 1.26 -99.999 3.26 1.26 1.26 -99.999 -99.999 1.26 3.26 1.26 -99.999 -6.141 1.26 3.029 -99.999 -99.999 -99.999
485 L -99.999 -99.999 1.875 1.045 -99.999 -99.999 1.045 -99.999 3.045 1.045 3.875 1.045 -99.999 -99.999 -99.999 0.814 3.045 -99.999 -99.999 1.045
486 G -99.999 -99.999 -99.999 -99.999 -99.999 -99.999 -99.999 8.644 -99.999 -99.999 -99.999 -99.999 -99.999 -99.999 -99.999 -99.999 -99.999 -99.999 -99.999 -99.999
487 S -0.512 -99.999 2.658 0.658 0.658 0.658 -99.999 0.427 -99.999 0.658 -99.999 2.658 -99.999 -99.999 0.658 3.828 -2.512 -99.999 0.658 0.658
488 E -0.0 -2.688 1.652 0.482 -99.999 0.482 2.482 -6.919 2.482 0.482 0.482 -0.044 -99.999 -99.999 0.482 -2.688 0.482 -99.999 2.482 0.482
489 K -2.688 -99.999 -1.518 0.482 2.482 -99.999 -99.999 1.956 -99.999 0.482 3.652 4.772 -99.999 0.482 0.482 -99.999 -99.999 -99.999 -99.999 0.482