#Seq2Logo.py -f /work3/idamei/ssn-clusterings/clustering/2205110921/clusters/0002_444/sequences.afa -o /work3/idamei/ssn-clusterings/clustering/2205110921/clusters/0002_444/sequences.logo
Last position-specific scoring matrix computed, values are in halfbits
A R N D C Q E G H I L K M F P S T W Y V
0 L -1.066 -1.369 -2.345 -2.799 -0.154 -1.037 -2.339 -2.569 -0.954 1.618 2.149 -1.438 5.537 0.482 -3.228 -2.002 -1.031 -1.292 -0.818 1.004
1 K -0.812 2.108 -0.254 -0.708 -1.963 0.821 0.328 -1.328 -0.229 -2.109 -2.226 4.453 -1.209 -2.791 -1.673 -0.867 -1.068 -2.535 -1.774 -1.984
2 D -1.763 -1.574 1.213 5.811 -2.358 -0.858 1.065 -1.109 -0.522 -2.711 -3.477 -0.815 -2.683 -2.905 -2.275 -0.938 -1.398 -3.517 -3.029 -2.85
3 S 1.082 -0.727 0.511 -0.234 0.087 -0.555 -0.541 -0.092 -0.446 -1.897 -2.314 -0.271 -1.172 -1.929 -1.461 3.212 1.025 -2.535 -1.741 -1.278
4 Q -0.868 1.022 -0.078 -0.342 -1.897 4.831 1.406 -1.465 0.784 -2.226 -1.976 1.236 -0.389 -2.944 -2.137 -0.74 -0.961 -2.17 -1.271 -1.773
5 K -0.812 2.108 -0.254 -0.708 -1.963 0.821 0.328 -1.328 -0.229 -2.109 -2.226 4.453 -1.209 -2.791 -1.673 -0.867 -1.068 -2.535 -1.774 -1.984
6 N -1.645 -0.4 5.612 1.296 -1.832 -0.512 -0.711 -0.14 0.983 -2.698 -3.137 -0.281 -2.147 -2.36 -2.573 -0.104 -0.437 -2.952 -2.054 -2.546
7 I -1.362 -3.086 -3.248 -3.166 -0.136 -3.195 -3.672 -3.465 -2.697 4.483 1.691 -2.664 1.286 0.232 -3.49 -3.062 -1.06 -2.17 -1.271 2.875
8 K -0.812 2.108 -0.254 -0.708 -1.963 0.821 0.328 -1.328 -0.229 -2.109 -2.226 4.453 -1.209 -2.791 -1.673 -0.867 -1.068 -2.535 -1.774 -1.984
9 N -1.645 -0.4 5.612 1.296 -1.832 -0.512 -0.711 -0.14 0.983 -2.698 -3.137 -0.281 -2.147 -2.36 -2.573 -0.104 -0.437 -2.952 -2.054 -2.546
10 T -0.098 -1.078 -0.124 -1.0 0.136 -1.089 -1.363 -1.314 -1.399 -0.21 -1.043 -0.776 -0.517 -1.566 -1.673 0.719 4.201 -2.17 -1.692 0.244
11 I -1.362 -3.086 -3.248 -3.166 -0.136 -3.195 -3.672 -3.465 -2.697 4.483 1.691 -2.664 1.286 0.232 -3.49 -3.062 -1.06 -2.17 -1.271 2.875
12 Y -1.798 -1.763 -2.111 -3.008 -1.737 -1.769 -2.349 -2.918 2.119 -0.789 -0.896 -1.859 -0.668 3.363 -3.319 -2.423 -2.075 2.323 6.624 -0.965
13 F -2.32 -2.882 -2.846 -3.3 -1.36 -3.85 -3.468 -2.86 -0.814 0.291 0.579 -3.29 0.216 6.492 -4.434 -3.016 -2.356 0.866 2.945 -0.493
14 L -1.08 -1.383 -2.36 -2.814 -0.168 -1.051 -2.353 -2.583 -0.968 1.603 2.135 -1.452 5.611 0.468 -3.242 -2.016 -1.046 -1.306 -0.832 0.99
15 G -0.612 -2.271 -1.546 -2.249 -0.676 -2.409 -2.944 3.926 -1.865 0.443 2.244 -2.035 0.633 -0.419 -3.163 -1.883 -1.745 -2.018 -1.917 -0.244
16 I -1.377 -3.101 -3.263 -3.181 -0.15 -3.209 -3.687 -3.479 -2.711 4.521 1.677 -2.679 1.271 0.218 -3.505 -3.076 -1.075 -2.185 -1.285 2.86
17 A 2.532 -1.942 -2.227 -2.332 0.515 -1.885 -1.987 -0.835 -1.939 1.702 0.029 -1.517 0.103 -1.033 -2.2 -0.601 -0.437 -2.414 -1.511 2.772
18 L -1.91 -2.52 -3.1 -3.463 -0.698 -3.188 -3.393 -3.117 -1.476 1.268 2.795 -2.862 1.326 4.892 -3.996 -3.094 -1.949 -0.136 1.577 0.411
19 V -0.749 -2.777 -3.091 -3.173 0.105 -2.882 -3.263 -3.205 -2.811 3.871 1.334 -2.53 1.06 -0.074 -3.333 -2.653 -0.746 -2.284 -1.285 3.561
20 Y -1.812 -1.777 -2.126 -3.022 -1.752 -1.784 -2.363 -2.932 2.105 -0.804 -0.91 -1.873 -0.682 3.348 -3.333 -2.437 -2.089 2.309 6.655 -0.979
21 K -0.826 2.094 -0.268 -0.722 -1.977 0.807 0.313 -1.342 -0.243 -2.123 -2.24 4.49 -1.224 -2.806 -1.687 -0.881 -1.082 -2.549 -1.789 -1.999
22 L -1.541 -2.186 -3.362 -3.62 -0.15 -2.64 -3.306 -3.383 -2.314 2.005 4.037 -2.478 2.132 0.833 -3.604 -3.158 -1.581 -1.65 -1.056 1.106
23 A 2.556 -1.282 -0.801 -1.331 0.414 -1.209 -1.338 -0.354 -1.31 -0.511 -1.186 -0.82 -0.698 -1.711 -1.579 0.582 2.767 -2.31 -1.731 0.184
24 L -1.541 -2.186 -3.362 -3.62 -0.15 -2.64 -3.306 -3.383 -2.314 2.005 4.037 -2.478 2.132 0.833 -3.604 -3.158 -1.581 -1.65 -1.056 1.106
25 E -0.919 -0.122 -0.338 1.518 -2.411 1.346 4.494 -1.95 0.392 -2.764 -2.703 0.677 -1.754 -2.608 -1.882 -0.791 -1.301 -2.387 -1.908 -2.134
26 I -1.225 -2.116 -2.776 -2.991 -0.159 -1.933 -2.944 -2.996 -1.71 3.416 1.915 -2.001 4.19 0.346 -3.37 -2.498 -1.06 -1.712 -1.05 2.074
27 G 0.09 -2.358 -0.44 -1.323 -1.32 -2.195 -2.622 5.809 -1.476 -3.215 -3.461 -1.651 -2.667 -2.678 -2.779 -1.002 -1.919 -2.44 -3.148 -2.864
28 F -2.334 -2.896 -2.86 -3.314 -1.374 -3.864 -3.482 -2.875 -0.828 0.277 0.565 -3.304 0.201 6.515 -4.448 -3.031 -2.371 0.852 2.931 -0.507
29 W -2.65 -2.383 -3.166 -3.62 -2.334 -2.824 -2.969 -2.366 -1.134 -1.854 -1.65 -2.791 -1.28 1.128 -5.408 -3.355 -2.695 10.61 2.169 -2.228
30 D -1.795 -1.681 -0.009 3.964 -2.045 -1.292 -0.179 -1.888 1.076 -1.607 -1.921 -1.304 -1.517 1.66 -2.764 -1.6 -1.731 0.667 4.753 -1.771
31 L -1.458 -2.607 -3.312 -3.392 -0.15 -2.911 -3.49 -3.43 -2.505 3.529 3.092 -2.577 1.734 0.542 -3.554 -3.117 -1.317 -1.905 -1.168 2.114
32 L -1.541 -2.186 -3.362 -3.62 -0.15 -2.64 -3.306 -3.383 -2.314 2.005 4.037 -2.478 2.132 0.833 -3.604 -3.158 -1.581 -1.65 -1.056 1.106
33 Q -0.883 1.007 -0.093 -0.357 -1.911 4.883 1.392 -1.479 0.769 -2.24 -1.991 1.222 -0.403 -2.959 -2.151 -0.755 -0.975 -2.185 -1.285 -1.787
34 E -0.872 1.193 -0.303 0.61 -2.186 1.089 3.103 -1.63 0.092 -2.426 -2.462 3.172 -1.476 -2.705 -1.783 -0.836 -1.189 -2.467 -1.848 -2.066
35 A 2.831 -1.089 -0.385 -0.879 0.392 -0.921 -0.903 0.144 -0.811 -1.32 -1.781 -0.553 -1.026 -1.895 -1.475 2.187 0.383 -2.494 -1.756 -0.489
36 Y -1.812 -1.777 -2.126 -3.022 -1.752 -1.784 -2.363 -2.932 2.105 -0.804 -0.91 -1.873 -0.682 3.348 -3.333 -2.437 -2.089 2.309 6.655 -0.979
37 A 2.428 0.827 -0.882 -1.164 -0.353 -0.065 -0.381 -0.358 -0.687 -1.405 -1.744 2.911 -1.043 -2.287 -1.579 -0.137 -0.733 -2.494 -1.772 -0.737
38 G -0.654 -1.226 3.974 0.264 -1.571 -1.242 -1.52 4.153 -0.002 -2.953 -3.302 -0.894 -2.403 -2.522 -2.682 -0.526 -1.093 -2.691 -2.558 -2.708
39 L -0.739 -1.588 -1.322 -2.033 -0.011 -1.77 -2.184 -2.177 -1.828 1.101 2.493 -1.513 1.097 -0.129 -2.489 -0.623 2.605 -1.905 -1.363 0.701
40 G 0.62 -1.438 0.066 -0.736 -0.541 -1.27 -1.407 4.159 -0.924 -2.49 -2.839 -0.888 -1.833 -2.287 -2.054 1.855 -0.097 -2.494 -2.369 -1.973
41 V -0.172 -1.706 -1.209 -1.894 0.233 -1.751 -2.037 -2.029 -2.067 1.839 0.114 -1.48 0.23 -0.929 -2.335 -0.419 2.762 -2.284 -1.488 2.79
42 Y -1.812 -1.777 -2.126 -3.022 -1.752 -1.784 -2.363 -2.932 2.105 -0.804 -0.91 -1.873 -0.682 3.348 -3.333 -2.437 -2.089 2.309 6.655 -0.979
43 R -1.159 4.281 -0.363 -1.112 -2.115 0.666 -0.091 -1.708 -0.067 -2.357 -2.132 3.511 -1.224 -2.634 -2.151 -1.132 -1.262 -2.387 -1.78 -2.079
44 F -2.334 -2.896 -2.86 -3.314 -1.374 -3.864 -3.482 -2.875 -0.828 0.277 0.565 -3.304 0.201 6.515 -4.448 -3.031 -2.371 0.852 2.931 -0.507
45 E -0.919 -0.122 -0.338 1.518 -2.411 1.346 4.494 -1.95 0.392 -2.764 -2.703 0.677 -1.754 -2.608 -1.882 -0.791 -1.301 -2.387 -1.908 -2.134
46 F -2.334 -2.896 -2.86 -3.314 -1.374 -3.864 -3.482 -2.875 -0.828 0.277 0.565 -3.304 0.201 6.515 -4.448 -3.031 -2.371 0.852 2.931 -0.507
47 N 0.015 -0.573 4.091 0.617 -0.73 -0.548 -0.639 -0.13 0.342 -2.284 -2.711 -0.29 -1.633 -2.151 -1.978 2.041 0.372 -2.75 -1.908 -1.857
48 F -2.334 -2.896 -2.86 -3.314 -1.374 -3.864 -3.482 -2.875 -0.828 0.277 0.565 -3.304 0.201 6.515 -4.448 -3.031 -2.371 0.852 2.931 -0.507
49 Y -0.916 -2.11 -2.5 -3.092 -0.52 -2.158 -2.616 -2.944 0.571 1.708 0.164 -2.119 0.173 2.045 -3.251 -2.36 -1.156 0.826 4.833 2.579
50 K -0.826 2.094 -0.268 -0.722 -1.977 0.807 0.313 -1.342 -0.243 -2.123 -2.24 4.49 -1.224 -2.806 -1.687 -0.881 -1.082 -2.549 -1.789 -1.999
51 F -2.062 -2.283 -2.47 -3.164 -1.557 -2.64 -2.869 -2.903 0.996 -0.213 -0.079 -2.501 -0.207 5.346 -3.837 -2.719 -2.227 1.671 5.356 -0.734
52 I -1.377 -3.101 -3.263 -3.181 -0.15 -3.209 -3.687 -3.479 -2.711 4.521 1.677 -2.679 1.271 0.218 -3.505 -3.076 -1.075 -2.185 -1.285 2.86
53 Y -1.586 -2.364 -2.638 -3.1 -0.841 -2.409 -2.95 -3.193 0.603 2.944 0.664 -2.248 0.457 2.188 -3.418 -2.739 -1.538 0.86 4.833 1.537
54 G 0.09 -2.358 -0.44 -1.323 -1.32 -2.195 -2.622 5.809 -1.476 -3.215 -3.461 -1.651 -2.667 -2.678 -2.779 -1.002 -1.919 -2.44 -3.148 -2.864
55 L -1.458 -2.607 -3.312 -3.392 -0.15 -2.911 -3.49 -3.43 -2.505 3.529 3.092 -2.577 1.734 0.542 -3.554 -3.117 -1.317 -1.905 -1.168 2.114
56 L -1.541 -2.186 -3.362 -3.62 -0.15 -2.64 -3.306 -3.383 -2.314 2.005 4.037 -2.478 2.132 0.833 -3.604 -3.158 -1.581 -1.65 -1.056 1.106
57 W -2.65 -2.383 -3.166 -3.62 -2.334 -2.824 -2.969 -2.366 -1.134 -1.854 -1.65 -2.791 -1.28 1.128 -5.408 -3.355 -2.695 10.61 2.169 -2.228
58 C -0.875 -3.217 -3.11 -3.297 7.774 -3.331 -3.803 -2.747 -2.828 2.954 0.621 -2.888 0.329 -0.692 -3.352 -2.288 -1.193 -2.662 -1.943 1.666
59 T -0.556 -1.234 -1.041 -1.776 -0.02 -1.077 -1.824 -1.888 -1.182 0.832 0.96 -1.103 3.935 -0.378 -2.361 -0.346 2.673 -1.712 -1.236 0.634
60 I -1.377 -3.101 -3.263 -3.181 -0.15 -3.209 -3.687 -3.479 -2.711 4.521 1.677 -2.679 1.271 0.218 -3.505 -3.076 -1.075 -2.185 -1.285 2.86
61 L -1.541 -2.186 -3.362 -3.62 -0.15 -2.64 -3.306 -3.383 -2.314 2.005 4.037 -2.478 2.132 0.833 -3.604 -3.158 -1.581 -1.65 -1.056 1.106
62 F 2.231 -2.104 -2.199 -2.388 -0.168 -2.32 -2.188 -0.816 -1.013 -0.224 -0.227 -1.823 -0.286 4.669 -2.595 -0.791 -1.235 -0.348 1.45 -0.166
63 A 2.345 -2.18 -2.353 -2.338 0.295 -2.113 -2.252 -0.952 -1.865 2.941 0.551 -1.621 0.394 -0.634 -2.315 -0.801 -0.73 -2.31 -1.511 1.809
64 L -1.541 -2.186 -3.362 -3.62 -0.15 -2.64 -3.306 -3.383 -2.314 2.005 4.037 -2.478 2.132 0.833 -3.604 -3.158 -1.581 -1.65 -1.056 1.106
65 I -1.377 -3.101 -3.263 -3.181 -0.15 -3.209 -3.687 -3.479 -2.711 4.521 1.677 -2.679 1.271 0.218 -3.505 -3.076 -1.075 -2.185 -1.285 2.86
66 D -1.653 3.747 0.486 4.047 -2.315 -0.094 0.356 -1.582 -0.201 -2.668 -2.668 0.933 -1.868 -2.687 -2.489 -1.17 -1.433 -2.81 -2.338 -2.492
67 H -1.759 -0.981 -0.553 -1.811 -2.028 -0.862 -1.284 -2.249 6.35 -1.586 -1.631 -1.267 -0.957 1.953 -3.026 -1.977 -2.157 1.002 5.126 -1.828
68 N -1.66 -0.415 5.643 1.281 -1.846 -0.527 -0.725 -0.155 0.968 -2.712 -3.152 -0.296 -2.161 -2.374 -2.588 -0.118 -0.451 -2.966 -2.069 -2.56
69 R -1.21 3.893 -0.4 0.37 -2.334 0.962 2.955 -2.037 0.249 -2.687 -2.346 1.425 -1.476 -2.539 -2.264 -1.082 -1.376 -2.31 -1.839 -2.148
70 R -1.159 4.281 -0.363 -1.112 -2.115 0.666 -0.091 -1.708 -0.067 -2.357 -2.132 3.511 -1.224 -2.634 -2.151 -1.132 -1.262 -2.387 -1.78 -2.079
71 K -0.826 2.094 -0.268 -0.722 -1.977 0.807 0.313 -1.342 -0.243 -2.123 -2.24 4.49 -1.224 -2.806 -1.687 -0.881 -1.082 -2.549 -1.789 -1.999
72 P -0.836 -2.014 -1.934 -1.564 -1.457 -1.933 -1.622 -1.852 -1.608 -2.318 -2.75 -1.064 -2.403 -3.336 6.663 -1.452 -1.348 -4.549 -2.636 -2.162
73 S 1.068 -0.741 0.497 -0.249 0.072 -0.57 -0.555 -0.106 -0.46 -1.911 -2.328 -0.285 -1.187 -1.943 -1.475 3.262 1.011 -2.549 -1.756 -1.292
74 T -0.112 -1.093 -0.139 -1.014 0.122 -1.103 -1.378 -1.329 -1.413 -0.224 -1.057 -0.791 -0.532 -1.58 -1.687 0.705 4.245 -2.185 -1.706 0.229
75 F -2.334 -2.896 -2.86 -3.314 -1.374 -3.864 -3.482 -2.875 -0.828 0.277 0.565 -3.304 0.201 6.515 -4.448 -3.031 -2.371 0.852 2.931 -0.507
76 F -2.334 -2.896 -2.86 -3.314 -1.374 -3.864 -3.482 -2.875 -0.828 0.277 0.565 -3.304 0.201 6.515 -4.448 -3.031 -2.371 0.852 2.931 -0.507
77 L -0.814 -2.332 -3.138 -3.383 0.105 -2.614 -3.092 -3.161 -2.599 2.562 2.887 -2.433 1.555 0.282 -3.38 -2.688 -0.961 -1.995 -1.168 2.993
78 Q -0.883 1.007 -0.093 -0.357 -1.911 4.883 1.392 -1.479 0.769 -2.24 -1.991 1.222 -0.403 -2.959 -2.151 -0.755 -0.975 -2.185 -1.285 -1.787
79 F -1.64 -2.042 -2.599 -3.053 -0.709 -2.128 -2.863 -2.725 -0.897 1.015 1.455 -2.232 4.023 4.849 -3.783 -2.479 -1.633 -0.03 1.624 0.337
80 L -1.193 -0.169 -1.287 -1.55 -0.898 3.088 -0.091 -2.277 -0.379 0.601 2.374 -0.072 1.135 -0.48 -2.787 -1.713 -1.262 -1.905 -1.168 0.008
81 Y -1.812 -1.777 -2.126 -3.022 -1.752 -1.784 -2.363 -2.932 2.105 -0.804 -0.91 -1.873 -0.682 3.348 -3.333 -2.437 -2.089 2.309 6.655 -0.979
82 I -1.225 -2.116 -2.776 -2.991 -0.159 -1.933 -2.944 -2.996 -1.71 3.416 1.915 -2.001 4.19 0.346 -3.37 -2.498 -1.06 -1.712 -1.05 2.074
83 V -0.749 -2.777 -3.091 -3.173 0.105 -2.882 -3.263 -3.205 -2.811 3.871 1.334 -2.53 1.06 -0.074 -3.333 -2.653 -0.746 -2.284 -1.285 3.561
84 A 3.918 -1.484 -1.662 -1.687 0.68 -1.32 -1.298 0.374 -1.211 -0.83 -1.321 -0.849 -0.874 -1.848 -1.475 0.455 -0.422 -2.44 -1.756 0.139
85 I -1.377 -3.101 -3.263 -3.181 -0.15 -3.209 -3.687 -3.479 -2.711 4.521 1.677 -2.679 1.271 0.218 -3.505 -3.076 -1.075 -2.185 -1.285 2.86
86 I -1.377 -3.101 -3.263 -3.181 -0.15 -3.209 -3.687 -3.479 -2.711 4.521 1.677 -2.679 1.271 0.218 -3.505 -3.076 -1.075 -2.185 -1.285 2.86
87 P -0.836 -2.014 -1.934 -1.564 -1.457 -1.933 -1.622 -1.852 -1.608 -2.318 -2.75 -1.064 -2.403 -3.336 6.663 -1.452 -1.348 -4.549 -2.636 -2.162
88 I -1.225 -2.116 -2.776 -2.991 -0.159 -1.933 -2.944 -2.996 -1.71 3.416 1.915 -2.001 4.19 0.346 -3.37 -2.498 -1.06 -1.712 -1.05 2.074
89 T -0.112 -1.093 -0.139 -1.014 0.122 -1.103 -1.378 -1.329 -1.413 -0.224 -1.057 -0.791 -0.532 -1.58 -1.687 0.705 4.245 -2.185 -1.706 0.229
90 V -0.234 -2.486 -2.929 -3.164 0.34 -2.587 -2.894 -2.955 -2.915 3.03 0.945 -2.388 0.832 -0.398 -3.171 -2.284 -0.451 -2.387 -1.285 4.125
91 I -1.377 -3.101 -3.263 -3.181 -0.15 -3.209 -3.687 -3.479 -2.711 4.521 1.677 -2.679 1.271 0.218 -3.505 -3.076 -1.075 -2.185 -1.285 2.86
92 F -2.334 -2.896 -2.86 -3.314 -1.374 -3.864 -3.482 -2.875 -0.828 0.277 0.565 -3.304 0.201 6.515 -4.448 -3.031 -2.371 0.852 2.931 -0.507
93 A 3.918 -1.484 -1.662 -1.687 0.68 -1.32 -1.298 0.374 -1.211 -0.83 -1.321 -0.849 -0.874 -1.848 -1.475 0.455 -0.422 -2.44 -1.756 0.139
94 F -2.334 -2.896 -2.86 -3.314 -1.374 -3.864 -3.482 -2.875 -0.828 0.277 0.565 -3.304 0.201 6.515 -4.448 -3.031 -2.371 0.852 2.931 -0.507
95 S 1.068 -0.741 0.497 -0.249 0.072 -0.57 -0.555 -0.106 -0.46 -1.911 -2.328 -0.285 -1.187 -1.943 -1.475 3.262 1.011 -2.549 -1.756 -1.292
96 D -1.718 -0.942 4.203 4.375 -2.097 -0.694 0.297 -0.599 0.313 -2.719 -3.316 -0.55 -2.417 -2.634 -2.435 -0.505 -0.892 -3.235 -2.515 -2.708
97 E -0.919 -0.122 -0.338 1.518 -2.411 1.346 4.494 -1.95 0.392 -2.764 -2.703 0.677 -1.754 -2.608 -1.882 -0.791 -1.301 -2.387 -1.908 -2.134
98 N -1.213 1.104 3.993 0.45 -1.911 0.216 -0.16 -0.688 0.426 -2.403 -2.66 2.993 -1.655 -2.582 -2.102 -0.474 -0.749 -2.75 -1.925 -2.266
99 I -0.676 -1.925 -1.297 -1.899 -0.011 -1.968 -2.307 -2.208 -1.99 3.03 0.622 -1.583 0.508 -0.543 -2.455 -0.606 2.669 -2.185 -1.488 1.835
100 F -1.64 -2.042 -2.599 -3.053 -0.709 -2.128 -2.863 -2.725 -0.897 1.015 1.455 -2.232 4.023 4.849 -3.783 -2.479 -1.633 -0.03 1.624 0.337
101 Y -1.812 -1.777 -2.126 -3.022 -1.752 -1.784 -2.363 -2.932 2.105 -0.804 -0.91 -1.873 -0.682 3.348 -3.333 -2.437 -2.089 2.309 6.655 -0.979
102 F -2.062 -2.283 -2.47 -3.164 -1.557 -2.64 -2.869 -2.903 0.996 -0.213 -0.079 -2.501 -0.207 5.346 -3.837 -2.719 -2.227 1.671 5.356 -0.734
103 N -0.784 -0.734 4.008 0.356 -0.698 -0.8 -1.033 -0.682 0.017 -1.208 -1.918 -0.533 -1.233 -1.95 -2.102 0.323 2.762 -2.549 -1.882 -0.841
104 C -0.338 -2.881 -2.947 -3.289 7.791 -2.99 -3.363 -2.532 -2.933 1.723 0.113 -2.728 0.032 -1.099 -3.189 -1.961 -0.852 -2.78 -1.943 2.67
105 V -0.234 -2.486 -2.929 -3.164 0.34 -2.587 -2.894 -2.955 -2.915 3.03 0.945 -2.388 0.832 -0.398 -3.171 -2.284 -0.451 -2.387 -1.285 4.125
106 C -0.447 -3.339 -2.965 -3.419 9.68 -3.458 -3.925 -2.163 -2.95 -0.732 -1.061 -3.113 -1.079 -2.027 -3.207 -1.67 -1.317 -3.235 -2.796 -0.409
107 L -1.458 -2.607 -3.312 -3.392 -0.15 -2.911 -3.49 -3.43 -2.505 3.529 3.092 -2.577 1.734 0.542 -3.554 -3.117 -1.317 -1.905 -1.168 2.114
108 A 3.918 -1.484 -1.662 -1.687 0.68 -1.32 -1.298 0.374 -1.211 -0.83 -1.321 -0.849 -0.874 -1.848 -1.475 0.455 -0.422 -2.44 -1.756 0.139
109 F -2.334 -2.896 -2.86 -3.314 -1.374 -3.864 -3.482 -2.875 -0.828 0.277 0.565 -3.304 0.201 6.515 -4.448 -3.031 -2.371 0.852 2.931 -0.507
110 A 3.918 -1.484 -1.662 -1.687 0.68 -1.32 -1.298 0.374 -1.211 -0.83 -1.321 -0.849 -0.874 -1.848 -1.475 0.455 -0.422 -2.44 -1.756 0.139
111 L -1.458 -2.607 -3.312 -3.392 -0.15 -2.911 -3.49 -3.43 -2.505 3.529 3.092 -2.577 1.734 0.542 -3.554 -3.117 -1.317 -1.905 -1.168 2.114
112 C 2.492 -2.265 -2.24 -2.425 7.804 -2.195 -2.322 -0.624 -1.952 -0.781 -1.188 -1.764 -0.974 -1.936 -2.213 -0.416 -0.835 -2.81 -2.229 -0.122
113 E -0.919 -0.122 -0.338 1.518 -2.411 1.346 4.494 -1.95 0.392 -2.764 -2.703 0.677 -1.754 -2.608 -1.882 -0.791 -1.301 -2.387 -1.908 -2.134
114 V -0.626 -1.882 -2.631 -2.984 0.097 -1.718 -2.611 -2.763 -1.78 2.404 1.601 -1.882 4.115 0.067 -3.207 -2.147 -0.733 -1.796 -1.05 2.964
115 L -1.458 -2.607 -3.312 -3.392 -0.15 -2.911 -3.49 -3.43 -2.505 3.529 3.092 -2.577 1.734 0.542 -3.554 -3.117 -1.317 -1.905 -1.168 2.114
116 V -0.234 -2.486 -2.929 -3.164 0.34 -2.587 -2.894 -2.955 -2.915 3.03 0.945 -2.388 0.832 -0.398 -3.171 -2.284 -0.451 -2.387 -1.285 4.125
117 L -1.91 -2.52 -3.1 -3.463 -0.698 -3.188 -3.393 -3.117 -1.476 1.268 2.795 -2.862 1.326 4.892 -3.996 -3.094 -1.949 -0.136 1.577 0.411
118 F -1.097 -2.684 -2.895 -3.238 -0.392 -3.156 -3.173 -2.915 -1.687 1.97 0.761 -2.81 0.534 4.766 -3.74 -2.633 -1.254 -0.335 1.533 2.653
119 F -0.158 -1.622 -0.719 -1.392 -0.561 -1.77 -1.662 -1.17 -0.638 -0.615 -0.533 -1.417 -0.41 4.664 -2.595 1.571 -0.21 -0.374 1.45 -0.873
120 K -0.826 2.094 -0.268 -0.722 -1.977 0.807 0.313 -1.342 -0.243 -2.123 -2.24 4.49 -1.224 -2.806 -1.687 -0.881 -1.082 -2.549 -1.789 -1.999
121 D -1.718 -0.942 4.203 4.375 -2.097 -0.694 0.297 -0.599 0.313 -2.719 -3.316 -0.55 -2.417 -2.634 -2.435 -0.505 -0.892 -3.235 -2.515 -2.708
122 V -0.749 -2.777 -3.091 -3.173 0.105 -2.882 -3.263 -3.205 -2.811 3.871 1.334 -2.53 1.06 -0.074 -3.333 -2.653 -0.746 -2.284 -1.285 3.561
123 Y -1.31 -0.061 -0.934 -1.392 -1.83 3.156 0.087 -2.115 1.514 -1.433 -1.4 0.071 -0.539 1.656 -2.682 -1.475 -1.479 0.86 4.833 -1.355
124 L -1.541 -2.186 -3.362 -3.62 -0.15 -2.64 -3.306 -3.383 -2.314 2.005 4.037 -2.478 2.132 0.833 -3.604 -3.158 -1.581 -1.65 -1.056 1.106
125 P -0.836 -2.014 -1.934 -1.564 -1.457 -1.933 -1.622 -1.852 -1.608 -2.318 -2.75 -1.064 -2.403 -3.336 6.663 -1.452 -1.348 -4.549 -2.636 -2.162
126 E -0.901 0.498 -0.213 0.73 -2.15 3.625 3.341 -1.705 0.587 -2.49 -2.325 0.962 -1.0 -2.778 -2.013 -0.773 -1.133 -2.284 -1.58 -1.955
127 I -1.377 -3.101 -3.263 -3.181 -0.15 -3.209 -3.687 -3.479 -2.711 4.521 1.677 -2.679 1.271 0.218 -3.505 -3.076 -1.075 -2.185 -1.285 2.86
128 D -1.718 -0.942 4.203 4.375 -2.097 -0.694 0.297 -0.599 0.313 -2.719 -3.316 -0.55 -2.417 -2.634 -2.435 -0.505 -0.892 -3.235 -2.515 -2.708
129 I -1.377 -3.101 -3.263 -3.181 -0.15 -3.209 -3.687 -3.479 -2.711 4.521 1.677 -2.679 1.271 0.218 -3.505 -3.076 -1.075 -2.185 -1.285 2.86
130 A 2.388 -1.433 -1.99 -2.196 0.287 -1.182 -1.778 -0.741 -1.087 0.636 0.896 -1.135 3.901 -0.464 -2.226 -0.524 -0.717 -1.818 -1.257 0.595
131 T 0.538 -0.911 0.197 -0.606 0.097 -0.824 -0.937 -0.653 -0.897 -0.946 -1.623 -0.527 -0.841 -1.756 -1.579 2.258 3.059 -2.361 -1.731 -0.432
132 K -0.826 2.094 -0.268 -0.722 -1.977 0.807 0.313 -1.342 -0.243 -2.123 -2.24 4.49 -1.224 -2.806 -1.687 -0.881 -1.082 -2.549 -1.789 -1.999
133 V -0.749 -2.777 -3.091 -3.173 0.105 -2.882 -3.263 -3.205 -2.811 3.871 1.334 -2.53 1.06 -0.074 -3.333 -2.653 -0.746 -2.284 -1.285 3.561
134 L -1.541 -2.186 -3.362 -3.62 -0.15 -2.64 -3.306 -3.383 -2.314 2.005 4.037 -2.478 2.132 0.833 -3.604 -3.158 -1.581 -1.65 -1.056 1.106
135 V -0.749 -2.777 -3.091 -3.173 0.105 -2.882 -3.263 -3.205 -2.811 3.871 1.334 -2.53 1.06 -0.074 -3.333 -2.653 -0.746 -2.284 -1.285 3.561
136 L -1.458 -2.607 -3.312 -3.392 -0.15 -2.911 -3.49 -3.43 -2.505 3.529 3.092 -2.577 1.734 0.542 -3.554 -3.117 -1.317 -1.905 -1.168 2.114
137 G 2.597 -1.888 -0.987 -1.499 -0.15 -1.725 -1.885 4.218 -1.341 -1.783 -2.197 -1.222 -1.633 -2.233 -2.054 -0.183 -1.075 -2.44 -2.369 -0.989
138 F -2.334 -2.896 -2.86 -3.314 -1.374 -3.864 -3.482 -2.875 -0.828 0.277 0.565 -3.304 0.201 6.515 -4.448 -3.031 -2.371 0.852 2.931 -0.507
139 C -1.239 -3.109 -2.912 -3.366 7.741 -3.654 -3.695 -2.497 -1.698 -0.184 -0.135 -3.207 -0.368 4.66 -3.761 -2.271 -1.796 -0.521 1.302 -0.458
140 L -1.91 -2.52 -3.1 -3.463 -0.698 -3.188 -3.393 -3.117 -1.476 1.268 2.795 -2.862 1.326 4.892 -3.996 -3.094 -1.949 -0.136 1.577 0.411
141 I -1.377 -3.101 -3.263 -3.181 -0.15 -3.209 -3.687 -3.479 -2.711 4.521 1.677 -2.679 1.271 0.218 -3.505 -3.076 -1.075 -2.185 -1.285 2.86
142 T -0.112 -1.093 -0.139 -1.014 0.122 -1.103 -1.378 -1.329 -1.413 -0.224 -1.057 -0.791 -0.532 -1.58 -1.687 0.705 4.245 -2.185 -1.706 0.229
143 C -1.239 -3.109 -2.912 -3.366 7.741 -3.654 -3.695 -2.497 -1.698 -0.184 -0.135 -3.207 -0.368 4.66 -3.761 -2.271 -1.796 -0.521 1.302 -0.458
144 V -0.234 -2.486 -2.929 -3.164 0.34 -2.587 -2.894 -2.955 -2.915 3.03 0.945 -2.388 0.832 -0.398 -3.171 -2.284 -0.451 -2.387 -1.285 4.125
145 V -0.234 -2.486 -2.929 -3.164 0.34 -2.587 -2.894 -2.955 -2.915 3.03 0.945 -2.388 0.832 -0.398 -3.171 -2.284 -0.451 -2.387 -1.285 4.125
146 Y -1.812 -1.777 -2.126 -3.022 -1.752 -1.784 -2.363 -2.932 2.105 -0.804 -0.91 -1.873 -0.682 3.348 -3.333 -2.437 -2.089 2.309 6.655 -0.979
147 V -0.749 -2.777 -3.091 -3.173 0.105 -2.882 -3.263 -3.205 -2.811 3.871 1.334 -2.53 1.06 -0.074 -3.333 -2.653 -0.746 -2.284 -1.285 3.561
148 D -1.777 -1.588 1.199 5.833 -2.372 -0.872 1.05 -1.124 -0.536 -2.725 -3.491 -0.829 -2.698 -2.92 -2.289 -0.952 -1.413 -3.531 -3.043 -2.864
149 L -1.08 -1.383 -2.36 -2.814 -0.168 -1.051 -2.353 -2.583 -0.968 1.603 2.135 -1.452 5.611 0.468 -3.242 -2.016 -1.046 -1.306 -0.832 0.99
150 I -1.377 -3.101 -3.263 -3.181 -0.15 -3.209 -3.687 -3.479 -2.711 4.521 1.677 -2.679 1.271 0.218 -3.505 -3.076 -1.075 -2.185 -1.285 2.86
151 A 2.345 -2.18 -2.353 -2.338 0.295 -2.113 -2.252 -0.952 -1.865 2.941 0.551 -1.621 0.394 -0.634 -2.315 -0.801 -0.73 -2.31 -1.511 1.809
152 E -0.919 -0.122 -0.338 1.518 -2.411 1.346 4.494 -1.95 0.392 -2.764 -2.703 0.677 -1.754 -2.608 -1.882 -0.791 -1.301 -2.387 -1.908 -2.134
153 N -1.66 -0.415 5.643 1.281 -1.846 -0.527 -0.725 -0.155 0.968 -2.712 -3.152 -0.296 -2.161 -2.374 -2.588 -0.118 -0.451 -2.966 -2.069 -2.56
154 G 0.09 -2.358 -0.44 -1.323 -1.32 -2.195 -2.622 5.809 -1.476 -3.215 -3.461 -1.651 -2.667 -2.678 -2.779 -1.002 -1.919 -2.44 -3.148 -2.864
155 L -1.08 -1.383 -2.36 -2.814 -0.168 -1.051 -2.353 -2.583 -0.968 1.603 2.135 -1.452 5.611 0.468 -3.242 -2.016 -1.046 -1.306 -0.832 0.99
156 P -1.489 -2.421 -2.36 -2.308 -1.415 -2.74 -2.405 -2.318 -1.192 -0.738 -0.641 -1.972 -0.816 4.608 4.724 -2.135 -1.814 -0.735 1.322 -1.218
157 S 1.068 -0.741 0.497 -0.249 0.072 -0.57 -0.555 -0.106 -0.46 -1.911 -2.328 -0.285 -1.187 -1.943 -1.475 3.262 1.011 -2.549 -1.756 -1.292
158 L -1.541 -2.186 -3.362 -3.62 -0.15 -2.64 -3.306 -3.383 -2.314 2.005 4.037 -2.478 2.132 0.833 -3.604 -3.158 -1.581 -1.65 -1.056 1.106
159 A 2.413 -0.723 -0.925 0.339 -0.47 0.311 2.858 -0.56 -0.299 -1.638 -1.93 0.014 -1.28 -2.203 -1.671 -0.101 -0.828 -2.414 -1.831 -0.78
160 A 3.918 -1.484 -1.662 -1.687 0.68 -1.32 -1.298 0.374 -1.211 -0.83 -1.321 -0.849 -0.874 -1.848 -1.475 0.455 -0.422 -2.44 -1.756 0.139
161 L -1.541 -2.186 -3.362 -3.62 -0.15 -2.64 -3.306 -3.383 -2.314 2.005 4.037 -2.478 2.132 0.833 -3.604 -3.158 -1.581 -1.65 -1.056 1.106
162 N -1.66 -0.415 5.643 1.281 -1.846 -0.527 -0.725 -0.155 0.968 -2.712 -3.152 -0.296 -2.161 -2.374 -2.588 -0.118 -0.451 -2.966 -2.069 -2.56
163 I -1.377 -3.101 -3.263 -3.181 -0.15 -3.209 -3.687 -3.479 -2.711 4.521 1.677 -2.679 1.271 0.218 -3.505 -3.076 -1.075 -2.185 -1.285 2.86
164 Y -1.812 -1.777 -2.126 -3.022 -1.752 -1.784 -2.363 -2.932 2.105 -0.804 -0.91 -1.873 -0.682 3.348 -3.333 -2.437 -2.089 2.309 6.655 -0.979
165 D -1.653 3.747 0.486 4.047 -2.315 -0.094 0.356 -1.582 -0.201 -2.668 -2.668 0.933 -1.868 -2.687 -2.489 -1.17 -1.433 -2.81 -2.338 -2.492
166 V -0.234 -2.486 -2.929 -3.164 0.34 -2.587 -2.894 -2.955 -2.915 3.03 0.945 -2.388 0.832 -0.398 -3.171 -2.284 -0.451 -2.387 -1.285 4.125
167 Y -1.812 -1.777 -2.126 -3.022 -1.752 -1.784 -2.363 -2.932 2.105 -0.804 -0.91 -1.873 -0.682 3.348 -3.333 -2.437 -2.089 2.309 6.655 -0.979
168 E -0.901 0.498 -0.213 0.73 -2.15 3.625 3.341 -1.705 0.587 -2.49 -2.325 0.962 -1.0 -2.778 -2.013 -0.773 -1.133 -2.284 -1.58 -1.955
169 I -1.377 -3.101 -3.263 -3.181 -0.15 -3.209 -3.687 -3.479 -2.711 4.521 1.677 -2.679 1.271 0.218 -3.505 -3.076 -1.075 -2.185 -1.285 2.86
170 R -1.534 5.51 -0.462 -1.564 -2.259 0.518 -0.561 -2.128 0.098 -2.612 -2.028 2.018 -1.224 -2.472 -2.704 -1.406 -1.454 -2.234 -1.772 -2.162
171 K 0.274 1.011 0.14 -0.476 -0.774 0.2 -0.088 -0.659 -0.349 -2.015 -2.284 2.995 -1.205 -2.342 -1.579 1.878 0.15 -2.549 -1.772 -1.624
172 N -1.266 -0.265 3.985 1.402 -2.115 0.559 2.932 -0.915 0.695 -2.738 -2.918 0.231 -1.95 -2.489 -2.213 -0.435 -0.845 -2.662 -1.987 -2.339
173 F -2.334 -2.896 -2.86 -3.314 -1.374 -3.864 -3.482 -2.875 -0.828 0.277 0.565 -3.304 0.201 6.515 -4.448 -3.031 -2.371 0.852 2.931 -0.507
174 H -1.286 -0.237 0.088 0.537 -2.372 0.688 2.964 -1.821 6.197 -2.712 -2.648 0.045 -1.497 -1.599 -2.283 -1.158 -1.727 -1.883 0.401 -2.55
175 L -1.541 -2.186 -3.362 -3.62 -0.15 -2.64 -3.306 -3.383 -2.314 2.005 4.037 -2.478 2.132 0.833 -3.604 -3.158 -1.581 -1.65 -1.056 1.106
176 N -1.66 -0.415 5.643 1.281 -1.846 -0.527 -0.725 -0.155 0.968 -2.712 -3.152 -0.296 -2.161 -2.374 -2.588 -0.118 -0.451 -2.966 -2.069 -2.56
177 K -0.826 2.094 -0.268 -0.722 -1.977 0.807 0.313 -1.342 -0.243 -2.123 -2.24 4.49 -1.224 -2.806 -1.687 -0.881 -1.082 -2.549 -1.789 -1.999
178 Y -1.812 -1.777 -2.126 -3.022 -1.752 -1.784 -2.363 -2.932 2.105 -0.804 -0.91 -1.873 -0.682 3.348 -3.333 -2.437 -2.089 2.309 6.655 -0.979
179 V -0.234 -2.486 -2.929 -3.164 0.34 -2.587 -2.894 -2.955 -2.915 3.03 0.945 -2.388 0.832 -0.398 -3.171 -2.284 -0.451 -2.387 -1.285 4.125
180 G -0.966 -2.37 -1.492 -2.249 -1.783 -2.493 -2.79 3.974 -1.3 -2.455 -2.416 -2.165 -1.891 -0.188 -3.804 -1.945 -2.281 8.642 0.593 -2.528
181 Y -1.812 -1.777 -2.126 -3.022 -1.752 -1.784 -2.363 -2.932 2.105 -0.804 -0.91 -1.873 -0.682 3.348 -3.333 -2.437 -2.089 2.309 6.655 -0.979
182 L -1.541 -2.186 -3.362 -3.62 -0.15 -2.64 -3.306 -3.383 -2.314 2.005 4.037 -2.478 2.132 0.833 -3.604 -3.158 -1.581 -1.65 -1.056 1.106
183 F -2.334 -2.896 -2.86 -3.314 -1.374 -3.864 -3.482 -2.875 -0.828 0.277 0.565 -3.304 0.201 6.515 -4.448 -3.031 -2.371 0.852 2.931 -0.507
184 Y -1.331 -0.832 -1.096 0.062 -2.063 0.186 2.75 -2.399 1.374 -1.62 -1.669 -0.325 -1.168 1.693 -2.517 -1.498 -1.668 0.826 4.8 -1.499
185 W -2.65 -2.383 -3.166 -3.62 -2.334 -2.824 -2.969 -2.366 -1.134 -1.854 -1.65 -2.791 -1.28 1.128 -5.408 -3.355 -2.695 10.61 2.169 -2.228
186 Q -0.883 1.007 -0.093 -0.357 -1.911 4.883 1.392 -1.479 0.769 -2.24 -1.991 1.222 -0.403 -2.959 -2.151 -0.755 -0.975 -2.185 -1.285 -1.787
187 Y -1.812 -1.777 -2.126 -3.022 -1.752 -1.784 -2.363 -2.932 2.105 -0.804 -0.91 -1.873 -0.682 3.348 -3.333 -2.437 -2.089 2.309 6.655 -0.979
188 T -0.112 -1.093 -0.139 -1.014 0.122 -1.103 -1.378 -1.329 -1.413 -0.224 -1.057 -0.791 -0.532 -1.58 -1.687 0.705 4.245 -2.185 -1.706 0.229
189 I -1.377 -3.101 -3.263 -3.181 -0.15 -3.209 -3.687 -3.479 -2.711 4.521 1.677 -2.679 1.271 0.218 -3.505 -3.076 -1.075 -2.185 -1.285 2.86
190 I -1.377 -3.101 -3.263 -3.181 -0.15 -3.209 -3.687 -3.479 -2.711 4.521 1.677 -2.679 1.271 0.218 -3.505 -3.076 -1.075 -2.185 -1.285 2.86
191 T -0.112 -1.093 -0.139 -1.014 0.122 -1.103 -1.378 -1.329 -1.413 -0.224 -1.057 -0.791 -0.532 -1.58 -1.687 0.705 4.245 -2.185 -1.706 0.229
192 P -0.836 -2.014 -1.934 -1.564 -1.457 -1.933 -1.622 -1.852 -1.608 -2.318 -2.75 -1.064 -2.403 -3.336 6.663 -1.452 -1.348 -4.549 -2.636 -2.162
193 F -2.334 -2.896 -2.86 -3.314 -1.374 -3.864 -3.482 -2.875 -0.828 0.277 0.565 -3.304 0.201 6.515 -4.448 -3.031 -2.371 0.852 2.931 -0.507
194 F -2.334 -2.896 -2.86 -3.314 -1.374 -3.864 -3.482 -2.875 -0.828 0.277 0.565 -3.304 0.201 6.515 -4.448 -3.031 -2.371 0.852 2.931 -0.507
195 I -1.377 -3.101 -3.263 -3.181 -0.15 -3.209 -3.687 -3.479 -2.711 4.521 1.677 -2.679 1.271 0.218 -3.505 -3.076 -1.075 -2.185 -1.285 2.86
196 I -1.377 -3.101 -3.263 -3.181 -0.15 -3.209 -3.687 -3.479 -2.711 4.521 1.677 -2.679 1.271 0.218 -3.505 -3.076 -1.075 -2.185 -1.285 2.86
197 R -1.534 5.51 -0.462 -1.564 -2.259 0.518 -0.561 -2.128 0.098 -2.612 -2.028 2.018 -1.224 -2.472 -2.704 -1.406 -1.454 -2.234 -1.772 -2.162
198 A 2.413 -0.723 -0.925 0.339 -0.47 0.311 2.858 -0.56 -0.299 -1.638 -1.93 0.014 -1.28 -2.203 -1.671 -0.101 -0.828 -2.414 -1.831 -0.78
199 Y -1.812 -1.777 -2.126 -3.022 -1.752 -1.784 -2.363 -2.932 2.105 -0.804 -0.91 -1.873 -0.682 3.348 -3.333 -2.437 -2.089 2.309 6.655 -0.979
200 Y -1.277 0.764 -1.05 -1.649 -1.862 -0.207 -0.725 -2.029 1.163 -1.388 -1.499 2.792 -0.94 1.671 -2.394 -1.556 -1.542 0.8 4.806 -1.444
201 R -1.534 5.51 -0.462 -1.564 -2.259 0.518 -0.561 -2.128 0.098 -2.612 -2.028 2.018 -1.224 -2.472 -2.704 -1.406 -1.454 -2.234 -1.772 -2.162
202 K -0.826 2.094 -0.268 -0.722 -1.977 0.807 0.313 -1.342 -0.243 -2.123 -2.24 4.49 -1.224 -2.806 -1.687 -0.881 -1.082 -2.549 -1.789 -1.999
203 R -1.159 4.281 -0.363 -1.112 -2.115 0.666 -0.091 -1.708 -0.067 -2.357 -2.132 3.511 -1.224 -2.634 -2.151 -1.132 -1.262 -2.387 -1.78 -2.079
204 F -2.062 -2.283 -2.47 -3.164 -1.557 -2.64 -2.869 -2.903 0.996 -0.213 -0.079 -2.501 -0.207 5.346 -3.837 -2.719 -2.227 1.671 5.356 -0.734
205 F -1.816 -2.997 -3.054 -3.247 -0.698 -3.518 -3.583 -3.161 -1.619 3.118 1.174 -2.975 0.786 4.823 -3.938 -3.053 -1.651 -0.284 1.533 1.642
206 T 0.538 -0.911 0.197 -0.606 0.097 -0.824 -0.937 -0.653 -0.897 -0.946 -1.623 -0.527 -0.841 -1.756 -1.579 2.258 3.059 -2.361 -1.731 -0.432
207 G -0.436 -1.829 -1.243 -1.973 -0.687 -1.567 -2.484 3.963 -1.211 0.101 0.523 -1.55 3.77 -0.696 -3.002 -1.465 -1.45 -1.818 -1.764 -0.337
208 F 2.231 -2.104 -2.199 -2.388 -0.168 -2.32 -2.188 -0.816 -1.013 -0.224 -0.227 -1.823 -0.286 4.669 -2.595 -0.791 -1.235 -0.348 1.45 -0.166
209 C -1.239 -3.109 -2.912 -3.366 7.741 -3.654 -3.695 -2.497 -1.698 -0.184 -0.135 -3.207 -0.368 4.66 -3.761 -2.271 -1.796 -0.521 1.302 -0.458
210 F -2.334 -2.896 -2.86 -3.314 -1.374 -3.864 -3.482 -2.875 -0.828 0.277 0.565 -3.304 0.201 6.515 -4.448 -3.031 -2.371 0.852 2.931 -0.507
211 C -0.447 -3.339 -2.965 -3.419 9.68 -3.458 -3.925 -2.163 -2.95 -0.732 -1.061 -3.113 -1.079 -2.027 -3.207 -1.67 -1.317 -3.235 -2.796 -0.409
212 F -1.816 -2.997 -3.054 -3.247 -0.698 -3.518 -3.583 -3.161 -1.619 3.118 1.174 -2.975 0.786 4.823 -3.938 -3.053 -1.651 -0.284 1.533 1.642
213 L -1.541 -2.186 -3.362 -3.62 -0.15 -2.64 -3.306 -3.383 -2.314 2.005 4.037 -2.478 2.132 0.833 -3.604 -3.158 -1.581 -1.65 -1.056 1.106
214 Q -0.883 1.007 -0.093 -0.357 -1.911 4.883 1.392 -1.479 0.769 -2.24 -1.991 1.222 -0.403 -2.959 -2.151 -0.755 -0.975 -2.185 -1.285 -1.787
215 L -1.91 -2.52 -3.1 -3.463 -0.698 -3.188 -3.393 -3.117 -1.476 1.268 2.795 -2.862 1.326 4.892 -3.996 -3.094 -1.949 -0.136 1.577 0.411
216 L -1.458 -2.607 -3.312 -3.392 -0.15 -2.911 -3.49 -3.43 -2.505 3.529 3.092 -2.577 1.734 0.542 -3.554 -3.117 -1.317 -1.905 -1.168 2.114
217 A 2.831 -1.089 -0.385 -0.879 0.392 -0.921 -0.903 0.144 -0.811 -1.32 -1.781 -0.553 -1.026 -1.895 -1.475 2.187 0.383 -2.494 -1.756 -0.489
218 Y -1.812 -1.777 -2.126 -3.022 -1.752 -1.784 -2.363 -2.932 2.105 -0.804 -0.91 -1.873 -0.682 3.348 -3.333 -2.437 -2.089 2.309 6.655 -0.979
219 L -1.541 -2.186 -3.362 -3.62 -0.15 -2.64 -3.306 -3.383 -2.314 2.005 4.037 -2.478 2.132 0.833 -3.604 -3.158 -1.581 -1.65 -1.056 1.106
220 Y -1.812 -1.777 -2.126 -3.022 -1.752 -1.784 -2.363 -2.932 2.105 -0.804 -0.91 -1.873 -0.682 3.348 -3.333 -2.437 -2.089 2.309 6.655 -0.979
221 A 2.831 -1.089 -0.385 -0.879 0.392 -0.921 -0.903 0.144 -0.811 -1.32 -1.781 -0.553 -1.026 -1.895 -1.475 2.187 0.383 -2.494 -1.756 -0.489
222 A 3.918 -1.484 -1.662 -1.687 0.68 -1.32 -1.298 0.374 -1.211 -0.83 -1.321 -0.849 -0.874 -1.848 -1.475 0.455 -0.422 -2.44 -1.756 0.139
223 Q -0.883 1.007 -0.093 -0.357 -1.911 4.883 1.392 -1.479 0.769 -2.24 -1.991 1.222 -0.403 -2.959 -2.151 -0.755 -0.975 -2.185 -1.285 -1.787
224 K -0.826 2.094 -0.268 -0.722 -1.977 0.807 0.313 -1.342 -0.243 -2.123 -2.24 4.49 -1.224 -2.806 -1.687 -0.881 -1.082 -2.549 -1.789 -1.999
225 A 2.556 -1.282 -0.801 -1.331 0.414 -1.209 -1.338 -0.354 -1.31 -0.511 -1.186 -0.82 -0.698 -1.711 -1.579 0.582 2.767 -2.31 -1.731 0.184
226 L -1.458 -2.607 -3.312 -3.392 -0.15 -2.911 -3.49 -3.43 -2.505 3.529 3.092 -2.577 1.734 0.542 -3.554 -3.117 -1.317 -1.905 -1.168 2.114
227 L -1.541 -2.186 -3.362 -3.62 -0.15 -2.64 -3.306 -3.383 -2.314 2.005 4.037 -2.478 2.132 0.833 -3.604 -3.158 -1.581 -1.65 -1.056 1.106
228 F -2.334 -2.896 -2.86 -3.314 -1.374 -3.864 -3.482 -2.875 -0.828 0.277 0.565 -3.304 0.201 6.515 -4.448 -3.031 -2.371 0.852 2.931 -0.507
229 I -1.377 -3.101 -3.263 -3.181 -0.15 -3.209 -3.687 -3.479 -2.711 4.521 1.677 -2.679 1.271 0.218 -3.505 -3.076 -1.075 -2.185 -1.285 2.86
230 I -1.377 -3.101 -3.263 -3.181 -0.15 -3.209 -3.687 -3.479 -2.711 4.521 1.677 -2.679 1.271 0.218 -3.505 -3.076 -1.075 -2.185 -1.285 2.86
231 P -0.836 -2.014 -1.934 -1.564 -1.457 -1.933 -1.622 -1.852 -1.608 -2.318 -2.75 -1.064 -2.403 -3.336 6.663 -1.452 -1.348 -4.549 -2.636 -2.162
232 L -1.541 -2.186 -3.362 -3.62 -0.15 -2.64 -3.306 -3.383 -2.314 2.005 4.037 -2.478 2.132 0.833 -3.604 -3.158 -1.581 -1.65 -1.056 1.106
233 V -0.234 -2.486 -2.929 -3.164 0.34 -2.587 -2.894 -2.955 -2.915 3.03 0.945 -2.388 0.832 -0.398 -3.171 -2.284 -0.451 -2.387 -1.285 4.125
234 L -1.458 -2.607 -3.312 -3.392 -0.15 -2.911 -3.49 -3.43 -2.505 3.529 3.092 -2.577 1.734 0.542 -3.554 -3.117 -1.317 -1.905 -1.168 2.114
235 G 2.597 -1.888 -0.987 -1.499 -0.15 -1.725 -1.885 4.218 -1.341 -1.783 -2.197 -1.222 -1.633 -2.233 -2.054 -0.183 -1.075 -2.44 -2.369 -0.989
236 L -1.301 -1.757 -2.818 -3.189 -0.159 -1.738 -2.79 -2.955 -1.563 1.811 3.24 -1.92 4.367 0.656 -3.418 -2.531 -1.301 -1.473 -0.942 1.048
237 C -0.447 -3.339 -2.965 -3.419 9.68 -3.458 -3.925 -2.163 -2.95 -0.732 -1.061 -3.113 -1.079 -2.027 -3.207 -1.67 -1.317 -3.235 -2.796 -0.409
238 I -1.377 -3.101 -3.263 -3.181 -0.15 -3.209 -3.687 -3.479 -2.711 4.521 1.677 -2.679 1.271 0.218 -3.505 -3.076 -1.075 -2.185 -1.285 2.86
239 I -1.377 -3.101 -3.263 -3.181 -0.15 -3.209 -3.687 -3.479 -2.711 4.521 1.677 -2.679 1.271 0.218 -3.505 -3.076 -1.075 -2.185 -1.285 2.86
240 S 1.068 -0.741 0.497 -0.249 0.072 -0.57 -0.555 -0.106 -0.46 -1.911 -2.328 -0.285 -1.187 -1.943 -1.475 3.262 1.011 -2.549 -1.756 -1.292
241 R -1.596 3.859 3.971 0.196 -2.045 0.043 -0.642 -0.976 0.566 -2.662 -2.535 1.087 -1.655 -2.423 -2.645 -0.691 -0.909 -2.577 -1.917 -2.354
242 W -1.759 -1.84 -2.735 -3.189 -1.052 -1.804 -2.645 -2.472 -1.05 0.364 0.823 -2.045 3.864 0.817 -4.126 -2.609 -1.754 8.656 1.042 -0.192
243 K -0.826 2.094 -0.268 -0.722 -1.977 0.807 0.313 -1.342 -0.243 -2.123 -2.24 4.49 -1.224 -2.806 -1.687 -0.881 -1.082 -2.549 -1.789 -1.999
244 N -1.213 1.104 3.993 0.45 -1.911 0.216 -0.16 -0.688 0.426 -2.403 -2.66 2.993 -1.655 -2.582 -2.102 -0.474 -0.749 -2.75 -1.925 -2.266
245 F -1.816 -2.997 -3.054 -3.247 -0.698 -3.518 -3.583 -3.161 -1.619 3.118 1.174 -2.975 0.786 4.823 -3.938 -3.053 -1.651 -0.284 1.533 1.642
246 A 2.413 -0.723 -0.925 0.339 -0.47 0.311 2.858 -0.56 -0.299 -1.638 -1.93 0.014 -1.28 -2.203 -1.671 -0.101 -0.828 -2.414 -1.831 -0.78
247 L -1.458 -2.607 -3.312 -3.392 -0.15 -2.911 -3.49 -3.43 -2.505 3.529 3.092 -2.577 1.734 0.542 -3.554 -3.117 -1.317 -1.905 -1.168 2.114
248 F -2.062 -2.283 -2.47 -3.164 -1.557 -2.64 -2.869 -2.903 0.996 -0.213 -0.079 -2.501 -0.207 5.346 -3.837 -2.719 -2.227 1.671 5.356 -0.734
249 L -0.739 -1.588 -1.322 -2.033 -0.011 -1.77 -2.184 -2.177 -1.828 1.101 2.493 -1.513 1.097 -0.129 -2.489 -0.623 2.605 -1.905 -1.363 0.701
250 F -2.062 -2.283 -2.47 -3.164 -1.557 -2.64 -2.869 -2.903 0.996 -0.213 -0.079 -2.501 -0.207 5.346 -3.837 -2.719 -2.227 1.671 5.356 -0.734
251 A 2.388 -1.433 -1.99 -2.196 0.287 -1.182 -1.778 -0.741 -1.087 0.636 0.896 -1.135 3.901 -0.464 -2.226 -0.524 -0.717 -1.818 -1.257 0.595
252 G -0.01 -1.656 -0.285 -1.164 -0.51 -1.598 -1.933 4.043 -1.444 -1.348 -2.015 -1.189 -1.406 -2.077 -2.182 -0.024 2.567 -2.31 -2.338 -0.921
253 L -1.541 -2.186 -3.362 -3.62 -0.15 -2.64 -3.306 -3.383 -2.314 2.005 4.037 -2.478 2.132 0.833 -3.604 -3.158 -1.581 -1.65 -1.056 1.106
254 V 0.49 -1.484 -0.735 -1.353 0.209 -1.406 -1.494 -1.193 -1.434 1.508 -0.25 -1.149 -0.005 -1.069 -2.2 1.656 0.372 -2.467 -1.511 2.536
255 G -0.551 -2.705 -1.519 -2.105 -0.676 -2.658 -3.106 3.922 -2.028 2.712 0.126 -2.119 -0.072 -0.881 -3.119 -1.857 -1.466 -2.31 -2.069 1.232
256 G 0.09 -2.358 -0.44 -1.323 -1.32 -2.195 -2.622 5.809 -1.476 -3.215 -3.461 -1.651 -2.667 -2.678 -2.779 -1.002 -1.919 -2.44 -3.148 -2.864
257 V -0.172 -1.706 -1.209 -1.894 0.233 -1.751 -2.037 -2.029 -2.067 1.839 0.114 -1.48 0.23 -0.929 -2.335 -0.419 2.762 -2.284 -1.488 2.79
258 F -1.097 -2.684 -2.895 -3.238 -0.392 -3.156 -3.173 -2.915 -1.687 1.97 0.761 -2.81 0.534 4.766 -3.74 -2.633 -1.254 -0.335 1.533 2.653
259 L -1.301 -1.757 -2.818 -3.189 -0.159 -1.738 -2.79 -2.955 -1.563 1.811 3.24 -1.92 4.367 0.656 -3.418 -2.531 -1.301 -1.473 -0.942 1.048
260 V -0.749 -2.777 -3.091 -3.173 0.105 -2.882 -3.263 -3.205 -2.811 3.871 1.334 -2.53 1.06 -0.074 -3.333 -2.653 -0.746 -2.284 -1.285 3.561
261 T -0.112 -1.093 -0.139 -1.014 0.122 -1.103 -1.378 -1.329 -1.413 -0.224 -1.057 -0.791 -0.532 -1.58 -1.687 0.705 4.245 -2.185 -1.706 0.229
262 C -0.875 -3.217 -3.11 -3.297 7.774 -3.331 -3.803 -2.747 -2.828 2.954 0.621 -2.888 0.329 -0.692 -3.352 -2.288 -1.193 -2.662 -1.943 1.666
263 G 0.09 -2.358 -0.44 -1.323 -1.32 -2.195 -2.622 5.809 -1.476 -3.215 -3.461 -1.651 -2.667 -2.678 -2.779 -1.002 -1.919 -2.44 -3.148 -2.864
264 S 1.068 -0.741 0.497 -0.249 0.072 -0.57 -0.555 -0.106 -0.46 -1.911 -2.328 -0.285 -1.187 -1.943 -1.475 3.262 1.011 -2.549 -1.756 -1.292
265 G 2.597 -1.888 -0.987 -1.499 -0.15 -1.725 -1.885 4.218 -1.341 -1.783 -2.197 -1.222 -1.633 -2.233 -2.054 -0.183 -1.075 -2.44 -2.369 -0.989
266 C -0.875 -3.217 -3.11 -3.297 7.774 -3.331 -3.803 -2.747 -2.828 2.954 0.621 -2.888 0.329 -0.692 -3.352 -2.288 -1.193 -2.662 -1.943 1.666
267 S 1.068 -0.741 0.497 -0.249 0.072 -0.57 -0.555 -0.106 -0.46 -1.911 -2.328 -0.285 -1.187 -1.943 -1.475 3.262 1.011 -2.549 -1.756 -1.292
268 E -0.919 -0.122 -0.338 1.518 -2.411 1.346 4.494 -1.95 0.392 -2.764 -2.703 0.677 -1.754 -2.608 -1.882 -0.791 -1.301 -2.387 -1.908 -2.134
269 I -1.377 -3.101 -3.263 -3.181 -0.15 -3.209 -3.687 -3.479 -2.711 4.521 1.677 -2.679 1.271 0.218 -3.505 -3.076 -1.075 -2.185 -1.285 2.86
270 V -0.749 -2.777 -3.091 -3.173 0.105 -2.882 -3.263 -3.205 -2.811 3.871 1.334 -2.53 1.06 -0.074 -3.333 -2.653 -0.746 -2.284 -1.285 3.561
271 Y -1.812 -1.777 -2.126 -3.022 -1.752 -1.784 -2.363 -2.932 2.105 -0.804 -0.91 -1.873 -0.682 3.348 -3.333 -2.437 -2.089 2.309 6.655 -0.979
272 R -1.534 5.51 -0.462 -1.564 -2.259 0.518 -0.561 -2.128 0.098 -2.612 -2.028 2.018 -1.224 -2.472 -2.704 -1.406 -1.454 -2.234 -1.772 -2.162
273 I -1.377 -3.101 -3.263 -3.181 -0.15 -3.209 -3.687 -3.479 -2.711 4.521 1.677 -2.679 1.271 0.218 -3.505 -3.076 -1.075 -2.185 -1.285 2.86
274 Y -1.812 -1.777 -2.126 -3.022 -1.752 -1.784 -2.363 -2.932 2.105 -0.804 -0.91 -1.873 -0.682 3.348 -3.333 -2.437 -2.089 2.309 6.655 -0.979
275 D -1.777 -1.588 1.199 5.833 -2.372 -0.872 1.05 -1.124 -0.536 -2.725 -3.491 -0.829 -2.698 -2.92 -2.289 -0.952 -1.413 -3.531 -3.043 -2.864
276 L -1.541 -2.186 -3.362 -3.62 -0.15 -2.64 -3.306 -3.383 -2.314 2.005 4.037 -2.478 2.132 0.833 -3.604 -3.158 -1.581 -1.65 -1.056 1.106
277 F -2.334 -2.896 -2.86 -3.314 -1.374 -3.864 -3.482 -2.875 -0.828 0.277 0.565 -3.304 0.201 6.515 -4.448 -3.031 -2.371 0.852 2.931 -0.507
278 V -0.234 -2.486 -2.929 -3.164 0.34 -2.587 -2.894 -2.955 -2.915 3.03 0.945 -2.388 0.832 -0.398 -3.171 -2.284 -0.451 -2.387 -1.285 4.125
279 R -1.534 5.51 -0.462 -1.564 -2.259 0.518 -0.561 -2.128 0.098 -2.612 -2.028 2.018 -1.224 -2.472 -2.704 -1.406 -1.454 -2.234 -1.772 -2.162
280 R -1.534 5.51 -0.462 -1.564 -2.259 0.518 -0.561 -2.128 0.098 -2.612 -2.028 2.018 -1.224 -2.472 -2.704 -1.406 -1.454 -2.234 -1.772 -2.162
281 V -0.234 -2.486 -2.929 -3.164 0.34 -2.587 -2.894 -2.955 -2.915 3.03 0.945 -2.388 0.832 -0.398 -3.171 -2.284 -0.451 -2.387 -1.285 4.125
282 L -1.541 -2.186 -3.362 -3.62 -0.15 -2.64 -3.306 -3.383 -2.314 2.005 4.037 -2.478 2.132 0.833 -3.604 -3.158 -1.581 -1.65 -1.056 1.106
283 L -1.458 -2.607 -3.312 -3.392 -0.15 -2.911 -3.49 -3.43 -2.505 3.529 3.092 -2.577 1.734 0.542 -3.554 -3.117 -1.317 -1.905 -1.168 2.114
284 L -1.541 -2.186 -3.362 -3.62 -0.15 -2.64 -3.306 -3.383 -2.314 2.005 4.037 -2.478 2.132 0.833 -3.604 -3.158 -1.581 -1.65 -1.056 1.106
285 P -0.836 -2.014 -1.934 -1.564 -1.457 -1.933 -1.622 -1.852 -1.608 -2.318 -2.75 -1.064 -2.403 -3.336 6.663 -1.452 -1.348 -4.549 -2.636 -2.162
286 A 3.918 -1.484 -1.662 -1.687 0.68 -1.32 -1.298 0.374 -1.211 -0.83 -1.321 -0.849 -0.874 -1.848 -1.475 0.455 -0.422 -2.44 -1.756 0.139
287 N -1.66 -0.415 5.643 1.281 -1.846 -0.527 -0.725 -0.155 0.968 -2.712 -3.152 -0.296 -2.161 -2.374 -2.588 -0.118 -0.451 -2.966 -2.069 -2.56
288 L -1.541 -2.186 -3.362 -3.62 -0.15 -2.64 -3.306 -3.383 -2.314 2.005 4.037 -2.478 2.132 0.833 -3.604 -3.158 -1.581 -1.65 -1.056 1.106
289 K -0.826 2.094 -0.268 -0.722 -1.977 0.807 0.313 -1.342 -0.243 -2.123 -2.24 4.49 -1.224 -2.806 -1.687 -0.881 -1.082 -2.549 -1.789 -1.999
290 F -2.334 -2.896 -2.86 -3.314 -1.374 -3.864 -3.482 -2.875 -0.828 0.277 0.565 -3.304 0.201 6.515 -4.448 -3.031 -2.371 0.852 2.931 -0.507
291 V -0.749 -2.777 -3.091 -3.173 0.105 -2.882 -3.263 -3.205 -2.811 3.871 1.334 -2.53 1.06 -0.074 -3.333 -2.653 -0.746 -2.284 -1.285 3.561
292 Y -1.812 -1.777 -2.126 -3.022 -1.752 -1.784 -2.363 -2.932 2.105 -0.804 -0.91 -1.873 -0.682 3.348 -3.333 -2.437 -2.089 2.309 6.655 -0.979
293 Y -1.812 -1.777 -2.126 -3.022 -1.752 -1.784 -2.363 -2.932 2.105 -0.804 -0.91 -1.873 -0.682 3.348 -3.333 -2.437 -2.089 2.309 6.655 -0.979
294 D -1.777 -1.588 1.199 5.833 -2.372 -0.872 1.05 -1.124 -0.536 -2.725 -3.491 -0.829 -2.698 -2.92 -2.289 -0.952 -1.413 -3.531 -3.043 -2.864
295 F -2.334 -2.896 -2.86 -3.314 -1.374 -3.864 -3.482 -2.875 -0.828 0.277 0.565 -3.304 0.201 6.515 -4.448 -3.031 -2.371 0.852 2.931 -0.507
296 F -2.334 -2.896 -2.86 -3.314 -1.374 -3.864 -3.482 -2.875 -0.828 0.277 0.565 -3.304 0.201 6.515 -4.448 -3.031 -2.371 0.852 2.931 -0.507
297 S 1.068 -0.741 0.497 -0.249 0.072 -0.57 -0.555 -0.106 -0.46 -1.911 -2.328 -0.285 -1.187 -1.943 -1.475 3.262 1.011 -2.549 -1.756 -1.292
298 Q -0.883 1.007 -0.093 -0.357 -1.911 4.883 1.392 -1.479 0.769 -2.24 -1.991 1.222 -0.403 -2.959 -2.151 -0.755 -0.975 -2.185 -1.285 -1.787
299 N -1.66 -0.415 5.643 1.281 -1.846 -0.527 -0.725 -0.155 0.968 -2.712 -3.152 -0.296 -2.161 -2.374 -2.588 -0.118 -0.451 -2.966 -2.069 -2.56
300 P -0.836 -2.014 -1.934 -1.564 -1.457 -1.933 -1.622 -1.852 -1.608 -2.318 -2.75 -1.064 -2.403 -3.336 6.663 -1.452 -1.348 -4.549 -2.636 -2.162
301 K -0.826 2.094 -0.268 -0.722 -1.977 0.807 0.313 -1.342 -0.243 -2.123 -2.24 4.49 -1.224 -2.806 -1.687 -0.881 -1.082 -2.549 -1.789 -1.999
302 I -1.377 -3.101 -3.263 -3.181 -0.15 -3.209 -3.687 -3.479 -2.711 4.521 1.677 -2.679 1.271 0.218 -3.505 -3.076 -1.075 -2.185 -1.285 2.86
303 G 0.09 -2.358 -0.44 -1.323 -1.32 -2.195 -2.622 5.809 -1.476 -3.215 -3.461 -1.651 -2.667 -2.678 -2.779 -1.002 -1.919 -2.44 -3.148 -2.864
304 L -1.541 -2.186 -3.362 -3.62 -0.15 -2.64 -3.306 -3.383 -2.314 2.005 4.037 -2.478 2.132 0.833 -3.604 -3.158 -1.581 -1.65 -1.056 1.106
305 A 3.918 -1.484 -1.662 -1.687 0.68 -1.32 -1.298 0.374 -1.211 -0.83 -1.321 -0.849 -0.874 -1.848 -1.475 0.455 -0.422 -2.44 -1.756 0.139
306 G 0.09 -2.358 -0.44 -1.323 -1.32 -2.195 -2.622 5.809 -1.476 -3.215 -3.461 -1.651 -2.667 -2.678 -2.779 -1.002 -1.919 -2.44 -3.148 -2.864
307 T -0.112 -1.093 -0.139 -1.014 0.122 -1.103 -1.378 -1.329 -1.413 -0.224 -1.057 -0.791 -0.532 -1.58 -1.687 0.705 4.245 -2.185 -1.706 0.229
308 L -1.541 -2.186 -3.362 -3.62 -0.15 -2.64 -3.306 -3.383 -2.314 2.005 4.037 -2.478 2.132 0.833 -3.604 -3.158 -1.581 -1.65 -1.056 1.106
309 W -2.65 -2.383 -3.166 -3.62 -2.334 -2.824 -2.969 -2.366 -1.134 -1.854 -1.65 -2.791 -1.28 1.128 -5.408 -3.355 -2.695 10.61 2.169 -2.228
310 G 0.09 -2.358 -0.44 -1.323 -1.32 -2.195 -2.622 5.809 -1.476 -3.215 -3.461 -1.651 -2.667 -2.678 -2.779 -1.002 -1.919 -2.44 -3.148 -2.864
311 K -0.826 2.094 -0.268 -0.722 -1.977 0.807 0.313 -1.342 -0.243 -2.123 -2.24 4.49 -1.224 -2.806 -1.687 -0.881 -1.082 -2.549 -1.789 -1.999
312 F -2.334 -2.896 -2.86 -3.314 -1.374 -3.864 -3.482 -2.875 -0.828 0.277 0.565 -3.304 0.201 6.515 -4.448 -3.031 -2.371 0.852 2.931 -0.507
313 L -1.541 -2.186 -3.362 -3.62 -0.15 -2.64 -3.306 -3.383 -2.314 2.005 4.037 -2.478 2.132 0.833 -3.604 -3.158 -1.581 -1.65 -1.056 1.106
314 D -1.316 -0.763 0.531 4.416 -2.392 0.445 3.258 -1.507 -0.035 -2.745 -3.07 0.021 -2.187 -2.76 -2.078 -0.87 -1.356 -2.903 -2.42 -2.476
315 L -1.458 -2.607 -3.312 -3.392 -0.15 -2.911 -3.49 -3.43 -2.505 3.529 3.092 -2.577 1.734 0.542 -3.554 -3.117 -1.317 -1.905 -1.168 2.114
316 P -0.519 -2.24 -2.389 -2.254 -0.421 -2.242 -2.188 -2.351 -2.188 1.45 -0.347 -1.651 -0.354 -1.508 4.757 -1.838 -0.865 -3.27 -1.882 2.434
317 H 0.002 -0.543 0.478 -0.583 -0.887 -0.36 -0.528 -0.793 6.148 -2.262 -2.459 -0.515 -1.224 -1.347 -2.042 1.756 -0.176 -1.95 0.436 -2.034
318 P -0.836 -2.014 -1.934 -1.564 -1.457 -1.933 -1.622 -1.852 -1.608 -2.318 -2.75 -1.064 -2.403 -3.336 6.663 -1.452 -1.348 -4.549 -2.636 -2.162
319 Y -1.812 -1.777 -2.126 -3.022 -1.752 -1.784 -2.363 -2.932 2.105 -0.804 -0.91 -1.873 -0.682 3.348 -3.333 -2.437 -2.089 2.309 6.655 -0.979
320 E -0.919 -0.122 -0.338 1.518 -2.411 1.346 4.494 -1.95 0.392 -2.764 -2.703 0.677 -1.754 -2.608 -1.882 -0.791 -1.301 -2.387 -1.908 -2.134
321 E -0.919 -0.122 -0.338 1.518 -2.411 1.346 4.494 -1.95 0.392 -2.764 -2.703 0.677 -1.754 -2.608 -1.882 -0.791 -1.301 -2.387 -1.908 -2.134
322 R -1.159 4.281 -0.363 -1.112 -2.115 0.666 -0.091 -1.708 -0.067 -2.357 -2.132 3.511 -1.224 -2.634 -2.151 -1.132 -1.262 -2.387 -1.78 -2.079
323 I -1.377 -3.101 -3.263 -3.181 -0.15 -3.209 -3.687 -3.479 -2.711 4.521 1.677 -2.679 1.271 0.218 -3.505 -3.076 -1.075 -2.185 -1.285 2.86
324 G 0.09 -2.358 -0.44 -1.323 -1.32 -2.195 -2.622 5.809 -1.476 -3.215 -3.461 -1.651 -2.667 -2.678 -2.779 -1.002 -1.919 -2.44 -3.148 -2.864
325 V -0.749 -2.777 -3.091 -3.173 0.105 -2.882 -3.263 -3.205 -2.811 3.871 1.334 -2.53 1.06 -0.074 -3.333 -2.653 -0.746 -2.284 -1.285 3.561
326 I -1.377 -3.101 -3.263 -3.181 -0.15 -3.209 -3.687 -3.479 -2.711 4.521 1.677 -2.679 1.271 0.218 -3.505 -3.076 -1.075 -2.185 -1.285 2.86
327 I -1.377 -3.101 -3.263 -3.181 -0.15 -3.209 -3.687 -3.479 -2.711 4.521 1.677 -2.679 1.271 0.218 -3.505 -3.076 -1.075 -2.185 -1.285 2.86
328 S 1.068 -0.741 0.497 -0.249 0.072 -0.57 -0.555 -0.106 -0.46 -1.911 -2.328 -0.285 -1.187 -1.943 -1.475 3.262 1.011 -2.549 -1.756 -1.292
329 K -0.447 0.92 -0.203 -0.865 -0.741 0.007 -0.41 -1.336 -0.769 -1.02 -1.588 2.919 -0.857 -2.129 -1.687 0.019 2.668 -2.361 -1.747 -0.675
330 V -0.234 -2.486 -2.929 -3.164 0.34 -2.587 -2.894 -2.955 -2.915 3.03 0.945 -2.388 0.832 -0.398 -3.171 -2.284 -0.451 -2.387 -1.285 4.125
331 Y -1.812 -1.777 -2.126 -3.022 -1.752 -1.784 -2.363 -2.932 2.105 -0.804 -0.91 -1.873 -0.682 3.348 -3.333 -2.437 -2.089 2.309 6.655 -0.979
332 F -2.334 -2.896 -2.86 -3.314 -1.374 -3.864 -3.482 -2.875 -0.828 0.277 0.565 -3.304 0.201 6.515 -4.448 -3.031 -2.371 0.852 2.931 -0.507
333 D -1.718 -0.942 4.203 4.375 -2.097 -0.694 0.297 -0.599 0.313 -2.719 -3.316 -0.55 -2.417 -2.634 -2.435 -0.505 -0.892 -3.235 -2.515 -2.708
334 K -0.826 2.094 -0.268 -0.722 -1.977 0.807 0.313 -1.342 -0.243 -2.123 -2.24 4.49 -1.224 -2.806 -1.687 -0.881 -1.082 -2.549 -1.789 -1.999
335 P -0.836 -2.014 -1.934 -1.564 -1.457 -1.933 -1.622 -1.852 -1.608 -2.318 -2.75 -1.064 -2.403 -3.336 6.663 -1.452 -1.348 -4.549 -2.636 -2.162
336 E -0.919 -0.122 -0.338 1.518 -2.411 1.346 4.494 -1.95 0.392 -2.764 -2.703 0.677 -1.754 -2.608 -1.882 -0.791 -1.301 -2.387 -1.908 -2.134
337 L -1.08 -1.383 -2.36 -2.814 -0.168 -1.051 -2.353 -2.583 -0.968 1.603 2.135 -1.452 5.611 0.468 -3.242 -2.016 -1.046 -1.306 -0.832 0.99
338 N -1.66 -0.415 5.643 1.281 -1.846 -0.527 -0.725 -0.155 0.968 -2.712 -3.152 -0.296 -2.161 -2.374 -2.588 -0.118 -0.451 -2.966 -2.069 -2.56
339 S 1.068 -0.741 0.497 -0.249 0.072 -0.57 -0.555 -0.106 -0.46 -1.911 -2.328 -0.285 -1.187 -1.943 -1.475 3.262 1.011 -2.549 -1.756 -1.292
340 N -1.66 -0.415 5.643 1.281 -1.846 -0.527 -0.725 -0.155 0.968 -2.712 -3.152 -0.296 -2.161 -2.374 -2.588 -0.118 -0.451 -2.966 -2.069 -2.56
341 T -0.112 -1.093 -0.139 -1.014 0.122 -1.103 -1.378 -1.329 -1.413 -0.224 -1.057 -0.791 -0.532 -1.58 -1.687 0.705 4.245 -2.185 -1.706 0.229
342 G 0.09 -2.358 -0.44 -1.323 -1.32 -2.195 -2.622 5.809 -1.476 -3.215 -3.461 -1.651 -2.667 -2.678 -2.779 -1.002 -1.919 -2.44 -3.148 -2.864
343 F -2.334 -2.896 -2.86 -3.314 -1.374 -3.864 -3.482 -2.875 -0.828 0.277 0.565 -3.304 0.201 6.515 -4.448 -3.031 -2.371 0.852 2.931 -0.507
344 L -1.541 -2.186 -3.362 -3.62 -0.15 -2.64 -3.306 -3.383 -2.314 2.005 4.037 -2.478 2.132 0.833 -3.604 -3.158 -1.581 -1.65 -1.056 1.106
345 A 3.918 -1.484 -1.662 -1.687 0.68 -1.32 -1.298 0.374 -1.211 -0.83 -1.321 -0.849 -0.874 -1.848 -1.475 0.455 -0.422 -2.44 -1.756 0.139
346 E -0.919 -0.122 -0.338 1.518 -2.411 1.346 4.494 -1.95 0.392 -2.764 -2.703 0.677 -1.754 -2.608 -1.882 -0.791 -1.301 -2.387 -1.908 -2.134
347 G 0.09 -2.358 -0.44 -1.323 -1.32 -2.195 -2.622 5.809 -1.476 -3.215 -3.461 -1.651 -2.667 -2.678 -2.779 -1.002 -1.919 -2.44 -3.148 -2.864
348 Y -1.812 -1.777 -2.126 -3.022 -1.752 -1.784 -2.363 -2.932 2.105 -0.804 -0.91 -1.873 -0.682 3.348 -3.333 -2.437 -2.089 2.309 6.655 -0.979
349 Y -1.812 -1.777 -2.126 -3.022 -1.752 -1.784 -2.363 -2.932 2.105 -0.804 -0.91 -1.873 -0.682 3.348 -3.333 -2.437 -2.089 2.309 6.655 -0.979
350 R -1.534 5.51 -0.462 -1.564 -2.259 0.518 -0.561 -2.128 0.098 -2.612 -2.028 2.018 -1.224 -2.472 -2.704 -1.406 -1.454 -2.234 -1.772 -2.162
351 F -2.334 -2.896 -2.86 -3.314 -1.374 -3.864 -3.482 -2.875 -0.828 0.277 0.565 -3.304 0.201 6.515 -4.448 -3.031 -2.371 0.852 2.931 -0.507
352 G 0.09 -2.358 -0.44 -1.323 -1.32 -2.195 -2.622 5.809 -1.476 -3.215 -3.461 -1.651 -2.667 -2.678 -2.779 -1.002 -1.919 -2.44 -3.148 -2.864
353 I -1.377 -3.101 -3.263 -3.181 -0.15 -3.209 -3.687 -3.479 -2.711 4.521 1.677 -2.679 1.271 0.218 -3.505 -3.076 -1.075 -2.185 -1.285 2.86
354 L -1.458 -2.607 -3.312 -3.392 -0.15 -2.911 -3.49 -3.43 -2.505 3.529 3.092 -2.577 1.734 0.542 -3.554 -3.117 -1.317 -1.905 -1.168 2.114
355 G 0.09 -2.358 -0.44 -1.323 -1.32 -2.195 -2.622 5.809 -1.476 -3.215 -3.461 -1.651 -2.667 -2.678 -2.779 -1.002 -1.919 -2.44 -3.148 -2.864
356 I -1.377 -3.101 -3.263 -3.181 -0.15 -3.209 -3.687 -3.479 -2.711 4.521 1.677 -2.679 1.271 0.218 -3.505 -3.076 -1.075 -2.185 -1.285 2.86
357 F -2.334 -2.896 -2.86 -3.314 -1.374 -3.864 -3.482 -2.875 -0.828 0.277 0.565 -3.304 0.201 6.515 -4.448 -3.031 -2.371 0.852 2.931 -0.507
358 L -1.458 -2.607 -3.312 -3.392 -0.15 -2.911 -3.49 -3.43 -2.505 3.529 3.092 -2.577 1.734 0.542 -3.554 -3.117 -1.317 -1.905 -1.168 2.114
359 A 2.532 -1.942 -2.227 -2.332 0.515 -1.885 -1.987 -0.835 -1.939 1.702 0.029 -1.517 0.103 -1.033 -2.2 -0.601 -0.437 -2.414 -1.511 2.772
360 L -1.541 -2.186 -3.362 -3.62 -0.15 -2.64 -3.306 -3.383 -2.314 2.005 4.037 -2.478 2.132 0.833 -3.604 -3.158 -1.581 -1.65 -1.056 1.106
361 I -1.377 -3.101 -3.263 -3.181 -0.15 -3.209 -3.687 -3.479 -2.711 4.521 1.677 -2.679 1.271 0.218 -3.505 -3.076 -1.075 -2.185 -1.285 2.86
362 L -1.541 -2.186 -3.362 -3.62 -0.15 -2.64 -3.306 -3.383 -2.314 2.005 4.037 -2.478 2.132 0.833 -3.604 -3.158 -1.581 -1.65 -1.056 1.106
363 F -2.334 -2.896 -2.86 -3.314 -1.374 -3.864 -3.482 -2.875 -0.828 0.277 0.565 -3.304 0.201 6.515 -4.448 -3.031 -2.371 0.852 2.931 -0.507
364 A 3.918 -1.484 -1.662 -1.687 0.68 -1.32 -1.298 0.374 -1.211 -0.83 -1.321 -0.849 -0.874 -1.848 -1.475 0.455 -0.422 -2.44 -1.756 0.139
365 F -2.334 -2.896 -2.86 -3.314 -1.374 -3.864 -3.482 -2.875 -0.828 0.277 0.565 -3.304 0.201 6.515 -4.448 -3.031 -2.371 0.852 2.931 -0.507
366 V -0.749 -2.777 -3.091 -3.173 0.105 -2.882 -3.263 -3.205 -2.811 3.871 1.334 -2.53 1.06 -0.074 -3.333 -2.653 -0.746 -2.284 -1.285 3.561
367 L -1.541 -2.186 -3.362 -3.62 -0.15 -2.64 -3.306 -3.383 -2.314 2.005 4.037 -2.478 2.132 0.833 -3.604 -3.158 -1.581 -1.65 -1.056 1.106
368 L -1.458 -2.607 -3.312 -3.392 -0.15 -2.911 -3.49 -3.43 -2.505 3.529 3.092 -2.577 1.734 0.542 -3.554 -3.117 -1.317 -1.905 -1.168 2.114
369 C -0.338 -2.881 -2.947 -3.289 7.791 -2.99 -3.363 -2.532 -2.933 1.723 0.113 -2.728 0.032 -1.099 -3.189 -1.961 -0.852 -2.78 -1.943 2.67
370 L -1.541 -2.186 -3.362 -3.62 -0.15 -2.64 -3.306 -3.383 -2.314 2.005 4.037 -2.478 2.132 0.833 -3.604 -3.158 -1.581 -1.65 -1.056 1.106
371 D -1.777 -1.588 1.199 5.833 -2.372 -0.872 1.05 -1.124 -0.536 -2.725 -3.491 -0.829 -2.698 -2.92 -2.289 -0.952 -1.413 -3.531 -3.043 -2.864
372 H -1.759 -0.981 -0.553 -1.811 -2.028 -0.862 -1.284 -2.249 6.35 -1.586 -1.631 -1.267 -0.957 1.953 -3.026 -1.977 -2.157 1.002 5.126 -1.828
373 C -1.239 -3.109 -2.912 -3.366 7.741 -3.654 -3.695 -2.497 -1.698 -0.184 -0.135 -3.207 -0.368 4.66 -3.761 -2.271 -1.796 -0.521 1.302 -0.458
374 A 3.918 -1.484 -1.662 -1.687 0.68 -1.32 -1.298 0.374 -1.211 -0.83 -1.321 -0.849 -0.874 -1.848 -1.475 0.455 -0.422 -2.44 -1.756 0.139
375 N -1.213 1.104 3.993 0.45 -1.911 0.216 -0.16 -0.688 0.426 -2.403 -2.66 2.993 -1.655 -2.582 -2.102 -0.474 -0.749 -2.75 -1.925 -2.266
376 L 0.049 -1.374 -0.83 -1.468 -0.037 -1.423 -1.614 -1.302 -1.24 0.666 2.339 -1.178 0.926 -0.233 -2.348 1.558 -0.003 -2.065 -1.385 0.149
377 N -1.66 -0.415 5.643 1.281 -1.846 -0.527 -0.725 -0.155 0.968 -2.712 -3.152 -0.296 -2.161 -2.374 -2.588 -0.118 -0.451 -2.966 -2.069 -2.56
378 G 0.09 -2.358 -0.44 -1.323 -1.32 -2.195 -2.622 5.809 -1.476 -3.215 -3.461 -1.651 -2.667 -2.678 -2.779 -1.002 -1.919 -2.44 -3.148 -2.864
379 Y -1.812 -1.777 -2.126 -3.022 -1.752 -1.784 -2.363 -2.932 2.105 -0.804 -0.91 -1.873 -0.682 3.348 -3.333 -2.437 -2.089 2.309 6.655 -0.979
380 A 2.831 -1.089 -0.385 -0.879 0.392 -0.921 -0.903 0.144 -0.811 -1.32 -1.781 -0.553 -1.026 -1.895 -1.475 2.187 0.383 -2.494 -1.756 -0.489
381 F -2.334 -2.896 -2.86 -3.314 -1.374 -3.864 -3.482 -2.875 -0.828 0.277 0.565 -3.304 0.201 6.515 -4.448 -3.031 -2.371 0.852 2.931 -0.507
382 A 2.556 -1.282 -0.801 -1.331 0.414 -1.209 -1.338 -0.354 -1.31 -0.511 -1.186 -0.82 -0.698 -1.711 -1.579 0.582 2.767 -2.31 -1.731 0.184
383 V -0.234 -2.486 -2.929 -3.164 0.34 -2.587 -2.894 -2.955 -2.915 3.03 0.945 -2.388 0.832 -0.398 -3.171 -2.284 -0.451 -2.387 -1.285 4.125
384 T 0.538 -0.911 0.197 -0.606 0.097 -0.824 -0.937 -0.653 -0.897 -0.946 -1.623 -0.527 -0.841 -1.756 -1.579 2.258 3.059 -2.361 -1.731 -0.432
385 L -1.08 -1.383 -2.36 -2.814 -0.168 -1.051 -2.353 -2.583 -0.968 1.603 2.135 -1.452 5.611 0.468 -3.242 -2.016 -1.046 -1.306 -0.832 0.99
386 G 0.62 -1.438 0.066 -0.736 -0.541 -1.27 -1.407 4.159 -0.924 -2.49 -2.839 -0.888 -1.833 -2.287 -2.054 1.855 -0.097 -2.494 -2.369 -1.973
387 F -2.334 -2.896 -2.86 -3.314 -1.374 -3.864 -3.482 -2.875 -0.828 0.277 0.565 -3.304 0.201 6.515 -4.448 -3.031 -2.371 0.852 2.931 -0.507
388 F -2.334 -2.896 -2.86 -3.314 -1.374 -3.864 -3.482 -2.875 -0.828 0.277 0.565 -3.304 0.201 6.515 -4.448 -3.031 -2.371 0.852 2.931 -0.507
389 S 1.068 -0.741 0.497 -0.249 0.072 -0.57 -0.555 -0.106 -0.46 -1.911 -2.328 -0.285 -1.187 -1.943 -1.475 3.262 1.011 -2.549 -1.756 -1.292
390 I -1.377 -3.101 -3.263 -3.181 -0.15 -3.209 -3.687 -3.479 -2.711 4.521 1.677 -2.679 1.271 0.218 -3.505 -3.076 -1.075 -2.185 -1.285 2.86
391 F -2.334 -2.896 -2.86 -3.314 -1.374 -3.864 -3.482 -2.875 -0.828 0.277 0.565 -3.304 0.201 6.515 -4.448 -3.031 -2.371 0.852 2.931 -0.507
392 L -1.541 -2.186 -3.362 -3.62 -0.15 -2.64 -3.306 -3.383 -2.314 2.005 4.037 -2.478 2.132 0.833 -3.604 -3.158 -1.581 -1.65 -1.056 1.106
393 L -1.541 -2.186 -3.362 -3.62 -0.15 -2.64 -3.306 -3.383 -2.314 2.005 4.037 -2.478 2.132 0.833 -3.604 -3.158 -1.581 -1.65 -1.056 1.106
394 N -1.66 -0.415 5.643 1.281 -1.846 -0.527 -0.725 -0.155 0.968 -2.712 -3.152 -0.296 -2.161 -2.374 -2.588 -0.118 -0.451 -2.966 -2.069 -2.56
395 D -1.777 -1.588 1.199 5.833 -2.372 -0.872 1.05 -1.124 -0.536 -2.725 -3.491 -0.829 -2.698 -2.92 -2.289 -0.952 -1.413 -3.531 -3.043 -2.864
396 G 0.09 -2.358 -0.44 -1.323 -1.32 -2.195 -2.622 5.809 -1.476 -3.215 -3.461 -1.651 -2.667 -2.678 -2.779 -1.002 -1.919 -2.44 -3.148 -2.864
397 G 0.62 -1.438 0.066 -0.736 -0.541 -1.27 -1.407 4.159 -0.924 -2.49 -2.839 -0.888 -1.833 -2.287 -2.054 1.855 -0.097 -2.494 -2.369 -1.973
398 L -1.541 -2.186 -3.362 -3.62 -0.15 -2.64 -3.306 -3.383 -2.314 2.005 4.037 -2.478 2.132 0.833 -3.604 -3.158 -1.581 -1.65 -1.056 1.106
399 I -1.377 -3.101 -3.263 -3.181 -0.15 -3.209 -3.687 -3.479 -2.711 4.521 1.677 -2.679 1.271 0.218 -3.505 -3.076 -1.075 -2.185 -1.285 2.86
400 D -1.777 -1.588 1.199 5.833 -2.372 -0.872 1.05 -1.124 -0.536 -2.725 -3.491 -0.829 -2.698 -2.92 -2.289 -0.952 -1.413 -3.531 -3.043 -2.864
401 P -0.836 -2.014 -1.934 -1.564 -1.457 -1.933 -1.622 -1.852 -1.608 -2.318 -2.75 -1.064 -2.403 -3.336 6.663 -1.452 -1.348 -4.549 -2.636 -2.162
402 L -1.541 -2.186 -3.362 -3.62 -0.15 -2.64 -3.306 -3.383 -2.314 2.005 4.037 -2.478 2.132 0.833 -3.604 -3.158 -1.581 -1.65 -1.056 1.106
403 I -1.377 -3.101 -3.263 -3.181 -0.15 -3.209 -3.687 -3.479 -2.711 4.521 1.677 -2.679 1.271 0.218 -3.505 -3.076 -1.075 -2.185 -1.285 2.86
404 F -2.334 -2.896 -2.86 -3.314 -1.374 -3.864 -3.482 -2.875 -0.828 0.277 0.565 -3.304 0.201 6.515 -4.448 -3.031 -2.371 0.852 2.931 -0.507
405 G 0.09 -2.358 -0.44 -1.323 -1.32 -2.195 -2.622 5.809 -1.476 -3.215 -3.461 -1.651 -2.667 -2.678 -2.779 -1.002 -1.919 -2.44 -3.148 -2.864
406 H -0.801 -0.702 0.176 -0.988 -0.853 -0.596 -0.906 -1.507 6.106 -1.193 -1.725 -0.778 -0.874 -1.194 -2.169 -0.217 2.536 -1.796 0.447 -0.964
407 L -1.91 -2.52 -3.1 -3.463 -0.698 -3.188 -3.393 -3.117 -1.476 1.268 2.795 -2.862 1.326 4.892 -3.996 -3.094 -1.949 -0.136 1.577 0.411
408 T -0.112 -1.093 -0.139 -1.014 0.122 -1.103 -1.378 -1.329 -1.413 -0.224 -1.057 -0.791 -0.532 -1.58 -1.687 0.705 4.245 -2.185 -1.706 0.229
409 V -0.234 -2.486 -2.929 -3.164 0.34 -2.587 -2.894 -2.955 -2.915 3.03 0.945 -2.388 0.832 -0.398 -3.171 -2.284 -0.451 -2.387 -1.285 4.125
410 L -1.541 -2.186 -3.362 -3.62 -0.15 -2.64 -3.306 -3.383 -2.314 2.005 4.037 -2.478 2.132 0.833 -3.604 -3.158 -1.581 -1.65 -1.056 1.106
411 V -0.234 -2.486 -2.929 -3.164 0.34 -2.587 -2.894 -2.955 -2.915 3.03 0.945 -2.388 0.832 -0.398 -3.171 -2.284 -0.451 -2.387 -1.285 4.125
412 L -1.458 -2.607 -3.312 -3.392 -0.15 -2.911 -3.49 -3.43 -2.505 3.529 3.092 -2.577 1.734 0.542 -3.554 -3.117 -1.317 -1.905 -1.168 2.114
413 L -1.541 -2.186 -3.362 -3.62 -0.15 -2.64 -3.306 -3.383 -2.314 2.005 4.037 -2.478 2.132 0.833 -3.604 -3.158 -1.581 -1.65 -1.056 1.106
414 C -0.447 -3.339 -2.965 -3.419 9.68 -3.458 -3.925 -2.163 -2.95 -0.732 -1.061 -3.113 -1.079 -2.027 -3.207 -1.67 -1.317 -3.235 -2.796 -0.409
415 V -0.749 -2.777 -3.091 -3.173 0.105 -2.882 -3.263 -3.205 -2.811 3.871 1.334 -2.53 1.06 -0.074 -3.333 -2.653 -0.746 -2.284 -1.285 3.561
416 F -2.334 -2.896 -2.86 -3.314 -1.374 -3.864 -3.482 -2.875 -0.828 0.277 0.565 -3.304 0.201 6.515 -4.448 -3.031 -2.371 0.852 2.931 -0.507
417 Y -1.812 -1.777 -2.126 -3.022 -1.752 -1.784 -2.363 -2.932 2.105 -0.804 -0.91 -1.873 -0.682 3.348 -3.333 -2.437 -2.089 2.309 6.655 -0.979
418 N -1.66 -0.415 5.643 1.281 -1.846 -0.527 -0.725 -0.155 0.968 -2.712 -3.152 -0.296 -2.161 -2.374 -2.588 -0.118 -0.451 -2.966 -2.069 -2.56
419 Y -1.31 -0.061 -0.934 -1.392 -1.83 3.156 0.087 -2.115 1.514 -1.433 -1.4 0.071 -0.539 1.656 -2.682 -1.475 -1.479 0.86 4.833 -1.355
420 K -0.826 2.094 -0.268 -0.722 -1.977 0.807 0.313 -1.342 -0.243 -2.123 -2.24 4.49 -1.224 -2.806 -1.687 -0.881 -1.082 -2.549 -1.789 -1.999
421 D -1.718 -0.942 4.203 4.375 -2.097 -0.694 0.297 -0.599 0.313 -2.719 -3.316 -0.55 -2.417 -2.634 -2.435 -0.505 -0.892 -3.235 -2.515 -2.708
422 D -1.777 -1.588 1.199 5.833 -2.372 -0.872 1.05 -1.124 -0.536 -2.725 -3.491 -0.829 -2.698 -2.92 -2.289 -0.952 -1.413 -3.531 -3.043 -2.864
423 F -2.334 -2.896 -2.86 -3.314 -1.374 -3.864 -3.482 -2.875 -0.828 0.277 0.565 -3.304 0.201 6.515 -4.448 -3.031 -2.371 0.852 2.931 -0.507
424 G -0.332 0.653 -0.353 -1.007 -1.63 -0.32 -0.796 4.042 -0.794 -2.618 -2.786 2.815 -1.856 -2.741 -2.182 -0.941 -1.47 -2.494 -2.389 -2.399
425 V -0.749 -2.777 -3.091 -3.173 0.105 -2.882 -3.263 -3.205 -2.811 3.871 1.334 -2.53 1.06 -0.074 -3.333 -2.653 -0.746 -2.284 -1.285 3.561
426 R -1.19 4.06 -0.272 -0.898 -2.08 3.457 0.578 -1.785 0.453 -2.42 -2.009 1.648 -0.784 -2.705 -2.414 -1.062 -1.204 -2.209 -1.518 -1.968
427 N -1.66 -0.415 5.643 1.281 -1.846 -0.527 -0.725 -0.155 0.968 -2.712 -3.152 -0.296 -2.161 -2.374 -2.588 -0.118 -0.451 -2.966 -2.069 -2.56
428 R -1.159 4.281 -0.363 -1.112 -2.115 0.666 -0.091 -1.708 -0.067 -2.357 -2.132 3.511 -1.224 -2.634 -2.151 -1.132 -1.262 -2.387 -1.78 -2.079
429 R -1.454 3.653 -1.535 -2.26 -1.016 -0.782 -1.72 -2.725 -0.977 2.755 0.382 0.536 0.285 -0.824 -3.077 -2.122 -1.258 -2.209 -1.518 1.327
430 I -1.362 -3.086 -3.248 -3.166 -0.136 -3.195 -3.672 -3.465 -2.697 4.483 1.691 -2.664 1.286 0.232 -3.49 -3.062 -1.06 -2.17 -1.271 2.875
431 K -0.812 2.108 -0.254 -0.708 -1.963 0.821 0.328 -1.328 -0.229 -2.109 -2.226 4.453 -1.209 -2.791 -1.673 -0.867 -1.068 -2.535 -1.774 -1.984
432 V -0.219 -2.472 -2.915 -3.15 0.354 -2.573 -2.879 -2.941 -2.9 3.044 0.96 -2.374 0.846 -0.384 -3.157 -2.27 -0.437 -2.373 -1.271 4.086
433 R -1.52 5.483 -0.448 -1.549 -2.245 0.532 -0.546 -2.114 0.113 -2.597 -2.013 2.033 -1.209 -2.458 -2.69 -1.392 -1.439 -2.22 -1.758 -2.147
434 R -1.52 5.483 -0.448 -1.549 -2.245 0.532 -0.546 -2.114 0.113 -2.597 -2.013 2.033 -1.209 -2.458 -2.69 -1.392 -1.439 -2.22 -1.758 -2.147
435 K -0.812 2.108 -0.254 -0.708 -1.963 0.821 0.328 -1.328 -0.229 -2.109 -2.226 4.453 -1.209 -2.791 -1.673 -0.867 -1.068 -2.535 -1.774 -1.984
436 H -1.693 -0.343 0.474 -0.947 -2.32 -0.151 -0.486 -1.683 7.972 -2.647 -2.581 -0.751 -1.247 -0.838 -2.735 -1.565 -2.212 -1.44 1.681 -3.021
437 E -0.905 -0.107 -0.324 1.532 -2.397 1.361 4.46 -1.935 0.407 -2.75 -2.688 0.691 -1.739 -2.593 -1.867 -0.777 -1.286 -2.373 -1.893 -2.12
438 R -1.52 5.483 -0.448 -1.549 -2.245 0.532 -0.546 -2.114 0.113 -2.597 -2.013 2.033 -1.209 -2.458 -2.69 -1.392 -1.439 -2.22 -1.758 -2.147
439 T -0.098 -1.078 -0.124 -1.0 0.136 -1.089 -1.363 -1.314 -1.399 -0.21 -1.043 -0.776 -0.517 -1.566 -1.673 0.719 4.201 -2.17 -1.692 0.244
440 I -1.362 -3.086 -3.248 -3.166 -0.136 -3.195 -3.672 -3.465 -2.697 4.483 1.691 -2.664 1.286 0.232 -3.49 -3.062 -1.06 -2.17 -1.271 2.875
441 I -1.362 -3.086 -3.248 -3.166 -0.136 -3.195 -3.672 -3.465 -2.697 4.483 1.691 -2.664 1.286 0.232 -3.49 -3.062 -1.06 -2.17 -1.271 2.875
442 E -0.905 -0.107 -0.324 1.532 -2.397 1.361 4.46 -1.935 0.407 -2.75 -2.688 0.691 -1.739 -2.593 -1.867 -0.777 -1.286 -2.373 -1.893 -2.12
443 Q -0.868 1.022 -0.078 -0.342 -1.897 4.831 1.406 -1.465 0.784 -2.226 -1.976 1.236 -0.389 -2.944 -2.137 -0.74 -0.961 -2.17 -1.271 -1.773
444 N -1.645 -0.4 5.612 1.296 -1.832 -0.512 -0.711 -0.14 0.983 -2.698 -3.137 -0.281 -2.147 -2.36 -2.573 -0.104 -0.437 -2.952 -2.054 -2.546