#Seq2Logo.py -f /work3/idamei/ssn-clusterings/clustering/2205110921/clusters/0007_184/sequences.afa -o /work3/idamei/ssn-clusterings/clustering/2205110921/clusters/0007_184/sequences.logo
Last position-specific scoring matrix computed, values are in halfbits
A R N D C Q E G H I L K M F P S T W Y V
0 L -1.094 -1.397 -2.374 -2.828 -0.182 -1.065 -2.367 -2.597 -0.982 1.589 2.121 -1.467 5.683 0.453 -3.256 -2.031 -1.06 -1.32 -0.846 0.975
1 N -1.369 0.666 4.681 0.74 -1.904 -0.025 -0.35 -0.513 0.604 -2.517 -2.829 2.274 -1.828 -2.525 -2.269 -0.365 -0.661 -2.835 -1.987 -2.375
2 L -1.641 2.764 -1.752 -2.616 -1.255 -0.994 -1.86 -2.781 0.477 0.14 1.644 -0.054 0.461 1.431 -3.203 -2.258 -1.709 0.218 3.845 -0.37
3 L -0.813 -2.002 -2.114 -2.507 -0.129 -2.039 -2.586 -2.438 -1.787 2.82 2.498 -1.875 2.66 0.222 -3.055 -0.528 -0.75 -1.905 -1.212 1.565
4 K -0.998 0.156 1.628 -0.855 -0.859 -0.647 -1.054 -1.625 -0.761 1.993 -0.252 2.01 -0.152 -1.235 -2.347 -0.91 0.833 -2.437 -1.654 0.774
5 E -0.919 -0.122 -0.338 1.518 -2.411 1.346 4.494 -1.95 0.392 -2.764 -2.703 0.677 -1.754 -2.608 -1.882 -0.791 -1.301 -2.387 -1.908 -2.134
6 E 0.245 -0.23 0.137 0.535 -0.87 1.509 2.52 -0.839 0.055 -2.246 -2.417 0.322 -1.268 -2.293 -1.701 1.897 0.107 -2.44 -1.747 -1.643
7 W -2.396 -2.442 -3.158 -3.581 -1.694 -2.955 -3.118 -2.609 -1.258 -0.423 0.66 -2.829 -0.146 2.979 -4.871 -3.279 -2.438 9.489 1.971 -1.075
8 P -1.334 2.891 3.005 -0.295 -1.85 -0.493 -0.947 -1.254 -0.008 -2.557 -2.62 0.517 -1.897 -2.71 3.726 -0.937 -1.063 -3.112 -2.151 -2.303
9 F -2.334 -2.896 -2.86 -3.314 -1.374 -3.864 -3.482 -2.875 -0.828 0.277 0.565 -3.304 0.201 6.515 -4.448 -3.031 -2.371 0.852 2.931 -0.507
10 F -2.059 -2.654 -3.032 -3.427 -0.92 -3.41 -3.436 -3.048 -1.258 0.96 2.233 -3.016 0.983 5.559 -4.153 -3.087 -2.097 0.218 2.088 0.121
11 L -0.904 -2.257 -2.049 -2.652 -0.504 -2.499 -3.074 2.88 -2.021 1.048 2.995 -2.189 1.209 0.047 -3.317 -2.264 -1.703 -1.905 -1.615 0.265
12 R -1.367 3.049 3.13 0.693 -2.176 0.531 2.184 -1.28 0.495 -2.71 -2.604 0.943 -1.701 -2.497 -2.382 -0.738 -1.048 -2.527 -1.928 -2.293
13 N -1.383 0.679 3.238 0.038 -2.06 0.08 -0.283 -1.001 5.239 -2.501 -2.653 2.214 -1.532 -1.898 -2.316 -0.812 -1.177 -2.265 -0.205 -2.515
14 P -1.014 2.313 0.721 -0.863 -1.839 -0.042 -0.461 -1.508 -0.44 -2.325 -2.445 2.799 -1.656 -2.884 3.777 -1.081 -1.182 -3.062 -2.08 -2.138
15 V -0.672 -1.372 3.122 -0.504 -0.334 -1.466 -1.711 -1.408 -0.705 1.516 -0.284 -1.234 -0.153 -1.145 -2.723 -0.845 0.741 -2.563 -1.609 2.5
16 N -1.261 0.591 3.248 2.433 -2.077 0.28 1.474 -0.95 0.266 -2.527 -2.805 2.319 -1.836 -2.654 -2.109 -0.615 -0.952 -2.814 -2.095 -2.349
17 V -0.361 -1.667 -1.315 -2.023 -0.314 -1.656 -1.957 -1.979 0.145 1.048 -0.332 -1.5 -0.141 1.223 -2.595 0.084 1.004 0.084 3.833 1.901
18 Y -1.827 -1.792 -2.14 -3.036 -1.766 -1.798 -2.378 -2.946 2.09 -0.818 -0.924 -1.887 -0.696 3.334 -3.347 -2.451 -2.104 2.294 6.685 -0.994
19 R -1.098 3.367 -0.225 -0.72 -2.037 4.058 0.861 -1.694 0.548 -2.373 -2.017 1.498 -0.666 -2.801 -2.338 -0.97 -1.14 -2.215 -1.453 -1.921
20 C -0.96 -2.572 -2.709 -3.214 6.678 -2.637 -3.127 -2.747 -0.202 1.682 -0.005 -2.475 -0.091 1.257 -3.305 -2.236 -1.347 -0.01 3.79 1.491
21 F -1.718 -2.87 -2.949 -3.281 -0.807 -3.512 -3.422 -2.995 -1.365 2.019 0.83 -3.037 0.502 5.509 -4.041 -2.914 -1.737 0.117 2.063 1.546
22 Y -1.827 -1.792 -2.14 -3.036 -1.766 -1.798 -2.378 -2.946 2.09 -0.818 -0.924 -1.887 -0.696 3.334 -3.347 -2.451 -2.104 2.294 6.685 -0.994
23 T -0.127 -1.107 -0.153 -1.029 0.107 -1.117 -1.392 -1.343 -1.427 -0.238 -1.071 -0.805 -0.546 -1.595 -1.701 0.691 4.287 -2.199 -1.721 0.215
24 L -1.004 -2.581 -3.193 -3.329 0.008 -2.813 -3.291 -3.277 -2.65 3.383 2.544 -2.527 1.449 0.247 -3.435 -2.826 -1.013 -2.071 -1.221 2.962
25 A 3.952 -1.498 -1.676 -1.702 0.665 -1.334 -1.313 0.359 -1.225 -0.845 -1.336 -0.863 -0.888 -1.863 -1.49 0.44 -0.436 -2.454 -1.77 0.124
26 L -1.252 -2.523 -3.057 -3.374 -0.323 -2.988 -3.231 -3.077 -1.895 1.967 2.308 -2.709 1.156 3.959 -3.708 -2.812 -1.373 -0.725 0.884 2.243
27 I -1.289 -2.423 -2.944 -3.068 -0.171 -2.313 -3.185 -3.163 -2.021 3.863 1.823 -2.224 3.547 0.289 -3.429 -2.692 -1.079 -1.875 -1.14 2.346
28 F 1.202 -2.196 -2.227 -2.552 -0.057 -2.394 -2.429 -1.586 -1.552 1.313 0.218 -2.006 0.143 3.759 -2.816 -1.184 0.036 -0.883 0.778 2.057
29 A 2.137 -1.498 -1.026 -1.474 0.36 -1.391 -1.441 -0.585 -1.372 0.903 -0.579 -1.06 -0.281 -1.32 -1.952 1.336 0.116 -2.472 -1.604 1.957
30 I -0.958 -2.895 -3.162 -3.19 0.008 -3.001 -3.412 -3.308 -2.792 4.13 1.439 -2.593 1.118 0.012 -3.404 -2.802 -0.866 -2.265 -1.299 3.355
31 Y -1.827 -1.792 -2.14 -3.036 -1.766 -1.798 -2.378 -2.946 2.09 -0.818 -0.924 -1.887 -0.696 3.334 -3.347 -2.451 -2.104 2.294 6.685 -0.994
32 T 1.926 -1.231 -0.577 -1.236 0.306 -1.188 -1.365 -0.658 -1.358 -0.427 -1.157 -0.824 -0.656 -1.681 -1.629 0.61 3.385 -2.282 -1.737 0.185
33 Y -1.827 -1.792 -2.14 -3.036 -1.766 -1.798 -2.378 -2.946 2.09 -0.818 -0.924 -1.887 -0.696 3.334 -3.347 -2.451 -2.104 2.294 6.685 -0.994
34 F -1.06 -2.204 -1.609 -2.21 -0.953 -2.646 -2.445 -1.913 -0.746 -0.149 0.053 -2.223 -0.102 5.757 -3.389 0.137 -1.107 0.289 2.27 -0.699
35 F -1.993 -2.977 -3.003 -3.283 -0.92 -3.643 -3.563 -3.077 -1.345 2.463 0.971 -3.095 0.589 5.523 -4.113 -3.06 -1.885 0.132 2.063 1.072
36 K -0.841 2.079 -0.282 -0.736 -1.992 0.793 0.299 -1.357 -0.257 -2.137 -2.255 4.526 -1.238 -2.82 -1.701 -0.895 -1.096 -2.563 -1.803 -2.013
37 R -1.548 5.537 -0.476 -1.578 -2.273 0.503 -0.575 -2.142 0.084 -2.626 -2.042 2.004 -1.238 -2.486 -2.718 -1.42 -1.468 -2.248 -1.786 -2.176
38 Y -1.827 -1.792 -2.14 -3.036 -1.766 -1.798 -2.378 -2.946 2.09 -0.818 -0.924 -1.887 -0.696 3.334 -3.347 -2.451 -2.104 2.294 6.685 -0.994
39 L -1.341 -2.154 -2.973 -3.201 -0.171 -2.164 -3.074 -3.134 -1.912 3.033 2.812 -2.166 3.695 0.503 -3.461 -2.716 -1.238 -1.706 -1.066 1.772
40 V -0.435 -2.334 -2.572 -2.541 -0.159 -2.367 -2.419 -2.553 -2.425 2.063 0.136 -1.891 0.083 -1.103 3.691 -1.994 -0.735 -2.959 -1.683 3.149
41 D -1.027 -1.837 0.734 4.801 -1.992 -1.264 0.244 3.129 -0.831 -2.894 -3.495 -1.092 -2.702 -2.851 -2.458 -0.983 -1.586 -3.134 -3.092 -2.879
42 D 1.479 -1.567 0.506 4.788 -0.983 -1.028 0.443 -0.548 -0.758 -1.961 -2.589 -0.85 -1.968 -2.531 -2.006 -0.418 -1.058 -3.134 -2.562 -1.504
43 D -0.148 -1.258 0.429 3.21 -0.558 -0.97 -0.215 -0.923 -0.857 -0.195 -1.634 -0.75 -1.088 -1.87 -1.931 1.418 1.753 -2.715 -2.077 -0.546
44 Y -1.827 -1.792 -2.14 -3.036 -1.766 -1.798 -2.378 -2.946 2.09 -0.818 -0.924 -1.887 -0.696 3.334 -3.347 -2.451 -2.104 2.294 6.685 -0.994
45 V -0.807 -0.933 -1.733 -1.92 -0.438 2.123 -0.825 -2.523 -1.098 2.886 0.573 -0.707 0.635 -0.771 -2.897 -1.888 -0.835 -2.265 -1.299 2.624
46 L -1.281 -1.539 -1.969 -0.769 -0.741 -0.751 1.694 -2.863 -1.206 2.538 2.12 -1.067 0.951 -0.195 -2.897 -2.134 -1.326 -2.071 -1.409 1.243
47 L -1.225 -2.255 -2.701 -3.225 -0.593 -2.476 -2.867 -3.015 0.021 1.554 1.329 -2.36 0.596 3.333 -3.493 -2.599 -1.411 0.525 4.118 2.042
48 T -0.127 -1.107 -0.153 -1.029 0.107 -1.117 -1.392 -1.343 -1.427 -0.238 -1.071 -0.805 -0.546 -1.595 -1.701 0.691 4.287 -2.199 -1.721 0.215
49 L -1.004 -2.581 -3.193 -3.329 0.008 -2.813 -3.291 -3.277 -2.65 3.383 2.544 -2.527 1.449 0.247 -3.435 -2.826 -1.013 -2.071 -1.221 2.962
50 F -1.962 -2.479 -2.86 -3.286 -0.924 -2.984 -3.247 -2.916 -1.067 0.869 1.752 -2.78 2.344 5.548 -4.077 -2.869 -1.983 0.249 2.101 0.095
51 S 2.368 -0.982 -0.074 -0.668 0.275 -0.813 -0.797 0.048 -0.704 -1.519 -1.967 -0.475 -1.093 -1.926 -1.49 2.631 0.593 -2.527 -1.77 -0.747
52 L -1.555 -2.201 -3.377 -3.634 -0.165 -2.655 -3.32 -3.397 -2.328 1.991 4.061 -2.492 2.118 0.819 -3.619 -3.173 -1.595 -1.665 -1.07 1.092
53 L -1.119 -2.687 -3.222 -3.489 6.708 -2.998 -3.576 -2.944 -2.592 2.09 2.722 -2.724 1.223 0.02 -3.464 -2.576 -1.416 -2.199 -1.586 1.101
54 L -1.555 -2.201 -3.377 -3.634 -0.165 -2.655 -3.32 -3.397 -2.328 1.991 4.061 -2.492 2.118 0.819 -3.619 -3.173 -1.595 -1.665 -1.07 1.092
55 S 0.396 -0.642 3.328 0.342 -0.451 -0.57 -0.625 -0.137 0.084 -2.169 -2.592 -0.303 -1.491 -2.094 -1.815 2.549 0.586 -2.696 -1.871 -1.671
56 L -1.051 -2.297 -3.225 -3.474 0.008 -2.637 -3.176 -3.247 -2.515 2.374 3.341 -2.462 1.746 0.463 -3.467 -2.851 -1.167 -1.89 -1.145 2.507
57 L 1.715 -2.035 -2.572 -2.716 0.295 -2.129 -2.378 -1.477 -2.073 1.792 2.045 -1.817 0.934 -0.284 -2.611 -1.245 -0.784 -2.15 -1.365 2.334
58 A 1.907 -1.644 -1.367 -1.838 0.375 -1.614 -1.784 -1.005 -1.767 1.177 -0.304 -1.268 -0.108 -1.219 -2.033 -0.112 2.061 -2.35 -1.589 2.165
59 F -2.349 -2.911 -2.875 -3.329 -1.388 -3.878 -3.497 -2.889 -0.843 0.262 0.55 -3.319 0.187 6.537 -4.462 -3.045 -2.385 0.837 2.917 -0.522
60 I -0.958 -2.895 -3.162 -3.19 0.008 -3.001 -3.412 -3.308 -2.792 4.13 1.439 -2.593 1.118 0.012 -3.404 -2.802 -0.866 -2.265 -1.299 3.355
61 W -2.664 -2.397 -3.18 -3.634 -2.348 -2.838 -2.983 -2.38 -1.148 -1.868 -1.665 -2.805 -1.294 1.114 -5.422 -3.369 -2.709 10.625 2.155 -2.242
62 H -1.722 -0.372 0.445 -0.975 -2.348 -0.179 -0.515 -1.711 8.023 -2.676 -2.609 -0.78 -1.276 -0.867 -2.763 -1.594 -2.241 -1.468 1.653 -3.05
63 L -0.732 -1.71 -1.328 -2.002 -0.026 -1.849 -2.239 -2.201 -1.895 1.903 2.005 -1.55 0.9 -0.275 -2.492 -0.632 2.662 -2.01 -1.418 1.116
64 Y -1.827 -1.792 -2.14 -3.036 -1.766 -1.798 -2.378 -2.946 2.09 -0.818 -0.924 -1.887 -0.696 3.334 -3.347 -2.451 -2.104 2.294 6.685 -0.994
65 L -1.555 -2.201 -3.377 -3.634 -0.165 -2.655 -3.32 -3.397 -2.328 1.991 4.061 -2.492 2.118 0.819 -3.619 -3.173 -1.595 -1.665 -1.07 1.092
66 H -0.896 -1.191 -0.49 -1.572 4.856 -1.117 -1.473 -1.822 5.162 -1.058 -1.471 -1.245 -0.888 0.141 -2.506 -0.719 1.715 -0.72 2.676 -0.881
67 K -0.502 1.202 -0.339 -0.923 -1.756 0.092 -0.391 3.096 -0.613 -2.458 -2.607 3.521 -1.644 -2.777 -2.022 -0.935 -1.349 -2.527 -2.189 -2.274
68 W -2.245 -2.33 -3.244 -3.634 -1.425 -2.776 -3.091 -2.681 -1.491 0.039 1.592 -2.697 0.328 1.019 -4.689 -3.302 -2.288 9.475 1.422 -0.669
69 S 0.711 -0.868 0.286 -0.496 0.075 -0.751 -0.818 -0.473 -0.758 -1.248 -1.854 -0.458 -0.966 -1.832 -1.558 2.671 2.544 -2.437 -1.753 -0.706
70 R -1.357 3.622 -1.099 -1.835 -1.335 -0.124 -0.931 -2.258 -0.621 -0.144 1.499 2.242 0.349 -0.977 -2.672 -1.73 -1.411 -2.111 -1.531 -0.619
71 K -0.793 1.033 -0.254 0.071 -2.009 2.884 2.196 0.43 0.202 -2.407 -2.359 2.607 -1.139 -2.808 -1.98 -0.84 -1.174 -2.388 -1.74 -2.035
72 S 0.368 0.54 1.333 -0.24 -0.622 -0.046 -0.262 -0.481 -0.254 -2.055 -2.373 2.276 -1.283 -2.254 -1.638 2.225 0.334 -2.596 -1.806 -1.617
73 L 1.715 -2.035 -2.572 -2.716 0.295 -2.129 -2.378 -1.477 -2.073 1.792 2.045 -1.817 0.934 -0.284 -2.611 -1.245 -0.784 -2.15 -1.365 2.334
74 F -2.025 -2.374 -2.679 -3.275 -1.255 -2.826 -3.047 -2.987 0.367 0.355 1.223 -2.631 0.385 5.217 -3.903 -2.853 -2.145 1.17 4.568 -0.314
75 A 3.952 -1.498 -1.676 -1.702 0.665 -1.334 -1.313 0.359 -1.225 -0.845 -1.336 -0.863 -0.888 -1.863 -1.49 0.44 -0.436 -2.454 -1.77 0.124
76 L -1.108 -2.629 -3.222 -3.33 -0.034 -2.864 -3.358 -3.322 -2.634 3.529 2.583 -2.551 1.481 0.292 -3.464 -2.896 -1.07 -2.056 -1.221 2.825
77 F 0.442 -2.464 -2.419 -2.689 -0.27 -2.707 -2.798 -2.043 -1.629 2.551 0.699 -2.244 0.461 3.835 -3.09 -1.633 -0.127 -0.84 0.796 1.677
78 A 3.267 -1.229 -0.766 -1.139 0.477 -1.062 -1.043 0.208 -0.953 -1.162 -1.634 -0.663 -0.989 -1.894 -1.49 1.739 0.124 -2.49 -1.77 -0.279
79 A 2.137 -1.498 -1.026 -1.474 0.36 -1.391 -1.441 -0.585 -1.372 0.903 -0.579 -1.06 -0.281 -1.32 -1.952 1.336 0.116 -2.472 -1.604 1.957
80 G 0.33 -2.231 -1.25 -1.955 -0.691 -2.262 -2.7 4.394 -1.718 -0.25 1.336 -1.833 -0.04 -0.965 -2.897 -1.388 -1.663 -2.167 -2.178 -0.685
81 L -1.004 -2.581 -3.193 -3.329 0.008 -2.813 -3.291 -3.277 -2.65 3.383 2.544 -2.527 1.449 0.247 -3.435 -2.826 -1.013 -2.071 -1.221 2.962
82 F -1.574 -3.051 -2.909 -3.363 6.646 -3.737 -3.637 -2.632 -1.393 -0.036 0.103 -3.254 -0.18 5.44 -3.987 -2.517 -1.989 -0.002 1.938 -0.489
83 L 1.551 -2.197 -2.666 -2.72 0.139 -2.292 -2.577 -1.574 -2.021 2.68 2.228 -1.894 1.082 -0.073 -2.699 -1.41 -1.001 -2.087 -1.365 1.579
84 L -1.108 -2.629 -3.222 -3.33 -0.034 -2.864 -3.358 -3.322 -2.634 3.529 2.583 -2.551 1.481 0.292 -3.464 -2.896 -1.07 -2.056 -1.221 2.825
85 L -1.673 -2.307 -3.287 -3.581 -0.336 -2.826 -3.349 -3.306 -2.021 1.765 3.701 -2.615 1.873 2.879 -3.743 -3.151 -1.712 -1.067 0.094 0.878
86 L -1.24 -1.641 -2.671 -3.073 -0.176 -1.505 -2.651 -2.84 -1.365 1.729 2.921 -1.77 4.904 0.58 -3.372 -2.363 -1.228 -1.431 -0.919 1.015
87 P -0.851 -2.028 -1.948 -1.578 -1.471 -1.947 -1.637 -1.867 -1.622 -2.332 -2.765 -1.078 -2.417 -3.35 6.677 -1.466 -1.363 -4.563 -2.65 -2.176
88 S 0.388 -0.622 0.47 -0.481 -0.545 -0.443 -0.551 -0.56 5.142 -2.155 -2.429 -0.451 -1.226 -1.547 -1.855 2.394 0.262 -2.15 -0.142 -1.78
89 E -0.152 -0.188 0.138 1.674 -1.279 1.876 2.825 -1.087 0.122 -2.378 -2.514 0.378 -1.368 -2.458 -1.826 1.27 -0.291 -2.499 -1.834 -1.833
90 F 0.303 -2.267 -2.015 -2.507 -0.662 -2.702 -2.593 -1.787 -0.994 0.023 0.076 -2.236 -0.083 5.448 -3.165 -1.297 0.457 0.114 2.02 -0.272
91 Y -1.827 -1.792 -2.14 -3.036 -1.766 -1.798 -2.378 -2.946 2.09 -0.818 -0.924 -1.887 -0.696 3.334 -3.347 -2.451 -2.104 2.294 6.685 -0.994
92 L -1.555 -2.201 -3.377 -3.634 -0.165 -2.655 -3.32 -3.397 -2.328 1.991 4.061 -2.492 2.118 0.819 -3.619 -3.173 -1.595 -1.665 -1.07 1.092
93 L -1.267 -0.873 -1.823 -2.012 -0.641 2.119 -0.887 -2.639 -0.982 2.568 2.17 -0.724 1.167 -0.243 -3.021 -2.114 -1.212 -2.01 -1.221 1.281
94 D -1.421 -1.289 2.47 4.89 -1.715 -0.862 0.493 -0.983 -0.354 -2.141 -2.881 -0.741 -2.137 -2.573 -2.24 -0.476 0.723 -3.18 -2.616 -2.037
95 F -2.124 -1.799 -1.31 -2.316 -1.674 -2.076 -2.134 -2.441 5.109 -0.428 -0.173 -2.207 -0.223 5.476 -3.779 -2.476 -2.336 0.253 2.553 -1.146
96 A 2.137 -1.498 -1.026 -1.474 0.36 -1.391 -1.441 -0.585 -1.372 0.903 -0.579 -1.06 -0.281 -1.32 -1.952 1.336 0.116 -2.472 -1.604 1.957
97 P 0.547 -1.121 -0.125 -0.638 -0.367 -0.971 -0.883 -0.594 -0.809 -2.055 -2.477 -0.536 -1.552 -2.351 3.829 2.404 0.402 -3.089 -2.034 -1.568
98 D -1.791 -1.602 1.185 5.854 -2.387 -0.886 1.036 -1.138 -0.55 -2.74 -3.506 -0.844 -2.712 -2.934 -2.304 -0.966 -1.427 -3.545 -3.058 -2.879
99 F -2.349 -2.911 -2.875 -3.329 -1.388 -3.878 -3.497 -2.889 -0.843 0.262 0.55 -3.319 0.187 6.537 -4.462 -3.045 -2.385 0.837 2.917 -0.522
100 S 1.054 -0.755 0.483 -0.263 0.058 -0.584 -0.569 -0.121 -0.474 -1.926 -2.343 -0.299 -1.201 -1.958 -1.49 3.311 0.997 -2.563 -1.77 -1.307
101 L -1.241 -2.527 -3.267 -3.403 -0.077 -2.823 -3.365 -3.352 -2.55 3.254 3.038 -2.542 1.661 0.444 -3.509 -2.981 -1.207 -1.949 -1.183 2.439
102 L -1.555 -2.201 -3.377 -3.634 -0.165 -2.655 -3.32 -3.397 -2.328 1.991 4.061 -2.492 2.118 0.819 -3.619 -3.173 -1.595 -1.665 -1.07 1.092
103 S 1.054 -0.755 0.483 -0.263 0.058 -0.584 -0.569 -0.121 -0.474 -1.926 -2.343 -0.299 -1.201 -1.958 -1.49 3.311 0.997 -2.563 -1.77 -1.307
104 F -2.349 -2.911 -2.875 -3.329 -1.388 -3.878 -3.497 -2.889 -0.843 0.262 0.55 -3.319 0.187 6.537 -4.462 -3.045 -2.385 0.837 2.917 -0.522
105 F -2.349 -2.911 -2.875 -3.329 -1.388 -3.878 -3.497 -2.889 -0.843 0.262 0.55 -3.319 0.187 6.537 -4.462 -3.045 -2.385 0.837 2.917 -0.522
106 L -1.555 -2.201 -3.377 -3.634 -0.165 -2.655 -3.32 -3.397 -2.328 1.991 4.061 -2.492 2.118 0.819 -3.619 -3.173 -1.595 -1.665 -1.07 1.092
107 L -1.555 -2.201 -3.377 -3.634 -0.165 -2.655 -3.32 -3.397 -2.328 1.991 4.061 -2.492 2.118 0.819 -3.619 -3.173 -1.595 -1.665 -1.07 1.092
108 S 1.054 -0.755 0.483 -0.263 0.058 -0.584 -0.569 -0.121 -0.474 -1.926 -2.343 -0.299 -1.201 -1.958 -1.49 3.311 0.997 -2.563 -1.77 -1.307
109 V -0.248 -2.501 -2.944 -3.179 0.326 -2.602 -2.908 -2.97 -2.929 3.015 0.931 -2.402 0.817 -0.413 -3.186 -2.298 -0.466 -2.402 -1.299 4.163
110 S 1.054 -0.755 0.483 -0.263 0.058 -0.584 -0.569 -0.121 -0.474 -1.926 -2.343 -0.299 -1.201 -1.958 -1.49 3.311 0.997 -2.563 -1.77 -1.307
111 V -0.581 -2.691 -3.051 -3.184 0.171 -2.794 -3.149 -3.134 -2.86 3.626 1.196 -2.496 0.971 -0.192 -3.293 -2.539 -0.659 -2.332 -1.299 3.787
112 D -1.791 -1.602 1.185 5.854 -2.387 -0.886 1.036 -1.138 -0.55 -2.74 -3.506 -0.844 -2.712 -2.934 -2.304 -0.966 -1.427 -3.545 -3.058 -2.879
113 P -0.851 -2.028 -1.948 -1.578 -1.471 -1.947 -1.637 -1.867 -1.622 -2.332 -2.765 -1.078 -2.417 -3.35 6.677 -1.466 -1.363 -4.563 -2.65 -2.176
114 K -0.856 1.809 -0.294 -0.221 -2.06 0.89 1.572 -1.449 -0.141 -2.235 -2.327 4.148 -1.32 -2.786 -1.733 -0.88 -1.132 -2.536 -1.823 -2.035
115 Q -0.897 0.993 -0.107 -0.371 -1.925 4.933 1.378 -1.493 0.755 -2.255 -2.005 1.207 -0.417 -2.973 -2.165 -0.769 -0.989 -2.199 -1.299 -1.801
116 T -0.214 -0.18 -0.315 -0.331 -0.748 -0.206 1.016 -1.266 -0.709 -1.427 -1.947 1.221 -1.213 -2.25 2.208 0.751 2.046 -2.648 -1.914 -1.006
117 D -1.752 -1.156 3.519 4.964 -2.2 -0.767 0.556 -0.777 0.043 -2.735 -3.388 -0.655 -2.522 -2.74 -2.4 -0.661 -1.07 -3.345 -2.695 -2.774
118 L -1.796 -2.418 -3.199 -3.529 -0.518 -3.008 -3.378 -3.217 -1.744 1.521 3.289 -2.742 1.606 4.069 -3.874 -3.129 -1.835 -0.573 0.921 0.647
119 V -0.581 -2.691 -3.051 -3.184 0.171 -2.794 -3.149 -3.134 -2.86 3.626 1.196 -2.496 0.971 -0.192 -3.293 -2.539 -0.659 -2.332 -1.299 3.787
120 R 0.626 2.917 -0.117 -0.954 -0.448 -0.332 -0.815 -0.909 -0.527 -1.486 -1.793 0.571 -1.009 -2.014 -1.902 1.477 1.771 -2.354 -1.763 -0.928
121 F -1.993 -2.977 -3.003 -3.283 -0.92 -3.643 -3.563 -3.077 -1.345 2.463 0.971 -3.095 0.589 5.523 -4.113 -3.06 -1.885 0.132 2.063 1.072
122 L -0.903 -2.534 -3.165 -3.327 0.05 -2.763 -3.226 -3.233 -2.666 3.23 2.504 -2.503 1.417 0.201 -3.407 -2.758 -0.957 -2.087 -1.221 3.092
123 F -2.2 -2.779 -2.952 -3.377 -1.145 -3.635 -3.466 -2.968 -1.043 0.632 1.513 -3.163 0.612 6.089 -4.304 -3.066 -2.237 0.544 2.532 -0.182
124 Y -1.827 -1.792 -2.14 -3.036 -1.766 -1.798 -2.378 -2.946 2.09 -0.818 -0.924 -1.887 -0.696 3.334 -3.347 -2.451 -2.104 2.294 6.685 -0.994
125 A 3.952 -1.498 -1.676 -1.702 0.665 -1.334 -1.313 0.359 -1.225 -0.845 -1.336 -0.863 -0.888 -1.863 -1.49 0.44 -0.436 -2.454 -1.77 0.124
126 K -0.841 2.079 -0.282 -0.736 -1.992 0.793 0.299 -1.357 -0.257 -2.137 -2.255 4.526 -1.238 -2.82 -1.701 -0.895 -1.096 -2.563 -1.803 -2.013
127 L -1.736 -2.715 -3.168 -3.38 -0.518 -3.209 -3.502 -3.247 -1.847 2.809 2.475 -2.814 1.293 4.009 -3.837 -3.102 -1.641 -0.686 0.884 1.46
128 F -2.059 -2.654 -3.032 -3.427 -0.92 -3.41 -3.436 -3.048 -1.258 0.96 2.233 -3.016 0.983 5.559 -4.153 -3.087 -2.097 0.218 2.088 0.121
129 L -1.555 -2.201 -3.377 -3.634 -0.165 -2.655 -3.32 -3.397 -2.328 1.991 4.061 -2.492 2.118 0.819 -3.619 -3.173 -1.595 -1.665 -1.07 1.092
130 A 3.952 -1.498 -1.676 -1.702 0.665 -1.334 -1.313 0.359 -1.225 -0.845 -1.336 -0.863 -0.888 -1.863 -1.49 0.44 -0.436 -2.454 -1.77 0.124
131 I -1.191 -2.836 -3.235 -3.261 -0.077 -3.011 -3.489 -3.383 -2.687 4.03 2.137 -2.609 1.354 0.225 -3.477 -2.955 -1.051 -2.135 -1.26 2.904
132 G 1.994 -2.05 -0.807 -1.454 -0.504 -1.888 -2.125 4.862 -1.399 -2.201 -2.574 -1.372 -1.953 -2.389 -2.291 -0.445 -1.344 -2.454 -2.62 -1.504
133 V -0.494 -2.642 -3.023 -3.183 0.211 -2.745 -3.087 -3.092 -2.877 3.485 1.132 -2.472 0.934 -0.246 -3.265 -2.477 -0.609 -2.35 -1.299 3.886
134 L -1.796 -2.418 -3.199 -3.529 -0.518 -3.008 -3.378 -3.217 -1.744 1.521 3.289 -2.742 1.606 4.069 -3.874 -3.129 -1.835 -0.573 0.921 0.647
135 L -1.796 -2.418 -3.199 -3.529 -0.518 -3.008 -3.378 -3.217 -1.744 1.521 3.289 -2.742 1.606 4.069 -3.874 -3.129 -1.835 -0.573 0.921 0.647
136 F -2.2 -2.779 -2.952 -3.377 -1.145 -3.635 -3.466 -2.968 -1.043 0.632 1.513 -3.163 0.612 6.089 -4.304 -3.066 -2.237 0.544 2.532 -0.182
137 Y -1.827 -1.792 -2.14 -3.036 -1.766 -1.798 -2.378 -2.946 2.09 -0.818 -0.924 -1.887 -0.696 3.334 -3.347 -2.451 -2.104 2.294 6.685 -0.994
138 I -0.958 -2.895 -3.162 -3.19 0.008 -3.001 -3.412 -3.308 -2.792 4.13 1.439 -2.593 1.118 0.012 -3.404 -2.802 -0.866 -2.265 -1.299 3.355
139 N -0.968 3.002 4.037 0.329 -1.552 -0.156 -0.655 -0.68 0.479 -2.545 -2.607 0.683 -1.662 -2.344 -2.42 0.542 -0.431 -2.648 -1.928 -2.193
140 G 0.075 -2.372 -0.454 -1.337 -1.335 -2.21 -2.636 5.823 -1.491 -3.23 -3.475 -1.665 -2.681 -2.693 -2.794 -1.017 -1.934 -2.454 -3.163 -2.879
141 K -0.859 1.76 -0.223 -0.609 -1.969 2.887 0.705 -1.401 0.121 -2.176 -2.169 3.78 -0.938 -2.87 -1.848 -0.853 -1.06 -2.437 -1.625 -1.941
142 L -1.472 -2.622 -3.326 -3.406 -0.165 -2.925 -3.504 -3.445 -2.52 3.551 3.104 -2.591 1.719 0.527 -3.568 -3.131 -1.331 -1.92 -1.183 2.1
143 P -0.851 -2.028 -1.948 -1.578 -1.471 -1.947 -1.637 -1.867 -1.622 -2.332 -2.765 -1.078 -2.417 -3.35 6.677 -1.466 -1.363 -4.563 -2.65 -2.176
144 D -1.791 -1.602 1.185 5.854 -2.387 -0.886 1.036 -1.138 -0.55 -2.74 -3.506 -0.844 -2.712 -2.934 -2.304 -0.966 -1.427 -3.545 -3.058 -2.879
145 V 0.451 -2.402 -2.814 -3.022 0.356 -2.472 -2.736 -2.49 -2.742 2.832 0.797 -2.238 0.708 -0.509 -2.999 -1.941 -0.463 -2.406 -1.336 3.976
146 T -0.127 -1.107 -0.153 -1.029 0.107 -1.117 -1.392 -1.343 -1.427 -0.238 -1.071 -0.805 -0.546 -1.595 -1.701 0.691 4.287 -2.199 -1.721 0.215
147 L -0.483 -1.722 -1.423 -2.007 -0.255 -1.915 -2.109 -1.805 -1.331 0.867 2.517 -1.652 1.051 2.573 -2.814 0.7 -0.533 -1.285 -0.048 0.225
148 Y -1.99 -2.119 -2.365 -3.131 -1.635 -2.34 -2.705 -2.927 1.4 -0.411 -0.345 -2.29 -0.371 4.828 -3.673 -2.636 -2.194 1.885 5.882 -0.828
149 R -1.548 5.537 -0.476 -1.578 -2.273 0.503 -0.575 -2.142 0.084 -2.626 -2.042 2.004 -1.238 -2.486 -2.718 -1.42 -1.468 -2.248 -1.786 -2.176
150 P 1.709 -1.84 -1.854 -1.619 -0.572 -1.728 -1.525 -0.921 -1.484 -1.747 -2.206 -1.005 -1.813 -2.765 5.591 -0.682 -1.02 -3.678 -2.326 -1.192
151 A 2.531 -1.11 -0.149 0.804 0.199 -0.9 -0.665 0.022 -0.771 -1.475 -1.948 -0.566 -1.161 -1.986 -1.549 2.169 0.315 -2.587 -1.858 -0.703
152 K -1.06 1.219 -0.997 -1.421 -1.247 0.029 -0.486 -1.891 -0.797 -0.051 1.474 3.48 0.349 -1.056 -2.211 -1.475 -1.253 -2.232 -1.538 -0.578
153 H -1.434 -0.291 0.203 0.104 -2.374 0.417 2.22 -1.793 6.953 -2.71 -2.645 -0.215 -1.43 -1.342 -2.444 -1.306 -1.898 -1.747 0.873 -2.717
154 L -1.555 -2.201 -3.377 -3.634 -0.165 -2.655 -3.32 -3.397 -2.328 1.991 4.061 -2.492 2.118 0.819 -3.619 -3.173 -1.595 -1.665 -1.07 1.092
155 V -0.337 -2.474 -2.977 -3.214 0.288 -2.606 -2.94 -3.003 -2.874 2.942 1.367 -2.41 0.951 -0.288 -3.219 -2.362 -0.544 -2.332 -1.28 4.001
156 R -1.548 5.537 -0.476 -1.578 -2.273 0.503 -0.575 -2.142 0.084 -2.626 -2.042 2.004 -1.238 -2.486 -2.718 -1.42 -1.468 -2.248 -1.786 -2.176
157 H -1.722 -0.372 0.445 -0.975 -2.348 -0.179 -0.515 -1.711 8.023 -2.676 -2.609 -0.78 -1.276 -0.867 -2.763 -1.594 -2.241 -1.468 1.653 -3.05
158 S 1.054 -0.755 0.483 -0.263 0.058 -0.584 -0.569 -0.121 -0.474 -1.926 -2.343 -0.299 -1.201 -1.958 -1.49 3.311 0.997 -2.563 -1.77 -1.307
159 Y -1.827 -1.792 -2.14 -3.036 -1.766 -1.798 -2.378 -2.946 2.09 -0.818 -0.924 -1.887 -0.696 3.334 -3.347 -2.451 -2.104 2.294 6.685 -0.994
160 G 0.075 -2.372 -0.454 -1.337 -1.335 -2.21 -2.636 5.823 -1.491 -3.23 -3.475 -1.665 -2.681 -2.693 -2.794 -1.017 -1.934 -2.454 -3.163 -2.879
161 F -2.349 -2.911 -2.875 -3.329 -1.388 -3.878 -3.497 -2.889 -0.843 0.262 0.55 -3.319 0.187 6.537 -4.462 -3.045 -2.385 0.837 2.917 -0.522
162 G -0.67 -1.809 -1.633 -2.265 -0.516 -1.545 -2.547 2.94 -1.26 1.218 1.101 -1.618 4.302 -0.294 -3.114 -1.717 -1.326 -1.723 -1.476 0.439
163 H -1.722 -0.372 0.445 -0.975 -2.348 -0.179 -0.515 -1.711 8.023 -2.676 -2.609 -0.78 -1.276 -0.867 -2.763 -1.594 -2.241 -1.468 1.653 -3.05
164 P -0.851 -2.028 -1.948 -1.578 -1.471 -1.947 -1.637 -1.867 -1.622 -2.332 -2.765 -1.078 -2.417 -3.35 6.677 -1.466 -1.363 -4.563 -2.65 -2.176
165 N -1.674 -0.429 5.673 1.267 -1.861 -0.541 -0.74 -0.169 0.954 -2.727 -3.166 -0.31 -2.176 -2.389 -2.602 -0.132 -0.466 -2.981 -2.083 -2.575
166 S 1.054 -0.755 0.483 -0.263 0.058 -0.584 -0.569 -0.121 -0.474 -1.926 -2.343 -0.299 -1.201 -1.958 -1.49 3.311 0.997 -2.563 -1.77 -1.307
167 L -1.555 -2.201 -3.377 -3.634 -0.165 -2.655 -3.32 -3.397 -2.328 1.991 4.061 -2.492 2.118 0.819 -3.619 -3.173 -1.595 -1.665 -1.07 1.092
168 S 1.054 -0.755 0.483 -0.263 0.058 -0.584 -0.569 -0.121 -0.474 -1.926 -2.343 -0.299 -1.201 -1.958 -1.49 3.311 0.997 -2.563 -1.77 -1.307
169 L -1.094 -1.397 -2.374 -2.828 -0.182 -1.065 -2.367 -2.597 -0.982 1.589 2.121 -1.467 5.683 0.453 -3.256 -2.031 -1.06 -1.32 -0.846 0.975
170 F -2.349 -2.911 -2.875 -3.329 -1.388 -3.878 -3.497 -2.889 -0.843 0.262 0.55 -3.319 0.187 6.537 -4.462 -3.045 -2.385 0.837 2.917 -0.522
171 I 1.63 -2.132 -2.479 -2.553 0.177 -2.027 -2.43 -1.478 -1.839 2.968 0.999 -1.738 2.267 -0.339 -2.619 -1.238 -0.797 -2.127 -1.363 2.073
172 A 1.801 -1.63 -1.367 -1.82 0.261 -1.561 -1.829 -1.029 -1.594 1.608 0.072 -1.237 1.144 -0.967 -2.073 -0.155 2.003 -2.211 -1.544 1.398
173 S 1.054 -0.755 0.483 -0.263 0.058 -0.584 -0.569 -0.121 -0.474 -1.926 -2.343 -0.299 -1.201 -1.958 -1.49 3.311 0.997 -2.563 -1.77 -1.307
174 L -1.499 -2.474 -3.343 -3.48 -0.165 -2.832 -3.441 -3.429 -2.454 3.119 3.459 -2.558 1.859 0.628 -3.585 -3.145 -1.416 -1.832 -1.145 1.801
175 F -2.059 -2.654 -3.032 -3.427 -0.92 -3.41 -3.436 -3.048 -1.258 0.96 2.233 -3.016 0.983 5.559 -4.153 -3.087 -2.097 0.218 2.088 0.121
176 Y -1.733 -1.922 -2.496 -3.222 -1.128 -2.056 -2.659 -3.089 1.217 0.445 1.768 -2.075 0.57 2.712 -3.435 -2.672 -1.924 1.469 5.612 -0.121
177 D -1.791 -1.602 1.185 5.854 -2.387 -0.886 1.036 -1.138 -0.55 -2.74 -3.506 -0.844 -2.712 -2.934 -2.304 -0.966 -1.427 -3.545 -3.058 -2.879
178 F -2.059 -2.654 -3.032 -3.427 -0.92 -3.41 -3.436 -3.048 -1.258 0.96 2.233 -3.016 0.983 5.559 -4.153 -3.087 -2.097 0.218 2.088 0.121
179 S 1.054 -0.755 0.483 -0.263 0.058 -0.584 -0.569 -0.121 -0.474 -1.926 -2.343 -0.299 -1.201 -1.958 -1.49 3.311 0.997 -2.563 -1.77 -1.307
180 L -1.555 -2.201 -3.377 -3.634 -0.165 -2.655 -3.32 -3.397 -2.328 1.991 4.061 -2.492 2.118 0.819 -3.619 -3.173 -1.595 -1.665 -1.07 1.092
181 L -1.142 -1.622 -2.506 -2.886 -0.179 -1.331 -2.551 -2.729 -1.209 2.345 2.049 -1.638 5.278 0.413 -3.299 -2.182 -1.065 -1.449 -0.917 1.384
182 R -1.293 4.772 -0.41 -1.269 -2.176 0.603 -0.253 -1.856 -0.025 -2.454 -2.111 3.107 -1.238 -2.593 -2.338 -1.235 -1.339 -2.35 -1.792 -2.121
183 K -0.871 1.511 -0.306 0.216 -2.129 0.984 2.453 -1.545 -0.03 -2.336 -2.401 3.712 -1.404 -2.753 -1.765 -0.865 -1.167 -2.508 -1.842 -2.057
184 K -0.841 2.079 -0.282 -0.736 -1.992 0.793 0.299 -1.357 -0.257 -2.137 -2.255 4.526 -1.238 -2.82 -1.701 -0.895 -1.096 -2.563 -1.803 -2.013
185 A 1.207 -1.539 -0.889 -1.314 -0.037 -1.44 -1.464 -0.918 -1.321 1.155 -0.695 -1.014 -0.463 -1.437 2.151 1.256 0.693 -2.677 -1.764 0.874
186 F -0.744 -2.065 -1.676 -2.308 -0.225 -2.313 -2.458 -2.299 -1.607 1.392 0.258 -1.985 0.206 3.769 -2.897 -1.072 1.856 -0.845 0.784 2.068
187 P -1.334 2.891 3.005 -0.295 -1.85 -0.493 -0.947 -1.254 -0.008 -2.557 -2.62 0.517 -1.897 -2.71 3.726 -0.937 -1.063 -3.112 -2.151 -2.303
188 L -1.519 -2.401 -3.241 -3.503 -0.289 -2.867 -3.341 -3.276 -2.09 2.213 3.346 -2.624 1.706 2.815 -3.694 -3.061 -1.549 -1.145 0.069 1.511
189 L -0.405 -1.635 -1.47 -2.038 -0.088 -1.789 -2.09 -1.859 -1.57 1.17 3.044 -1.564 1.372 0.153 -2.723 0.695 -0.454 -1.934 -1.285 0.49
190 E -0.933 -0.136 -0.353 1.504 -2.425 1.332 4.527 -1.964 0.378 -2.778 -2.717 0.662 -1.768 -2.622 -1.896 -0.805 -1.315 -2.402 -1.922 -2.148
191 T 0.944 -1.586 -1.112 -1.73 0.203 -1.609 -1.861 -1.413 -1.757 1.408 0.45 -1.278 0.168 -0.949 -2.116 -0.115 2.756 -2.224 -1.559 1.636
192 L -1.555 -2.201 -3.377 -3.634 -0.165 -2.655 -3.32 -3.397 -2.328 1.991 4.061 -2.492 2.118 0.819 -3.619 -3.173 -1.595 -1.665 -1.07 1.092
193 W -0.598 -1.799 -1.426 -1.993 -0.634 -1.899 -2.052 -1.638 -1.261 1.144 0.785 -1.661 0.106 0.167 -3.057 0.682 -0.603 7.521 0.289 0.156
194 L -1.621 -2.103 -2.846 -3.244 -0.525 -2.303 -3.017 -2.942 -1.311 1.37 2.598 -2.326 3.564 4.032 -3.736 -2.703 -1.63 -0.49 0.96 0.602
195 I 1.57 -2.47 -2.64 -2.607 0.139 -2.448 -2.67 -1.591 -2.135 3.602 0.963 -1.947 0.702 -0.336 -2.674 -1.395 -0.855 -2.282 -1.448 2.189
196 L -1.132 -2.195 -3.168 -3.44 -0.035 -2.471 -3.122 -3.211 -2.321 2.254 3.394 -2.369 2.426 0.525 -3.473 -2.823 -1.225 -1.8 -1.106 2.206
197 L 1.451 -2.146 -2.552 -2.757 -0.176 -2.437 -2.529 -1.461 -1.399 0.708 1.964 -2.039 0.746 3.874 -2.908 -1.401 -1.36 -0.735 0.815 0.308
198 G 0.348 -1.761 -0.648 -1.357 -0.231 -1.66 -1.837 3.118 -1.462 0.592 -0.995 -1.321 -0.666 -1.527 -2.395 1.042 -0.225 -2.472 -1.975 1.607
199 L -1.393 -1.907 -3.003 -3.34 -0.171 -2.023 -2.966 -3.105 -1.807 1.863 3.547 -2.108 3.835 0.702 -3.493 -2.74 -1.405 -1.545 -0.994 1.053
200 L -1.393 -1.907 -3.003 -3.34 -0.171 -2.023 -2.966 -3.105 -1.807 1.863 3.547 -2.108 3.835 0.702 -3.493 -2.74 -1.405 -1.545 -0.994 1.053
201 L -1.004 -2.581 -3.193 -3.329 0.008 -2.813 -3.291 -3.277 -2.65 3.383 2.544 -2.527 1.449 0.247 -3.435 -2.826 -1.013 -2.071 -1.221 2.962
202 Y -1.949 -2.033 -2.307 -3.107 -1.667 -2.195 -2.619 -2.932 1.589 -0.508 -0.479 -2.184 -0.449 4.52 -3.588 -2.589 -2.171 1.993 6.104 -0.868
203 S 2.368 -0.982 -0.074 -0.668 0.275 -0.813 -0.797 0.048 -0.704 -1.519 -1.967 -0.475 -1.093 -1.926 -1.49 2.631 0.593 -2.527 -1.77 -0.747
204 I -0.958 -2.895 -3.162 -3.19 0.008 -3.001 -3.412 -3.308 -2.792 4.13 1.439 -2.593 1.118 0.012 -3.404 -2.802 -0.866 -2.265 -1.299 3.355
205 T -0.127 -1.107 -0.153 -1.029 0.107 -1.117 -1.392 -1.343 -1.427 -0.238 -1.071 -0.805 -0.546 -1.595 -1.701 0.691 4.287 -2.199 -1.721 0.215
206 D -1.791 -1.602 1.185 5.854 -2.387 -0.886 1.036 -1.138 -0.55 -2.74 -3.506 -0.844 -2.712 -2.934 -2.304 -0.966 -1.427 -3.545 -3.058 -2.879
207 S 1.054 -0.755 0.483 -0.263 0.058 -0.584 -0.569 -0.121 -0.474 -1.926 -2.343 -0.299 -1.201 -1.958 -1.49 3.311 0.997 -2.563 -1.77 -1.307
208 R -1.548 5.537 -0.476 -1.578 -2.273 0.503 -0.575 -2.142 0.084 -2.626 -2.042 2.004 -1.238 -2.486 -2.718 -1.42 -1.468 -2.248 -1.786 -2.176
209 T -0.127 -1.107 -0.153 -1.029 0.107 -1.117 -1.392 -1.343 -1.427 -0.238 -1.071 -0.805 -0.546 -1.595 -1.701 0.691 4.287 -2.199 -1.721 0.215
210 G 0.075 -2.372 -0.454 -1.337 -1.335 -2.21 -2.636 5.823 -1.491 -3.23 -3.475 -1.665 -2.681 -2.693 -2.794 -1.017 -1.934 -2.454 -3.163 -2.879
211 L -1.796 -2.418 -3.199 -3.529 -0.518 -3.008 -3.378 -3.217 -1.744 1.521 3.289 -2.742 1.606 4.069 -3.874 -3.129 -1.835 -0.573 0.921 0.647
212 L -1.341 -2.154 -2.973 -3.201 -0.171 -2.164 -3.074 -3.134 -1.912 3.033 2.812 -2.166 3.695 0.503 -3.461 -2.716 -1.238 -1.706 -1.066 1.772
213 A 2.458 -2.094 -1.837 -2.045 0.139 -1.992 -2.139 1.882 -1.694 2.065 -0.124 -1.496 -0.152 -1.09 -2.24 -0.594 -0.855 -2.367 -1.784 1.126
214 F -1.299 -2.72 -1.827 -2.503 -1.37 -3.209 -3.18 2.922 -1.043 -0.507 -0.282 -2.657 -0.493 5.425 -3.793 -2.201 -2.227 0.095 1.917 -1.116
215 L 1.099 -2.153 -2.44 -2.632 0.088 -2.266 -2.587 -1.791 -2.042 2.696 2.235 -1.887 1.097 -0.06 -2.725 -1.369 0.01 -2.068 -1.362 1.583
216 L -0.937 -2.322 -3.188 -3.436 0.05 -2.632 -3.141 -3.211 -2.563 2.462 3.13 -2.455 1.645 0.367 -3.43 -2.776 -1.07 -1.949 -1.164 2.774
217 I -0.958 -2.895 -3.162 -3.19 0.008 -3.001 -3.412 -3.308 -2.792 4.13 1.439 -2.593 1.118 0.012 -3.404 -2.802 -0.866 -2.265 -1.299 3.355
218 L -1.499 -2.474 -3.343 -3.48 -0.165 -2.832 -3.441 -3.429 -2.454 3.119 3.459 -2.558 1.859 0.628 -3.585 -3.145 -1.416 -1.832 -1.145 1.801
219 F -1.605 -2.739 -2.931 -3.314 -0.752 -3.393 -3.323 -2.948 -1.353 1.369 1.155 -2.989 0.566 5.51 -4.016 -2.849 -1.712 0.132 2.069 1.592
220 C -0.346 -2.397 -1.706 -2.394 8.576 -2.459 -2.823 -1.872 -2.357 -0.567 -1.074 -2.132 -0.899 -1.885 -2.621 -0.661 1.842 -2.855 -2.4 -0.195
221 S 0.711 -0.868 0.286 -0.496 0.075 -0.751 -0.818 -0.473 -0.758 -1.248 -1.854 -0.458 -0.966 -1.832 -1.558 2.671 2.544 -2.437 -1.753 -0.706
222 V -0.621 -2.397 -3.081 -3.323 0.171 -2.619 -3.039 -3.105 -2.715 2.712 2.381 -2.432 1.319 0.058 -3.323 -2.561 -0.795 -2.135 -1.221 3.452
223 F -1.744 -2.781 -3.01 -3.42 4.863 -3.457 -3.519 -2.871 -1.441 0.68 1.763 -3.059 0.661 5.187 -3.998 -2.797 -1.976 -0.075 1.757 -0.012
224 K -1.133 1.264 -0.779 -1.32 -1.915 0.158 -0.35 -1.796 0.752 -1.627 -1.74 3.509 -1.046 0.778 -2.153 -1.327 -1.395 0.036 3.805 -1.632
225 K -0.802 2.268 -0.136 -1.001 -1.187 0.057 -0.464 -1.527 3.504 -1.479 -1.82 2.42 -0.994 -1.937 -2.008 -0.416 1.818 -2.183 -0.841 -1.193
226 Q -0.889 0.663 -0.343 -0.54 -1.845 4.46 1.048 -1.552 0.472 -2.267 -2.119 0.932 -0.668 -3.032 2.113 -0.874 -1.048 -2.481 -1.485 -1.86
227 L -1.555 -2.201 -3.377 -3.634 -0.165 -2.655 -3.32 -3.397 -2.328 1.991 4.061 -2.492 2.118 0.819 -3.619 -3.173 -1.595 -1.665 -1.07 1.092
228 L -0.938 -1.558 1.346 -1.474 -0.345 -1.778 -2.137 -1.873 -1.152 1.13 3.025 -1.567 1.315 0.121 -2.97 -0.284 -0.789 -1.987 -1.327 0.397
229 K 1.376 1.402 -0.115 1.798 -0.781 -0.136 -0.082 -0.632 -0.526 -1.837 -2.151 2.31 -1.333 -2.391 -1.773 0.599 -0.537 -2.648 -1.962 -1.317
230 Y -1.2 -2.009 -2.384 -3.083 -0.89 -2.042 -2.544 -2.954 1.163 1.072 -0.166 -2.049 -0.099 2.533 -3.293 -2.4 -1.449 1.395 5.604 1.826
231 E -0.902 0.804 -0.329 0.931 -2.273 1.163 3.673 -1.747 0.181 -2.549 -2.555 2.572 -1.58 -2.687 -1.829 -0.835 -1.24 -2.454 -1.882 -2.103
232 L -1.328 -2.727 -3.28 -3.333 -0.12 -2.968 -3.497 -3.414 -2.602 3.801 2.661 -2.6 1.543 0.38 -3.522 -3.042 -1.187 -2.025 -1.221 2.53
233 S 0.416 -1.162 -0.331 -1.016 -0.014 -1.124 -1.231 -0.861 -0.971 0.019 1.458 -0.863 0.363 -0.713 -2.041 2.29 0.362 -2.232 -1.517 -0.271
234 G 0.075 -2.372 -0.454 -1.337 -1.335 -2.21 -2.636 5.823 -1.491 -3.23 -3.475 -1.665 -2.681 -2.693 -2.794 -1.017 -1.934 -2.454 -3.163 -2.879
235 R -1.365 3.309 0.242 3.157 -2.212 0.224 0.327 -1.514 -0.23 -2.489 -2.532 2.663 -1.651 -2.74 -2.211 -1.085 -1.326 -2.735 -2.158 -2.332
236 D -1.268 -2.231 -0.865 2.917 -0.822 -2.125 -1.03 -2.232 -1.379 1.202 0.531 -1.954 0.037 3.101 -3.134 -1.98 -1.268 -1.363 0.202 1.797
237 L -1.051 -2.297 -3.225 -3.474 0.008 -2.637 -3.176 -3.247 -2.515 2.374 3.341 -2.462 1.746 0.463 -3.467 -2.851 -1.167 -1.89 -1.145 2.507
238 F -2.349 -2.911 -2.875 -3.329 -1.388 -3.878 -3.497 -2.889 -0.843 0.262 0.55 -3.319 0.187 6.537 -4.462 -3.045 -2.385 0.837 2.917 -0.522
239 V -0.807 -0.933 -1.733 -1.92 -0.438 2.123 -0.825 -2.523 -1.098 2.886 0.573 -0.707 0.635 -0.771 -2.897 -1.888 -0.835 -2.265 -1.299 2.624
240 D 1.958 -1.26 0.23 3.193 -0.286 -0.919 -0.111 -0.234 -0.731 -1.732 -2.261 -0.657 -1.498 -2.212 -1.736 1.492 -0.116 -2.814 -2.139 -1.101
241 I -1.391 -3.115 -3.277 -3.195 -0.165 -3.224 -3.701 -3.493 -2.725 4.558 1.662 -2.693 1.257 0.204 -3.519 -3.091 -1.089 -2.199 -1.299 2.846
242 L -1.049 -2.385 -3.046 -3.228 -0.037 -2.466 -3.145 -3.169 -2.302 3.28 2.412 -2.333 2.715 0.279 -3.411 -2.697 -1.027 -1.942 -1.161 2.702
243 T 0.845 -1.709 -1.136 -1.711 0.123 -1.707 -1.961 -1.464 -1.759 2.279 0.121 -1.32 0.145 -0.897 -2.147 -0.168 2.736 -2.24 -1.581 1.368
244 I -0.958 -2.895 -3.162 -3.19 0.008 -3.001 -3.412 -3.308 -2.792 4.13 1.439 -2.593 1.118 0.012 -3.404 -2.802 -0.866 -2.265 -1.299 3.355
245 F -1.936 -2.98 -2.892 -3.346 4.819 -3.807 -3.566 -2.758 -1.104 0.117 0.335 -3.286 0.009 6.04 -4.215 -2.769 -2.18 0.448 2.469 -0.505
246 L -1.004 -2.581 -3.193 -3.329 0.008 -2.813 -3.291 -3.277 -2.65 3.383 2.544 -2.527 1.449 0.247 -3.435 -2.826 -1.013 -2.071 -1.221 2.962
247 L -1.051 -2.297 -3.225 -3.474 0.008 -2.637 -3.176 -3.247 -2.515 2.374 3.341 -2.462 1.746 0.463 -3.467 -2.851 -1.167 -1.89 -1.145 2.507
248 G 0.075 -2.372 -0.454 -1.337 -1.335 -2.21 -2.636 5.823 -1.491 -3.23 -3.475 -1.665 -2.681 -2.693 -2.794 -1.017 -1.934 -2.454 -3.163 -2.879
249 T -0.529 -1.428 -0.886 -1.666 0.019 -1.545 -1.904 -1.88 -1.697 0.708 1.73 -1.266 0.635 -0.551 -2.211 -0.124 3.299 -2.01 -1.487 0.538
250 L 1.492 -2.045 -2.621 -2.797 -0.014 -2.287 -2.508 -1.508 -1.644 1.028 2.59 -1.939 1.101 2.579 -2.814 -1.413 -1.256 -1.261 -0.048 0.567
251 L -1.527 -2.334 -3.36 -3.556 -0.165 -2.742 -3.38 -3.413 -2.39 2.609 3.776 -2.525 1.991 0.725 -3.602 -3.159 -1.504 -1.747 -1.107 1.468
252 S 1.054 -0.755 0.483 -0.263 0.058 -0.584 -0.569 -0.121 -0.474 -1.926 -2.343 -0.299 -1.201 -1.958 -1.49 3.311 0.997 -2.563 -1.77 -1.307
253 Y 1.472 -1.69 -1.977 -2.52 -0.712 -1.635 -1.977 -1.39 1.345 -0.827 -1.055 -1.504 -0.759 2.393 -2.588 -1.141 -1.435 1.39 5.591 -0.571
254 F -1.468 -2.767 -2.897 -3.278 -0.698 -3.387 -3.287 -2.916 -1.386 1.493 0.683 -2.98 0.413 5.494 -3.971 -2.774 -1.595 0.103 2.063 1.952
255 Y -1.827 -1.792 -2.14 -3.036 -1.766 -1.798 -2.378 -2.946 2.09 -0.818 -0.924 -1.887 -0.696 3.334 -3.347 -2.451 -2.104 2.294 6.685 -0.994
256 K -0.327 0.965 -0.063 -0.572 -1.108 2.679 0.395 -1.149 -0.055 -1.722 -1.955 2.506 -0.817 -2.47 -1.81 0.613 1.045 -2.375 -1.607 -1.333
257 P 2.184 -1.675 -1.541 -1.491 -0.272 -1.547 -1.396 -0.595 -1.341 -1.589 -2.052 -0.915 -1.584 -2.521 4.843 0.137 -0.689 -3.332 -2.176 -0.935
258 G -0.746 -0.061 2.039 2.099 -1.823 -0.379 0.474 3.147 -0.329 -2.724 -3.013 1.641 -2.099 -2.703 -2.297 -0.795 -1.298 -2.72 -2.457 -2.526
259 S 0.765 -1.037 0.109 -0.587 0.022 -0.888 -0.907 -0.473 -0.747 0.613 -1.17 -0.584 -0.618 -1.466 -1.743 2.847 0.738 -2.499 -1.686 -0.068
260 P 1.558 -1.528 -1.071 -1.216 -0.401 -1.397 -1.255 -0.699 -1.196 -1.79 -2.24 -0.812 -1.647 -2.541 4.843 0.929 -0.369 -3.357 -2.176 -1.22
261 L -0.806 -2.488 -3.136 -3.326 0.091 -2.715 -3.162 -3.19 -2.682 3.067 2.464 -2.479 1.385 0.154 -3.378 -2.691 -0.902 -2.103 -1.221 3.217
262 L -0.564 -1.812 -1.377 -1.977 -0.432 -2.047 -2.128 -1.752 -1.111 0.527 1.872 -1.743 0.69 3.87 -2.908 0.706 -0.613 -0.755 0.815 -0.068
263 D -0.06 -1.027 0.488 2.642 -0.53 -0.789 -0.281 -0.855 2.052 -1.437 -2.083 -0.634 -1.257 -1.926 -1.841 1.532 2.188 -2.531 -1.481 -1.061
264 F -1.094 -2.524 -2.408 -2.862 -0.577 -2.984 -2.918 -2.549 -1.346 1.409 0.534 -2.61 0.327 5.147 -3.627 -1.398 -1.214 -0.121 1.791 1.928
265 L -1.796 -2.418 -3.199 -3.529 -0.518 -3.008 -3.378 -3.217 -1.744 1.521 3.289 -2.742 1.606 4.069 -3.874 -3.129 -1.835 -0.573 0.921 0.647
266 N -1.674 -0.429 5.673 1.267 -1.861 -0.541 -0.74 -0.169 0.954 -2.727 -3.166 -0.31 -2.176 -2.389 -2.602 -0.132 -0.466 -2.981 -2.083 -2.575
267 R -0.227 3.368 -0.062 -0.809 -1.204 0.295 -0.252 -1.085 -0.207 -2.215 -2.21 2.722 -1.226 -2.399 -1.922 1.167 -0.306 -2.454 -1.786 -1.807
268 I 1.579 -2.318 -2.57 -2.581 0.138 -2.251 -2.573 -1.546 -1.976 3.378 1.015 -1.85 1.605 -0.31 -2.657 -1.336 -0.853 -2.195 -1.405 2.041
269 F -2.2 -2.779 -2.952 -3.377 -1.145 -3.635 -3.466 -2.968 -1.043 0.632 1.513 -3.163 0.612 6.089 -4.304 -3.066 -2.237 0.544 2.532 -0.182
270 S 0.711 -0.868 0.286 -0.496 0.075 -0.751 -0.818 -0.473 -0.758 -1.248 -1.854 -0.458 -0.966 -1.832 -1.558 2.671 2.544 -2.437 -1.753 -0.706
271 G 0.263 -2.032 -0.275 -1.128 -1.051 -1.867 -2.172 5.369 -1.294 -2.967 -3.253 -1.388 -2.376 -2.556 -2.531 0.304 -1.191 -2.472 -2.879 -2.55
272 R -1.548 5.537 -0.476 -1.578 -2.273 0.503 -0.575 -2.142 0.084 -2.626 -2.042 2.004 -1.238 -2.486 -2.718 -1.42 -1.468 -2.248 -1.786 -2.176
273 L -1.425 -2.171 -3.084 -3.173 -0.345 -2.524 -2.962 -3.079 -2.198 1.591 3.588 -2.203 1.709 0.425 1.888 -2.809 -1.555 -1.987 -1.281 0.746
274 S 0.45 2.511 0.21 -0.58 -0.518 -0.143 -0.488 -0.606 -0.307 -2.103 -2.257 1.173 -1.213 -2.147 -1.77 2.421 0.401 -2.481 -1.777 -1.557
275 N -1.674 -0.429 5.673 1.267 -1.861 -0.541 -0.74 -0.169 0.954 -2.727 -3.166 -0.31 -2.176 -2.389 -2.602 -0.132 -0.466 -2.981 -2.083 -2.575
276 A 3.952 -1.498 -1.676 -1.702 0.665 -1.334 -1.313 0.359 -1.225 -0.845 -1.336 -0.863 -0.888 -1.863 -1.49 0.44 -0.436 -2.454 -1.77 0.124
277 H -1.722 -0.372 0.445 -0.975 -2.348 -0.179 -0.515 -1.711 8.023 -2.676 -2.609 -0.78 -1.276 -0.867 -2.763 -1.594 -2.241 -1.468 1.653 -3.05
278 A 2.43 2.847 -0.947 -1.538 -0.135 -0.555 -1.057 -0.539 -0.747 -1.196 -1.503 0.439 -0.938 -2.006 -1.883 -0.006 0.901 -2.341 -1.767 -0.441
279 Y -1.827 -1.792 -2.14 -3.036 -1.766 -1.798 -2.378 -2.946 2.09 -0.818 -0.924 -1.887 -0.696 3.334 -3.347 -2.451 -2.104 2.294 6.685 -0.994
280 L -1.499 -2.474 -3.343 -3.48 -0.165 -2.832 -3.441 -3.429 -2.454 3.119 3.459 -2.558 1.859 0.628 -3.585 -3.145 -1.416 -1.832 -1.145 1.801
281 L -1.093 0.425 -1.026 -0.259 -1.352 0.276 2.107 -2.119 -0.525 -0.146 1.435 2.222 0.254 -1.019 -2.286 -1.438 -1.328 -2.183 -1.573 -0.605
282 E 1.699 0.53 -0.703 0.013 -0.905 0.471 2.251 -0.812 -0.295 -1.805 -2.044 2.361 -1.276 -2.405 -1.691 -0.353 -0.925 -2.472 -1.831 -1.146
283 Y -1.827 -1.792 -2.14 -3.036 -1.766 -1.798 -2.378 -2.946 2.09 -0.818 -0.924 -1.887 -0.696 3.334 -3.347 -2.451 -2.104 2.294 6.685 -0.994
284 G 0.44 -1.727 -0.107 -0.933 -0.792 -1.561 -1.773 4.831 -1.111 -2.727 -3.046 -1.135 -2.099 -2.426 -2.291 1.206 -0.601 -2.49 -2.62 -2.255
285 F -2.059 -2.654 -3.032 -3.427 -0.92 -3.41 -3.436 -3.048 -1.258 0.96 2.233 -3.016 0.983 5.559 -4.153 -3.087 -2.097 0.218 2.088 0.121
286 S 0.517 1.347 0.236 -0.467 -0.491 -0.08 -0.327 -0.519 -0.369 -2.03 -2.294 1.954 -1.213 -2.194 -1.627 2.446 0.435 -2.536 -1.779 -1.535
287 L -1.796 -2.418 -3.199 -3.529 -0.518 -3.008 -3.378 -3.217 -1.744 1.521 3.289 -2.742 1.606 4.069 -3.874 -3.129 -1.835 -0.573 0.921 0.647
288 L -1.094 -1.881 -1.817 -2.45 -0.237 -2.184 -2.547 -2.472 -1.72 1.143 2.614 -1.911 1.161 2.599 -2.924 -1.252 1.749 -1.203 -0.039 0.593
289 P -0.851 -2.028 -1.948 -1.578 -1.471 -1.947 -1.637 -1.867 -1.622 -2.332 -2.765 -1.078 -2.417 -3.35 6.677 -1.466 -1.363 -4.563 -2.65 -2.176
290 R -1.548 5.537 -0.476 -1.578 -2.273 0.503 -0.575 -2.142 0.084 -2.626 -2.042 2.004 -1.238 -2.486 -2.718 -1.42 -1.468 -2.248 -1.786 -2.176
291 R -0.491 3.355 -0.179 -0.948 -1.191 0.235 -0.361 -1.327 -0.333 -1.821 -1.967 2.694 -1.105 -2.325 -1.962 0.49 0.971 -2.393 -1.778 -1.435
292 I -0.958 -2.895 -3.162 -3.19 0.008 -3.001 -3.412 -3.308 -2.792 4.13 1.439 -2.593 1.118 0.012 -3.404 -2.802 -0.866 -2.265 -1.299 3.355
293 P -1.002 -1.548 -0.876 1.903 -1.75 -0.922 1.006 -1.747 -0.997 -2.467 -2.867 -0.67 -2.344 -3.145 5.576 -1.259 -1.365 -3.905 -2.576 -2.277
294 D -0.938 -1.506 0.728 4.822 -1.664 -0.983 0.492 -1.043 -0.69 -2.519 -3.149 -0.782 -2.353 -2.808 2.121 0.281 -0.846 -3.494 -2.733 -2.434
295 L -1.555 -2.201 -3.377 -3.634 -0.165 -2.655 -3.32 -3.397 -2.328 1.991 4.061 -2.492 2.118 0.819 -3.619 -3.173 -1.595 -1.665 -1.07 1.092
296 H -1.033 -0.432 0.451 -0.844 -1.782 -0.243 -0.524 -1.378 7.527 -2.536 -2.563 -0.694 -1.263 -1.022 -2.508 0.014 -1.385 -1.624 1.298 -2.676
297 Y -1.827 -1.792 -2.14 -3.036 -1.766 -1.798 -2.378 -2.946 2.09 -0.818 -0.924 -1.887 -0.696 3.334 -3.347 -2.451 -2.104 2.294 6.685 -0.994
298 A 3.952 -1.498 -1.676 -1.702 0.665 -1.334 -1.313 0.359 -1.225 -0.845 -1.336 -0.863 -0.888 -1.863 -1.49 0.44 -0.436 -2.454 -1.77 0.124
299 N -1.713 -0.77 4.793 3.671 -2.026 -0.652 -0.02 -0.457 0.534 -2.731 -3.275 -0.477 -2.344 -2.559 -2.499 -0.384 -0.752 -3.157 -2.373 -2.672
300 G 0.075 -2.372 -0.454 -1.337 -1.335 -2.21 -2.636 5.823 -1.491 -3.23 -3.475 -1.665 -2.681 -2.693 -2.794 -1.017 -1.934 -2.454 -3.163 -2.879
301 A 2.539 -1.279 -0.408 -0.963 0.154 -1.112 -1.142 2.176 -0.926 -1.576 -2.016 -0.724 -1.257 -2.026 -1.67 1.875 0.091 -2.499 -1.96 -0.787
302 R -1.139 4.643 -0.387 -1.326 -1.674 0.343 -0.524 -1.853 -0.177 -1.993 -1.888 2.354 -1.111 -2.367 -2.338 -0.863 0.647 -2.29 -1.778 -1.591
303 I -1.391 -3.115 -3.277 -3.195 -0.165 -3.224 -3.701 -3.493 -2.725 4.558 1.662 -2.693 1.257 0.204 -3.519 -3.091 -1.089 -2.199 -1.299 2.846
304 F -2.349 -2.911 -2.875 -3.329 -1.388 -3.878 -3.497 -2.889 -0.843 0.262 0.55 -3.319 0.187 6.537 -4.462 -3.045 -2.385 0.837 2.917 -0.522
305 N -1.674 -0.429 5.673 1.267 -1.861 -0.541 -0.74 -0.169 0.954 -2.727 -3.166 -0.31 -2.176 -2.389 -2.602 -0.132 -0.466 -2.981 -2.083 -2.575
306 E -0.933 -0.136 -0.353 1.504 -2.425 1.332 4.527 -1.964 0.378 -2.778 -2.717 0.662 -1.768 -2.622 -1.896 -0.805 -1.315 -2.402 -1.922 -2.148
307 N -1.674 -0.429 5.673 1.267 -1.861 -0.541 -0.74 -0.169 0.954 -2.727 -3.166 -0.31 -2.176 -2.389 -2.602 -0.132 -0.466 -2.981 -2.083 -2.575
308 F -2.164 -2.488 -2.608 -3.228 -1.509 -3.008 -3.074 -2.908 0.491 -0.055 0.137 -2.759 -0.078 5.807 -4.041 -2.833 -2.288 1.409 4.764 -0.671
309 Y -1.827 -1.792 -2.14 -3.036 -1.766 -1.798 -2.378 -2.946 2.09 -0.818 -0.924 -1.887 -0.696 3.334 -3.347 -2.451 -2.104 2.294 6.685 -0.994
310 V -0.248 -2.501 -2.944 -3.179 0.326 -2.602 -2.908 -2.97 -2.929 3.015 0.931 -2.402 0.817 -0.413 -3.186 -2.298 -0.466 -2.402 -1.299 4.163
311 D -1.791 -1.602 1.185 5.854 -2.387 -0.886 1.036 -1.138 -0.55 -2.74 -3.506 -0.844 -2.712 -2.934 -2.304 -0.966 -1.427 -3.545 -3.058 -2.879
312 S 1.054 -0.755 0.483 -0.263 0.058 -0.584 -0.569 -0.121 -0.474 -1.926 -2.343 -0.299 -1.201 -1.958 -1.49 3.311 0.997 -2.563 -1.77 -1.307
313 L -1.555 -2.201 -3.377 -3.634 -0.165 -2.655 -3.32 -3.397 -2.328 1.991 4.061 -2.492 2.118 0.819 -3.619 -3.173 -1.595 -1.665 -1.07 1.092
314 L -1.24 -1.641 -2.671 -3.073 -0.176 -1.505 -2.651 -2.84 -1.365 1.729 2.921 -1.77 4.904 0.58 -3.372 -2.363 -1.228 -1.431 -0.919 1.015
315 R -1.548 5.537 -0.476 -1.578 -2.273 0.503 -0.575 -2.142 0.084 -2.626 -2.042 2.004 -1.238 -2.486 -2.718 -1.42 -1.468 -2.248 -1.786 -2.176
316 Q -0.897 0.993 -0.107 -0.371 -1.925 4.933 1.378 -1.493 0.755 -2.255 -2.005 1.207 -0.417 -2.973 -2.165 -0.769 -0.989 -2.199 -1.299 -1.801
317 G 0.075 -2.372 -0.454 -1.337 -1.335 -2.21 -2.636 5.823 -1.491 -3.23 -3.475 -1.665 -2.681 -2.693 -2.794 -1.017 -1.934 -2.454 -3.163 -2.879
318 L -1.499 -2.474 -3.343 -3.48 -0.165 -2.832 -3.441 -3.429 -2.454 3.119 3.459 -2.558 1.859 0.628 -3.585 -3.145 -1.416 -1.832 -1.145 1.801
319 L -1.796 -2.418 -3.199 -3.529 -0.518 -3.008 -3.378 -3.217 -1.744 1.521 3.289 -2.742 1.606 4.069 -3.874 -3.129 -1.835 -0.573 0.921 0.647
320 V -0.621 -2.397 -3.081 -3.323 0.171 -2.619 -3.039 -3.105 -2.715 2.712 2.381 -2.432 1.319 0.058 -3.323 -2.561 -0.795 -2.135 -1.221 3.452
321 Y -1.827 -1.792 -2.14 -3.036 -1.766 -1.798 -2.378 -2.946 2.09 -0.818 -0.924 -1.887 -0.696 3.334 -3.347 -2.451 -2.104 2.294 6.685 -0.994
322 L -0.75 -2.05 -2.22 -2.702 4.969 -2.292 -2.714 -2.345 -2.008 1.252 3.084 -2.072 1.38 0.146 -3.077 -0.503 -0.931 -2.017 -1.411 0.581
323 L -1.673 -2.307 -3.287 -3.581 -0.336 -2.826 -3.349 -3.306 -2.021 1.765 3.701 -2.615 1.873 2.879 -3.743 -3.151 -1.712 -1.067 0.094 0.878
324 F -2.349 -2.911 -2.875 -3.329 -1.388 -3.878 -3.497 -2.889 -0.843 0.262 0.55 -3.319 0.187 6.537 -4.462 -3.045 -2.385 0.837 2.917 -0.522
325 P -0.851 -2.028 -1.948 -1.578 -1.471 -1.947 -1.637 -1.867 -1.622 -2.332 -2.765 -1.078 -2.417 -3.35 6.677 -1.466 -1.363 -4.563 -2.65 -2.176
326 I 0.633 -2.626 -2.863 -2.883 0.115 -2.663 -2.958 -2.292 -2.459 3.749 1.147 -2.23 0.879 -0.209 -2.991 -1.961 -0.807 -2.29 -1.373 2.967
327 L -1.24 -1.641 -2.671 -3.073 -0.176 -1.505 -2.651 -2.84 -1.365 1.729 2.921 -1.77 4.904 0.58 -3.372 -2.363 -1.228 -1.431 -0.919 1.015
328 I -1.391 -3.115 -3.277 -3.195 -0.165 -3.224 -3.701 -3.493 -2.725 4.558 1.662 -2.693 1.257 0.204 -3.519 -3.091 -1.089 -2.199 -1.299 2.846
329 G 2.324 -1.975 -0.902 -1.483 -0.33 -1.812 -2.01 4.562 -1.377 -1.992 -2.387 -1.303 -1.796 -2.317 -2.178 -0.319 -1.214 -2.454 -2.499 -1.243
330 L -1.796 -2.418 -3.199 -3.529 -0.518 -3.008 -3.378 -3.217 -1.744 1.521 3.289 -2.742 1.606 4.069 -3.874 -3.129 -1.835 -0.573 0.921 0.647
331 Q -0.897 0.993 -0.107 -0.371 -1.925 4.933 1.378 -1.493 0.755 -2.255 -2.005 1.207 -0.417 -2.973 -2.165 -0.769 -0.989 -2.199 -1.299 -1.801
332 T -0.529 -1.428 -0.886 -1.666 0.019 -1.545 -1.904 -1.88 -1.697 0.708 1.73 -1.266 0.635 -0.551 -2.211 -0.124 3.299 -2.01 -1.487 0.538
333 L -1.393 -1.907 -3.003 -3.34 -0.171 -2.023 -2.966 -3.105 -1.807 1.863 3.547 -2.108 3.835 0.702 -3.493 -2.74 -1.405 -1.545 -0.994 1.053
334 K -0.666 1.674 -0.31 -0.828 -1.871 0.463 -0.026 1.655 -0.43 -2.293 -2.425 4.067 -1.434 -2.798 -1.857 -0.915 -1.22 -2.545 -1.99 -2.141
335 K -1.058 3.729 -0.346 -0.991 -2.083 0.699 0.036 -1.595 -0.139 -2.291 -2.182 3.903 -1.238 -2.704 -2.002 -1.06 -1.215 -2.454 -1.797 -2.066
336 R -1.59 4.544 3.118 -0.295 -2.129 0.195 -0.629 -1.326 0.404 -2.659 -2.37 1.418 -1.518 -2.453 -2.679 -0.924 -1.094 -2.472 -1.882 -2.303
337 F -1.993 -2.977 -3.003 -3.283 -0.92 -3.643 -3.563 -3.077 -1.345 2.463 0.971 -3.095 0.589 5.523 -4.113 -3.06 -1.885 0.132 2.063 1.072
338 T -0.346 0.377 -0.196 -0.928 -0.438 -0.332 -0.712 -1.348 -0.982 -0.744 -1.414 2.147 -0.759 -1.948 -1.701 0.252 3.332 -2.315 -1.748 -0.355
339 L -1.555 -2.201 -3.377 -3.634 -0.165 -2.655 -3.32 -3.397 -2.328 1.991 4.061 -2.492 2.118 0.819 -3.619 -3.173 -1.595 -1.665 -1.07 1.092
340 Y -1.827 -1.792 -2.14 -3.036 -1.766 -1.798 -2.378 -2.946 2.09 -0.818 -0.924 -1.887 -0.696 3.334 -3.347 -2.451 -2.104 2.294 6.685 -0.994
341 H -1.722 -0.372 0.445 -0.975 -2.348 -0.179 -0.515 -1.711 8.023 -2.676 -2.609 -0.78 -1.276 -0.867 -2.763 -1.594 -2.241 -1.468 1.653 -3.05
342 F 1.368 -2.359 -2.418 -2.679 -0.531 -2.763 -2.573 -1.368 -0.965 -0.062 0.047 -2.252 -0.129 5.444 -3.105 -1.378 -1.581 0.095 2.018 -0.29
343 I -1.391 -3.115 -3.277 -3.195 -0.165 -3.224 -3.701 -3.493 -2.725 4.558 1.662 -2.693 1.257 0.204 -3.519 -3.091 -1.089 -2.199 -1.299 2.846
344 L -1.613 -2.254 -3.331 -3.608 -0.249 -2.739 -3.334 -3.351 -2.17 1.88 3.886 -2.553 1.998 2.029 -3.68 -3.162 -1.653 -1.351 -0.43 0.987
345 I -1.391 -3.115 -3.277 -3.195 -0.165 -3.224 -3.701 -3.493 -2.725 4.558 1.662 -2.693 1.257 0.204 -3.519 -3.091 -1.089 -2.199 -1.299 2.846
346 L -1.527 -2.334 -3.36 -3.556 -0.165 -2.742 -3.38 -3.413 -2.39 2.609 3.776 -2.525 1.991 0.725 -3.602 -3.159 -1.504 -1.747 -1.107 1.468
347 S 2.368 -0.982 -0.074 -0.668 0.275 -0.813 -0.797 0.048 -0.704 -1.519 -1.967 -0.475 -1.093 -1.926 -1.49 2.631 0.593 -2.527 -1.77 -0.747
348 A 3.113 -1.362 -1.075 -1.459 0.491 -1.26 -1.339 -0.105 -1.291 -0.628 -1.245 -0.844 -0.769 -1.77 -1.558 0.526 2.066 -2.367 -1.753 0.155
349 F -2.349 -2.911 -2.875 -3.329 -1.388 -3.878 -3.497 -2.889 -0.843 0.262 0.55 -3.319 0.187 6.537 -4.462 -3.045 -2.385 0.837 2.917 -0.522
350 L -1.393 -1.907 -3.003 -3.34 -0.171 -2.023 -2.966 -3.105 -1.807 1.863 3.547 -2.108 3.835 0.702 -3.493 -2.74 -1.405 -1.545 -0.994 1.053
351 T -0.395 -1.493 -0.675 -1.437 0.042 -1.517 -1.82 -1.749 -1.701 1.858 -0.111 -1.174 0.02 -1.03 -2.06 0.109 3.603 -2.199 -1.61 1.128
352 A 3.952 -1.498 -1.676 -1.702 0.665 -1.334 -1.313 0.359 -1.225 -0.845 -1.336 -0.863 -0.888 -1.863 -1.49 0.44 -0.436 -2.454 -1.77 0.124
353 L -1.094 -1.397 -2.374 -2.828 -0.182 -1.065 -2.367 -2.597 -0.982 1.589 2.121 -1.467 5.683 0.453 -3.256 -2.031 -1.06 -1.32 -0.846 0.975
354 I -1.178 -2.378 -2.918 -3.066 -0.126 -2.272 -3.122 -3.12 -2.034 3.733 1.772 -2.202 3.532 0.244 -3.4 -2.627 -1.022 -1.89 -1.14 2.507
355 E -0.933 -0.136 -0.353 1.504 -2.425 1.332 4.527 -1.964 0.378 -2.778 -2.717 0.662 -1.768 -2.622 -1.896 -0.805 -1.315 -2.402 -1.922 -2.148
356 D -1.791 -1.602 1.185 5.854 -2.387 -0.886 1.036 -1.138 -0.55 -2.74 -3.506 -0.844 -2.712 -2.934 -2.304 -0.966 -1.427 -3.545 -3.058 -2.879
357 Y -1.827 -1.792 -2.14 -3.036 -1.766 -1.798 -2.378 -2.946 2.09 -0.818 -0.924 -1.887 -0.696 3.334 -3.347 -2.451 -2.104 2.294 6.685 -0.994
358 G 0.075 -2.372 -0.454 -1.337 -1.335 -2.21 -2.636 5.823 -1.491 -3.23 -3.475 -1.665 -2.681 -2.693 -2.794 -1.017 -1.934 -2.454 -3.163 -2.879
359 V -0.248 -2.501 -2.944 -3.179 0.326 -2.602 -2.908 -2.97 -2.929 3.015 0.931 -2.402 0.817 -0.413 -3.186 -2.298 -0.466 -2.402 -1.299 4.163
360 S 1.054 -0.755 0.483 -0.263 0.058 -0.584 -0.569 -0.121 -0.474 -1.926 -2.343 -0.299 -1.201 -1.958 -1.49 3.311 0.997 -2.563 -1.77 -1.307
361 L -1.351 -2.782 -3.069 -3.462 6.677 -3.29 -3.574 -2.777 -1.904 0.728 1.992 -2.957 0.709 3.866 -3.722 -2.552 -1.737 -0.865 0.694 0.148
362 G -0.57 -2.599 -1.96 -2.603 6.678 -2.733 -3.249 2.937 -2.198 0.087 1.516 -2.366 0.153 -0.876 -3.191 -1.825 -1.609 -2.384 -2.195 -0.313
363 I -1.391 -3.115 -3.277 -3.195 -0.165 -3.224 -3.701 -3.493 -2.725 4.558 1.662 -2.693 1.257 0.204 -3.519 -3.091 -1.089 -2.199 -1.299 2.846
364 C -0.266 -2.103 -1.307 -1.938 6.684 -2.246 -2.253 -1.479 -1.238 -0.667 -0.713 -1.894 -0.63 3.652 -2.799 0.871 -0.548 -1.067 0.579 -0.725
365 T 0.323 -0.985 0.075 -0.75 0.091 -0.928 -1.091 -0.876 -1.073 -0.699 -1.436 -0.627 -0.748 -1.711 -1.629 1.848 3.545 -2.315 -1.737 -0.209
366 I -1.047 -3.192 -3.174 -3.272 6.708 -3.304 -3.778 -2.985 -2.803 3.609 1.003 -2.831 0.664 -0.37 -3.416 -2.542 -1.167 -2.508 -1.721 2.107
367 L -1.393 -1.907 -3.003 -3.34 -0.171 -2.023 -2.966 -3.105 -1.807 1.863 3.547 -2.108 3.835 0.702 -3.493 -2.74 -1.405 -1.545 -0.994 1.053
368 L -1.555 -2.201 -3.377 -3.634 -0.165 -2.655 -3.32 -3.397 -2.328 1.991 4.061 -2.492 2.118 0.819 -3.619 -3.173 -1.595 -1.665 -1.07 1.092
369 F -2.349 -2.911 -2.875 -3.329 -1.388 -3.878 -3.497 -2.889 -0.843 0.262 0.55 -3.319 0.187 6.537 -4.462 -3.045 -2.385 0.837 2.917 -0.522
370 N -1.713 -0.77 4.793 3.671 -2.026 -0.652 -0.02 -0.457 0.534 -2.731 -3.275 -0.477 -2.344 -2.559 -2.499 -0.384 -0.752 -3.157 -2.373 -2.672
371 Y -1.827 -1.792 -2.14 -3.036 -1.766 -1.798 -2.378 -2.946 2.09 -0.818 -0.924 -1.887 -0.696 3.334 -3.347 -2.451 -2.104 2.294 6.685 -0.994
372 F -2.349 -2.911 -2.875 -3.329 -1.388 -3.878 -3.497 -2.889 -0.843 0.262 0.55 -3.319 0.187 6.537 -4.462 -3.045 -2.385 0.837 2.917 -0.522
373 A 3.033 -1.286 -0.675 -1.112 0.346 -1.12 -1.125 1.369 -0.972 -1.317 -1.777 -0.718 -1.106 -1.955 -1.578 1.677 0.043 -2.49 -1.863 -0.463
374 I -0.87 -2.763 -3.141 -3.222 0.05 -2.901 -3.314 -3.256 -2.772 3.835 1.705 -2.552 1.169 0.024 -3.383 -2.74 -0.848 -2.232 -1.28 3.379
375 P -0.089 -0.87 -0.44 0.164 -1.095 -0.085 2.09 -1.186 -0.459 -2.324 -2.602 -0.15 -1.753 -2.588 3.809 1.176 -0.336 -3.024 -2.089 -1.848
376 E -1.259 3.016 -0.069 2.406 -2.367 0.785 3.085 -1.864 0.143 -2.72 -2.582 1.014 -1.709 -2.625 -2.215 -1.024 -1.384 -2.508 -2.034 -2.267
377 K -0.809 0.663 1.907 0.317 -1.942 1.192 1.852 1.689 0.084 -2.561 -2.663 2.384 -1.628 -2.685 -2.09 -0.74 -1.144 -2.536 -2.019 -2.247
378 P -0.748 1.978 -0.736 -1.207 -1.195 -0.412 -0.803 -1.637 -0.858 -1.647 -2.018 1.931 -1.368 -2.553 3.786 -0.632 1.327 -2.912 -2.033 -1.338
379 R -0.097 2.929 -0.098 -0.36 -1.162 0.032 0.999 1.723 -0.255 -2.481 -2.454 0.693 -1.508 -2.351 -2.127 1.165 -0.428 -2.41 -1.993 -1.947
380 S -0.247 -1.059 -0.499 -0.636 -0.833 -0.61 0.763 0.498 2.384 -0.82 0.205 -0.726 -0.386 0.226 -2.312 0.991 -0.525 -0.799 2.336 -0.979
381 S 1.064 -0.745 0.493 -0.252 0.069 -0.573 -0.559 -0.11 -0.464 -1.915 -2.332 -0.289 -1.19 -1.947 -1.479 3.275 1.007 -2.553 -1.759 -1.296
382 W -0.725 -1.211 -0.907 -0.561 -0.929 -0.63 1.316 -1.72 -0.788 0.343 -1.074 -0.788 -0.722 -0.605 -2.514 0.058 1.392 6.717 -0.172 -0.244
383 R -1.221 3.91 -0.41 0.36 -2.345 0.951 2.975 -2.048 0.238 -2.698 -2.356 1.414 -1.487 -2.55 -2.274 -1.093 -1.387 -2.32 -1.85 -2.159
384 E -0.988 0.572 1.482 1.056 -2.233 1.024 3.503 -1.516 0.318 -2.595 -2.641 2.135 -1.668 -2.636 -1.92 -0.73 -1.137 -2.505 -1.908 -2.16
385 I -1.326 -1.114 -0.04 -1.986 -0.518 -1.779 -2.237 -2.593 -1.648 3.626 1.411 0.459 0.87 -0.224 -3.055 -2.253 -1.071 -2.265 -1.416 2.038
386 G -0.521 0.676 -0.299 -0.544 -1.771 2.151 0.772 3.079 -0.23 -2.545 -2.574 2.368 -1.425 -2.797 -2.162 -0.895 -1.339 -2.419 -2.047 -2.226
387 A 1.547 -1.671 -0.933 1.625 -0.737 -1.304 0.018 0.713 -0.091 -1.111 -1.29 -1.187 -1.042 2.57 -2.392 -0.798 -1.301 -0.452 2.594 -0.881
388 P -0.822 -1.999 -1.919 -1.549 -1.443 -1.919 -1.608 -1.838 -1.593 -2.303 -2.736 -1.05 -2.389 -3.321 6.648 -1.437 -1.334 -4.535 -2.621 -2.147
389 E -0.886 0.512 -0.199 0.745 -2.136 3.589 3.32 -1.69 0.601 -2.476 -2.311 0.977 -0.986 -2.764 -1.999 -0.758 -1.119 -2.27 -1.565 -1.941
390 V -0.219 -2.472 -2.915 -3.15 0.354 -2.573 -2.879 -2.941 -2.9 3.044 0.96 -2.374 0.846 -0.384 -3.157 -2.27 -0.437 -2.373 -1.271 4.086
391 D -1.703 -0.928 4.18 4.359 -2.083 -0.68 0.311 -0.584 0.328 -2.704 -3.302 -0.536 -2.403 -2.62 -2.42 -0.491 -0.878 -3.22 -2.501 -2.694
392 L -1.588 -2.118 -3.12 -3.515 -0.366 -2.482 -3.129 -3.306 -0.954 1.685 3.619 -2.372 1.813 1.431 -3.561 -3.029 -1.663 -0.502 2.346 0.844
393 K -0.826 2.094 -0.268 -0.722 -1.977 0.807 0.313 -1.342 -0.243 -2.123 -2.24 4.49 -1.224 -2.806 -1.687 -0.881 -1.082 -2.549 -1.789 -1.999
394 N -1.487 -0.069 5.096 1.02 -1.859 1.619 -0.16 -0.375 0.93 -2.612 -2.879 0.078 -1.714 -2.482 -2.495 -0.235 -0.549 -2.792 -1.894 -2.388
395 L -1.443 -2.593 -3.298 -3.378 -0.136 -2.896 -3.475 -3.416 -2.491 3.506 3.08 -2.562 1.748 0.556 -3.54 -3.103 -1.302 -1.891 -1.154 2.129
396 L -1.896 -2.505 -3.086 -3.449 -0.683 -3.173 -3.378 -3.103 -1.462 1.283 2.78 -2.847 1.34 4.873 -3.981 -3.079 -1.934 -0.122 1.592 0.425
397 S 0.818 -0.37 0.403 -0.27 -0.181 1.342 -0.129 -0.298 -0.219 -1.967 -2.273 0.024 -1.044 -2.093 -1.581 2.888 0.758 -2.489 -1.675 -1.373
398 R -1.561 4.795 2.529 -0.548 -2.147 0.294 -0.597 -1.491 0.345 -2.633 -2.267 1.594 -1.428 -2.444 -2.671 -1.023 -1.165 -2.397 -1.84 -2.253
399 L -1.359 2.678 -1.842 -2.314 -0.921 -1.2 -1.916 -2.658 -1.267 2.202 1.172 -0.037 0.418 -0.736 1.937 -2.145 -1.328 -2.382 -1.594 0.924
400 R -1.289 3.566 -1.017 -1.377 -1.366 0.083 0.148 -2.217 -0.404 -0.303 0.85 1.867 1.951 -1.076 -2.647 -1.582 -1.339 -2.029 -1.495 -0.66
401 I -0.274 -0.597 2.278 -0.706 -0.803 1.026 -0.936 -1.446 -0.444 2.401 -0.004 0.284 0.061 -1.067 -2.65 -1.167 -0.848 -2.428 -1.557 1.047