#Seq2Logo.py -f /work3/idamei/ssn-clusterings/2206021344/clusters/0003_168/sequences.afa -m 0.0001 -b 0 -o /work3/idamei/ssn-clusterings/2206021344/clusters/0003_168/sequences.logo -p 640x1000 -l 30 -I 1
Last position-specific scoring matrix computed, values are in halfbits
A R N D C Q E G H I L K M F P S T W Y V
0 M -99.999 -99.999 -99.999 -99.999 -99.999 -99.999 -99.999 -99.999 -99.999 -99.999 -99.999 -99.999 8.644 -99.999 -99.999 -99.999 -99.999 -99.999 -99.999 -99.999
1 I -99.999 -99.999 -99.999 -99.999 -99.999 -99.999 -99.999 -99.999 -99.999 5.474 5.474 -99.999 -99.999 -99.999 -99.999 5.474 -99.999 -99.999 -99.999 -99.999
2 R -99.999 5.474 -99.999 5.474 -99.999 -99.999 5.474 -99.999 -99.999 -99.999 -99.999 -99.999 -99.999 -99.999 -99.999 -99.999 -99.999 -99.999 -99.999 -99.999
3 A 5.474 -99.999 -99.999 -99.999 -99.999 -99.999 -99.999 5.474 -99.999 -99.999 5.474 -99.999 -99.999 -99.999 -99.999 -99.999 -99.999 -99.999 -99.999 -99.999
4 N -99.999 -99.999 8.644 -99.999 -99.999 -99.999 -99.999 -99.999 -99.999 -99.999 -99.999 -99.999 -99.999 -99.999 -99.999 -99.999 -99.999 -99.999 -99.999 -99.999
5 Q -99.999 -99.999 -99.999 -99.999 -99.999 8.644 -99.999 -99.999 -99.999 -99.999 -99.999 -99.999 -99.999 -99.999 -99.999 -99.999 -99.999 -99.999 -99.999 -99.999
6 F -99.999 -99.999 -99.999 -99.999 -99.999 -99.999 -99.999 -99.999 -99.999 -99.999 -99.999 -99.999 -99.999 8.644 -99.999 -99.999 -99.999 -99.999 -99.999 -99.999
7 F -99.999 -99.999 -99.999 -99.999 -99.999 -99.999 -99.999 -99.999 -99.999 -99.999 -99.999 -99.999 -99.999 8.644 -99.999 -99.999 -99.999 -99.999 -99.999 -99.999
8 S -99.999 -99.999 -99.999 -99.999 -99.999 -99.999 -99.999 -99.999 -99.999 -99.999 -99.999 -99.999 -99.999 -99.999 -99.999 8.644 -99.999 -99.999 -99.999 -99.999
9 S -99.999 -99.999 -99.999 -99.999 -99.999 -99.999 -99.999 -99.999 -99.999 -99.999 -99.999 -99.999 -99.999 -99.999 -99.999 8.644 -99.999 -99.999 -99.999 -99.999
10 G -99.999 -99.999 -99.999 -99.999 -99.999 -99.999 -99.999 8.644 -99.999 -99.999 -99.999 -99.999 -99.999 -99.999 -99.999 -99.999 -99.999 -99.999 -99.999 -99.999
11 S -99.999 -99.999 -99.999 -99.999 -99.999 -99.999 -99.999 -99.999 -99.999 -99.999 -99.999 -99.999 -99.999 -99.999 -99.999 8.644 -99.999 -99.999 -99.999 -99.999
12 D -99.999 -99.999 -99.999 8.644 -99.999 -99.999 -99.999 -99.999 -99.999 -99.999 -99.999 -99.999 -99.999 -99.999 -99.999 -99.999 -99.999 -99.999 -99.999 -99.999
13 V -99.999 -99.999 -99.999 -99.999 -99.999 -99.999 -99.999 -99.999 -99.999 -99.999 -99.999 -99.999 -99.999 -99.999 -99.999 -99.999 -99.999 -99.999 -99.999 8.644
14 Q -99.999 -99.999 -99.999 -99.999 -99.999 8.644 -99.999 -99.999 -99.999 -99.999 -99.999 -99.999 -99.999 -99.999 -99.999 -99.999 -99.999 -99.999 -99.999 -99.999
15 A 8.644 -99.999 -99.999 -99.999 -99.999 -99.999 -99.999 -99.999 -99.999 -99.999 -99.999 -99.999 -99.999 -99.999 -99.999 -99.999 -99.999 -99.999 -99.999 -99.999
16 R -99.999 8.644 -99.999 -99.999 -99.999 -99.999 -99.999 -99.999 -99.999 -99.999 -99.999 -99.999 -99.999 -99.999 -99.999 -99.999 -99.999 -99.999 -99.999 -99.999
17 Y -99.999 -99.999 -99.999 -99.999 -99.999 -99.999 -99.999 -99.999 -99.999 -99.999 -99.999 -99.999 -99.999 -99.999 -99.999 -99.999 -99.999 -99.999 8.644 -99.999
18 V -99.999 -99.999 -99.999 -99.999 -99.999 -99.999 -99.999 -99.999 -99.999 -99.999 -99.999 -99.999 -99.999 -99.999 -99.999 5.474 -99.999 -99.999 -99.999 7.474
19 M -99.999 -99.999 -99.999 -99.999 -99.999 -99.999 -99.999 -99.999 -99.999 -99.999 -99.999 -99.999 5.474 -99.999 -99.999 5.474 -99.999 -99.999 -99.999 5.474
20 E -99.999 -99.999 -99.999 -99.999 -99.999 -99.999 7.474 5.474 -99.999 -99.999 -99.999 -99.999 -99.999 -99.999 -99.999 -99.999 -99.999 -99.999 -99.999 -99.999
21 N -99.999 -99.999 5.474 -99.999 -99.999 5.474 -99.999 -99.999 5.474 -99.999 -99.999 -99.999 -99.999 -99.999 -99.999 -99.999 -99.999 -99.999 -99.999 -99.999
22 A 5.474 -99.999 5.474 -99.999 -99.999 -99.999 -99.999 -99.999 -99.999 -99.999 5.474 -99.999 -99.999 -99.999 -99.999 -99.999 -99.999 -99.999 -99.999 -99.999
23 S -99.999 -99.999 -99.999 5.474 -99.999 -99.999 -99.999 -99.999 -99.999 -99.999 -99.999 -99.999 -99.999 -99.999 -99.999 7.474 -99.999 -99.999 -99.999 -99.999
24 R -99.999 5.474 5.474 -99.999 -99.999 -99.999 5.474 -99.999 -99.999 -99.999 -99.999 -99.999 -99.999 -99.999 -99.999 -99.999 -99.999 -99.999 -99.999 -99.999
25 N -99.999 -99.999 5.474 -99.999 -99.999 -99.999 -99.999 5.474 -99.999 -99.999 -99.999 -99.999 -99.999 -99.999 -99.999 5.474 -99.999 -99.999 -99.999 -99.999
26 N -99.999 -99.999 5.474 -99.999 -99.999 -99.999 5.474 -99.999 -99.999 -99.999 -99.999 -99.999 -99.999 -99.999 -99.999 5.474 -99.999 -99.999 -99.999 -99.999
27 R -99.999 5.474 -99.999 -99.999 -99.999 -99.999 -99.999 -99.999 -99.999 -99.999 5.474 5.474 -99.999 -99.999 -99.999 -99.999 -99.999 -99.999 -99.999 -99.999
28 R -99.999 7.474 -99.999 -99.999 -99.999 5.474 -99.999 -99.999 -99.999 -99.999 -99.999 -99.999 -99.999 -99.999 -99.999 -99.999 -99.999 -99.999 -99.999 -99.999
29 R -99.999 5.474 -99.999 -99.999 -99.999 -99.999 5.474 -99.999 5.474 -99.999 -99.999 -99.999 -99.999 -99.999 -99.999 -99.999 -99.999 -99.999 -99.999 -99.999
30 I -99.999 -99.999 -99.999 -99.999 -99.999 -99.999 -99.999 -99.999 -99.999 5.474 5.474 -99.999 -99.999 5.474 -99.999 -99.999 -99.999 -99.999 -99.999 -99.999
31 F -99.999 -99.999 -99.999 -99.999 -99.999 -99.999 -99.999 -99.999 -99.999 -99.999 -99.999 -99.999 -99.999 7.474 -99.999 5.474 -99.999 -99.999 -99.999 -99.999
32 E -99.999 -99.999 -99.999 -99.999 -99.999 -99.999 8.644 -99.999 -99.999 -99.999 -99.999 -99.999 -99.999 -99.999 -99.999 -99.999 -99.999 -99.999 -99.999 -99.999
33 N -99.999 -99.999 5.474 -99.999 -99.999 -99.999 -99.999 -99.999 -99.999 -99.999 5.474 -99.999 -99.999 5.474 -99.999 -99.999 -99.999 -99.999 -99.999 -99.999
34 F -99.999 -99.999 -99.999 -99.999 -99.999 -99.999 -99.999 -99.999 -99.999 -99.999 -99.999 -99.999 -99.999 5.474 -99.999 5.474 -99.999 -99.999 -99.999 5.474
35 L -99.999 -99.999 -99.999 -99.999 -99.999 -99.999 -99.999 -99.999 -99.999 5.474 7.474 -99.999 -99.999 -99.999 -99.999 -99.999 -99.999 -99.999 -99.999 -99.999
36 L -99.999 -99.999 -99.999 -99.999 -99.999 -99.999 -99.999 -99.999 -99.999 5.474 7.474 -99.999 -99.999 -99.999 -99.999 -99.999 -99.999 -99.999 -99.999 -99.999
37 I -99.999 -99.999 -99.999 -99.999 -99.999 -99.999 -99.999 -99.999 -99.999 5.474 5.474 -99.999 -99.999 5.474 -99.999 -99.999 -99.999 -99.999 -99.999 -99.999
38 L 5.474 -99.999 -99.999 -99.999 -99.999 -99.999 -99.999 -99.999 -99.999 -99.999 7.474 -99.999 -99.999 -99.999 -99.999 -99.999 -99.999 -99.999 -99.999 -99.999
39 L -99.999 -99.999 -99.999 -99.999 -99.999 -99.999 -99.999 -99.999 -99.999 -99.999 5.474 -99.999 -99.999 5.474 -99.999 -99.999 -99.999 -99.999 -99.999 5.474
40 G -99.999 -99.999 -99.999 -99.999 -99.999 -99.999 -99.999 7.474 -99.999 -99.999 -99.999 -99.999 -99.999 -99.999 -99.999 5.474 -99.999 -99.999 -99.999 -99.999
41 G -99.999 -99.999 -99.999 -99.999 -99.999 -99.999 -99.999 5.474 -99.999 5.474 -99.999 -99.999 -99.999 -99.999 -99.999 -99.999 -99.999 -99.999 -99.999 5.474
42 Y -99.999 -99.999 -99.999 -99.999 -99.999 -99.999 -99.999 -99.999 -99.999 -99.999 -99.999 -99.999 -99.999 5.474 -99.999 -99.999 -99.999 -99.999 7.474 -99.999
43 L -99.999 -99.999 -99.999 -99.999 -99.999 -99.999 -99.999 -99.999 -99.999 -99.999 8.644 -99.999 -99.999 -99.999 -99.999 -99.999 -99.999 -99.999 -99.999 -99.999
44 L -99.999 -99.999 -99.999 -99.999 -99.999 -99.999 -99.999 -99.999 -99.999 -99.999 7.474 -99.999 -99.999 5.474 -99.999 -99.999 -99.999 -99.999 -99.999 -99.999
45 V -99.999 -99.999 -99.999 -99.999 -99.999 -99.999 -99.999 -99.999 -99.999 5.474 -99.999 -99.999 -99.999 -99.999 -99.999 -99.999 -99.999 -99.999 -99.999 7.474
46 D -99.999 -99.999 -99.999 8.644 -99.999 -99.999 -99.999 -99.999 -99.999 -99.999 -99.999 -99.999 -99.999 -99.999 -99.999 -99.999 -99.999 -99.999 -99.999 -99.999
47 S -99.999 -99.999 -99.999 -99.999 -99.999 -99.999 -99.999 -99.999 -99.999 -99.999 -99.999 -99.999 -99.999 -99.999 -99.999 7.474 5.474 -99.999 -99.999 -99.999
48 I -99.999 -99.999 -99.999 -99.999 -99.999 -99.999 -99.999 -99.999 -99.999 5.474 5.474 -99.999 -99.999 -99.999 -99.999 -99.999 -99.999 -99.999 -99.999 5.474
49 N -99.999 -99.999 8.644 -99.999 -99.999 -99.999 -99.999 -99.999 -99.999 -99.999 -99.999 -99.999 -99.999 -99.999 -99.999 -99.999 -99.999 -99.999 -99.999 -99.999
50 G -99.999 -99.999 -99.999 -99.999 -99.999 -99.999 -99.999 8.644 -99.999 -99.999 -99.999 -99.999 -99.999 -99.999 -99.999 -99.999 -99.999 -99.999 -99.999 -99.999
51 L -99.999 -99.999 -99.999 -99.999 -99.999 -99.999 -99.999 -99.999 -99.999 -99.999 7.474 -99.999 5.474 -99.999 -99.999 -99.999 -99.999 -99.999 -99.999 -99.999
52 L -99.999 -99.999 -99.999 -99.999 -99.999 -99.999 -99.999 -99.999 -99.999 -99.999 7.474 -99.999 -99.999 5.474 -99.999 -99.999 -99.999 -99.999 -99.999 -99.999
53 V -99.999 -99.999 -99.999 -99.999 -99.999 -99.999 -99.999 -99.999 -99.999 -99.999 -99.999 -99.999 5.474 -99.999 -99.999 -99.999 -99.999 -99.999 -99.999 7.474
54 L -99.999 -99.999 -99.999 -99.999 -99.999 -99.999 -99.999 -99.999 -99.999 -99.999 5.474 5.474 -99.999 -99.999 -99.999 -99.999 5.474 -99.999 -99.999 -99.999
55 K -99.999 -99.999 -99.999 -99.999 -99.999 -99.999 -99.999 -99.999 -99.999 -99.999 -99.999 7.474 -99.999 -99.999 -99.999 -99.999 5.474 -99.999 -99.999 -99.999
56 L -99.999 -99.999 -99.999 -99.999 -99.999 -99.999 -99.999 -99.999 -99.999 -99.999 5.474 -99.999 5.474 5.474 -99.999 -99.999 -99.999 -99.999 -99.999 -99.999
57 G 5.474 -99.999 -99.999 -99.999 -99.999 -99.999 -99.999 7.474 -99.999 -99.999 -99.999 -99.999 -99.999 -99.999 -99.999 -99.999 -99.999 -99.999 -99.999 -99.999
58 L -99.999 -99.999 -99.999 -99.999 -99.999 -99.999 -99.999 -99.999 -99.999 -99.999 7.474 -99.999 5.474 -99.999 -99.999 -99.999 -99.999 -99.999 -99.999 -99.999
59 P -99.999 -99.999 -99.999 -99.999 -99.999 -99.999 -99.999 -99.999 -99.999 -99.999 -99.999 -99.999 -99.999 -99.999 8.644 -99.999 -99.999 -99.999 -99.999 -99.999
60 S -99.999 -99.999 5.474 -99.999 -99.999 -99.999 -99.999 -99.999 -99.999 -99.999 -99.999 -99.999 -99.999 -99.999 -99.999 7.474 -99.999 -99.999 -99.999 -99.999
61 V -99.999 -99.999 -99.999 -99.999 -99.999 -99.999 -99.999 -99.999 -99.999 -99.999 5.474 -99.999 -99.999 -99.999 -99.999 -99.999 -99.999 -99.999 -99.999 7.474
62 L -99.999 -99.999 -99.999 -99.999 -99.999 -99.999 -99.999 -99.999 -99.999 -99.999 7.474 -99.999 -99.999 5.474 -99.999 -99.999 -99.999 -99.999 -99.999 -99.999
63 S -99.999 -99.999 -99.999 -99.999 -99.999 -99.999 -99.999 -99.999 -99.999 -99.999 -99.999 -99.999 -99.999 -99.999 -99.999 8.644 -99.999 -99.999 -99.999 -99.999
64 V 5.474 -99.999 -99.999 -99.999 -99.999 -99.999 -99.999 -99.999 -99.999 -99.999 -99.999 -99.999 -99.999 -99.999 -99.999 -99.999 -99.999 -99.999 -99.999 7.474
65 A 5.474 -99.999 -99.999 -99.999 -99.999 -99.999 -99.999 5.474 -99.999 -99.999 -99.999 -99.999 -99.999 -99.999 -99.999 -99.999 -99.999 -99.999 -99.999 5.474
66 Y -99.999 -99.999 -99.999 -99.999 -99.999 -99.999 -99.999 -99.999 -99.999 -99.999 -99.999 -99.999 -99.999 5.474 -99.999 -99.999 -99.999 -99.999 7.474 -99.999
67 K -99.999 -99.999 -99.999 -99.999 -99.999 -99.999 -99.999 -99.999 -99.999 -99.999 -99.999 8.644 -99.999 -99.999 -99.999 -99.999 -99.999 -99.999 -99.999 -99.999
68 Q -99.999 -99.999 -99.999 -99.999 -99.999 8.644 -99.999 -99.999 -99.999 -99.999 -99.999 -99.999 -99.999 -99.999 -99.999 -99.999 -99.999 -99.999 -99.999 -99.999
69 G -99.999 -99.999 -99.999 -99.999 -99.999 -99.999 -99.999 5.474 -99.999 -99.999 5.474 -99.999 -99.999 5.474 -99.999 -99.999 -99.999 -99.999 -99.999 -99.999
70 L -99.999 -99.999 -99.999 -99.999 -99.999 -99.999 -99.999 -99.999 -99.999 -99.999 5.474 -99.999 5.474 -99.999 -99.999 -99.999 -99.999 -99.999 -99.999 5.474
71 L -99.999 -99.999 -99.999 -99.999 -99.999 -99.999 -99.999 -99.999 -99.999 -99.999 7.474 -99.999 -99.999 5.474 -99.999 -99.999 -99.999 -99.999 -99.999 -99.999
72 G -99.999 -99.999 -99.999 -99.999 -99.999 -99.999 -99.999 5.474 -99.999 -99.999 5.474 -99.999 -99.999 -99.999 -99.999 -99.999 -99.999 -99.999 -99.999 5.474
73 L -99.999 -99.999 -99.999 -99.999 -99.999 -99.999 -99.999 -99.999 -99.999 -99.999 7.474 -99.999 5.474 -99.999 -99.999 -99.999 -99.999 -99.999 -99.999 -99.999
74 L -99.999 -99.999 -99.999 -99.999 -99.999 -99.999 -99.999 -99.999 -99.999 -99.999 7.474 -99.999 5.474 -99.999 -99.999 -99.999 -99.999 -99.999 -99.999 -99.999
75 L -99.999 -99.999 -99.999 -99.999 -99.999 -99.999 -99.999 -99.999 -99.999 5.474 7.474 -99.999 -99.999 -99.999 -99.999 -99.999 -99.999 -99.999 -99.999 -99.999
76 L -99.999 -99.999 -99.999 -99.999 -99.999 -99.999 -99.999 -99.999 -99.999 -99.999 7.474 -99.999 -99.999 5.474 -99.999 -99.999 -99.999 -99.999 -99.999 -99.999
77 Y -99.999 -99.999 -99.999 -99.999 -99.999 -99.999 -99.999 -99.999 -99.999 -99.999 -99.999 -99.999 -99.999 5.474 -99.999 -99.999 -99.999 -99.999 7.474 -99.999
78 A 7.474 -99.999 -99.999 -99.999 -99.999 -99.999 -99.999 -99.999 -99.999 -99.999 -99.999 -99.999 -99.999 -99.999 -99.999 5.474 -99.999 -99.999 -99.999 -99.999
79 L -99.999 -99.999 -99.999 -99.999 -99.999 -99.999 -99.999 -99.999 -99.999 -99.999 5.474 -99.999 -99.999 5.474 -99.999 -99.999 -99.999 -99.999 5.474 -99.999
80 Q -99.999 -99.999 -99.999 -99.999 -99.999 7.474 -99.999 -99.999 -99.999 -99.999 -99.999 -99.999 -99.999 -99.999 -99.999 -99.999 -99.999 -99.999 -99.999 5.474
81 Y -99.999 -99.999 -99.999 -99.999 -99.999 -99.999 -99.999 -99.999 -99.999 -99.999 -99.999 -99.999 -99.999 5.474 -99.999 -99.999 -99.999 -99.999 7.474 -99.999
82 A 5.474 -99.999 -99.999 -99.999 -99.999 -99.999 5.474 -99.999 -99.999 -99.999 -99.999 -99.999 -99.999 -99.999 -99.999 5.474 -99.999 -99.999 -99.999 -99.999
83 R -99.999 7.474 -99.999 -99.999 -99.999 -99.999 -99.999 -99.999 -99.999 -99.999 -99.999 -99.999 -99.999 -99.999 5.474 -99.999 -99.999 -99.999 -99.999 -99.999
84 K -99.999 5.474 -99.999 -99.999 -99.999 -99.999 -99.999 -99.999 -99.999 -99.999 -99.999 7.474 -99.999 -99.999 -99.999 -99.999 -99.999 -99.999 -99.999 -99.999
85 A 5.474 5.474 -99.999 -99.999 -99.999 -99.999 -99.999 -99.999 -99.999 -99.999 -99.999 -99.999 -99.999 -99.999 -99.999 5.474 -99.999 -99.999 -99.999 -99.999
86 F 5.474 -99.999 -99.999 -99.999 -99.999 -99.999 -99.999 -99.999 -99.999 -99.999 -99.999 -99.999 -99.999 7.474 -99.999 -99.999 -99.999 -99.999 -99.999 -99.999
87 I -99.999 -99.999 -99.999 -99.999 -99.999 -99.999 -99.999 -99.999 -99.999 5.474 5.474 -99.999 -99.999 5.474 -99.999 -99.999 -99.999 -99.999 -99.999 -99.999
88 M -99.999 -99.999 -99.999 -99.999 -99.999 -99.999 -99.999 -99.999 -99.999 -99.999 -99.999 -99.999 5.474 -99.999 -99.999 -99.999 5.474 5.474 -99.999 -99.999
89 C -99.999 -99.999 -99.999 -99.999 5.474 -99.999 -99.999 -99.999 -99.999 5.474 -99.999 -99.999 -99.999 -99.999 -99.999 5.474 -99.999 -99.999 -99.999 -99.999
90 C -99.999 -99.999 -99.999 -99.999 5.474 -99.999 -99.999 5.474 -99.999 -99.999 5.474 -99.999 -99.999 -99.999 -99.999 -99.999 -99.999 -99.999 -99.999 -99.999
91 I -99.999 -99.999 -99.999 -99.999 -99.999 -99.999 -99.999 -99.999 -99.999 5.474 5.474 -99.999 -99.999 -99.999 -99.999 -99.999 -99.999 -99.999 -99.999 5.474
92 C -99.999 -99.999 -99.999 -99.999 5.474 -99.999 -99.999 -99.999 -99.999 -99.999 5.474 -99.999 -99.999 -99.999 -99.999 -99.999 -99.999 -99.999 -99.999 5.474
93 L -99.999 -99.999 -99.999 -99.999 -99.999 -99.999 -99.999 -99.999 -99.999 -99.999 7.474 -99.999 -99.999 -99.999 -99.999 -99.999 5.474 -99.999 -99.999 -99.999
94 A 5.474 -99.999 -99.999 -99.999 -99.999 -99.999 -99.999 -99.999 -99.999 -99.999 5.474 -99.999 5.474 -99.999 -99.999 -99.999 -99.999 -99.999 -99.999 -99.999
95 L -99.999 -99.999 -99.999 -99.999 -99.999 -99.999 -99.999 -99.999 -99.999 -99.999 5.474 -99.999 -99.999 -99.999 -99.999 -99.999 5.474 -99.999 -99.999 5.474
96 A 5.474 -99.999 -99.999 -99.999 -99.999 -99.999 -99.999 -99.999 -99.999 5.474 -99.999 -99.999 -99.999 -99.999 -99.999 -99.999 -99.999 -99.999 -99.999 5.474
97 F -99.999 -99.999 -99.999 -99.999 -99.999 -99.999 -99.999 -99.999 -99.999 -99.999 5.474 -99.999 -99.999 7.474 -99.999 -99.999 -99.999 -99.999 -99.999 -99.999
98 C -99.999 -99.999 -99.999 -99.999 5.474 -99.999 -99.999 -99.999 -99.999 -99.999 -99.999 -99.999 -99.999 -99.999 -99.999 -99.999 5.474 -99.999 -99.999 5.474
99 W -99.999 -99.999 -99.999 -99.999 -99.999 -99.999 -99.999 -99.999 -99.999 -99.999 -99.999 -99.999 -99.999 -99.999 -99.999 -99.999 -99.999 8.644 -99.999 -99.999
100 A 7.474 -99.999 -99.999 -99.999 -99.999 -99.999 -99.999 -99.999 -99.999 -99.999 -99.999 -99.999 -99.999 5.474 -99.999 -99.999 -99.999 -99.999 -99.999 -99.999
101 L -99.999 -99.999 -99.999 -99.999 -99.999 -99.999 -99.999 -99.999 -99.999 5.474 7.474 -99.999 -99.999 -99.999 -99.999 -99.999 -99.999 -99.999 -99.999 -99.999
102 L -99.999 -99.999 -99.999 -99.999 -99.999 -99.999 -99.999 -99.999 -99.999 -99.999 7.474 -99.999 -99.999 5.474 -99.999 -99.999 -99.999 -99.999 -99.999 -99.999
103 R -99.999 8.644 -99.999 -99.999 -99.999 -99.999 -99.999 -99.999 -99.999 -99.999 -99.999 -99.999 -99.999 -99.999 -99.999 -99.999 -99.999 -99.999 -99.999 -99.999
104 F -99.999 -99.999 -99.999 -99.999 -99.999 -99.999 -99.999 -99.999 -99.999 -99.999 -99.999 -99.999 -99.999 8.644 -99.999 -99.999 -99.999 -99.999 -99.999 -99.999
105 F -99.999 -99.999 -99.999 -99.999 -99.999 -99.999 -99.999 -99.999 -99.999 -99.999 -99.999 -99.999 -99.999 5.474 -99.999 -99.999 5.474 -99.999 -99.999 5.474
106 L -99.999 -99.999 -99.999 -99.999 -99.999 -99.999 -99.999 -99.999 -99.999 -99.999 8.644 -99.999 -99.999 -99.999 -99.999 -99.999 -99.999 -99.999 -99.999 -99.999
107 V -99.999 -99.999 -99.999 -99.999 -99.999 -99.999 -99.999 -99.999 -99.999 -99.999 5.474 -99.999 -99.999 -99.999 -99.999 -99.999 -99.999 -99.999 -99.999 7.474
108 D -99.999 -99.999 -99.999 8.644 -99.999 -99.999 -99.999 -99.999 -99.999 -99.999 -99.999 -99.999 -99.999 -99.999 -99.999 -99.999 -99.999 -99.999 -99.999 -99.999
109 N -99.999 -99.999 5.474 -99.999 -99.999 -99.999 -99.999 5.474 -99.999 -99.999 -99.999 -99.999 -99.999 -99.999 -99.999 5.474 -99.999 -99.999 -99.999 -99.999
110 V -99.999 -99.999 -99.999 -99.999 -99.999 -99.999 -99.999 -99.999 -99.999 -99.999 5.474 -99.999 -99.999 -99.999 -99.999 -99.999 -99.999 -99.999 -99.999 7.474
111 A 5.474 -99.999 -99.999 -99.999 -99.999 -99.999 -99.999 -99.999 5.474 -99.999 -99.999 -99.999 -99.999 -99.999 -99.999 -99.999 -99.999 5.474 -99.999 -99.999
112 F 5.474 -99.999 -99.999 -99.999 -99.999 -99.999 -99.999 -99.999 -99.999 -99.999 -99.999 -99.999 -99.999 7.474 -99.999 -99.999 -99.999 -99.999 -99.999 -99.999
113 F -99.999 -99.999 -99.999 -99.999 -99.999 -99.999 -99.999 -99.999 -99.999 -99.999 5.474 -99.999 -99.999 7.474 -99.999 -99.999 -99.999 -99.999 -99.999 -99.999
114 E -99.999 -99.999 -99.999 -99.999 -99.999 -99.999 5.474 -99.999 -99.999 -99.999 5.474 -99.999 -99.999 5.474 -99.999 -99.999 -99.999 -99.999 -99.999 -99.999
115 A 5.474 -99.999 -99.999 -99.999 -99.999 -99.999 -99.999 -99.999 -99.999 -99.999 -99.999 -99.999 -99.999 -99.999 5.474 5.474 -99.999 -99.999 -99.999 -99.999
116 L -99.999 -99.999 -99.999 -99.999 -99.999 -99.999 -99.999 -99.999 -99.999 -99.999 7.474 -99.999 -99.999 5.474 -99.999 -99.999 -99.999 -99.999 -99.999 -99.999
117 Q -99.999 -99.999 -99.999 -99.999 -99.999 8.644 -99.999 -99.999 -99.999 -99.999 -99.999 -99.999 -99.999 -99.999 -99.999 -99.999 -99.999 -99.999 -99.999 -99.999
118 E -99.999 -99.999 -99.999 -99.999 -99.999 -99.999 8.644 -99.999 -99.999 -99.999 -99.999 -99.999 -99.999 -99.999 -99.999 -99.999 -99.999 -99.999 -99.999 -99.999
119 A 8.644 -99.999 -99.999 -99.999 -99.999 -99.999 -99.999 -99.999 -99.999 -99.999 -99.999 -99.999 -99.999 -99.999 -99.999 -99.999 -99.999 -99.999 -99.999 -99.999
120 I -99.999 -99.999 -99.999 -99.999 -99.999 -99.999 -99.999 -99.999 -99.999 7.474 -99.999 -99.999 -99.999 5.474 -99.999 -99.999 -99.999 -99.999 -99.999 -99.999
121 K -99.999 -99.999 -99.999 -99.999 -99.999 -99.999 -99.999 -99.999 -99.999 -99.999 -99.999 8.644 -99.999 -99.999 -99.999 -99.999 -99.999 -99.999 -99.999 -99.999
122 A 7.474 -99.999 -99.999 -99.999 -99.999 -99.999 -99.999 -99.999 -99.999 -99.999 -99.999 -99.999 -99.999 -99.999 -99.999 -99.999 -99.999 -99.999 -99.999 5.474
123 A 5.474 -99.999 -99.999 -99.999 -99.999 -99.999 -99.999 -99.999 -99.999 5.474 5.474 -99.999 -99.999 -99.999 -99.999 -99.999 -99.999 -99.999 -99.999 -99.999
124 Y -99.999 -99.999 -99.999 -99.999 -99.999 -99.999 -99.999 -99.999 -99.999 -99.999 -99.999 -99.999 -99.999 -99.999 -99.999 -99.999 -99.999 -99.999 8.644 -99.999
125 F -99.999 -99.999 -99.999 -99.999 -99.999 -99.999 -99.999 -99.999 -99.999 -99.999 5.474 -99.999 -99.999 7.474 -99.999 -99.999 -99.999 -99.999 -99.999 -99.999
126 F -99.999 -99.999 -99.999 -99.999 -99.999 -99.999 -99.999 -99.999 -99.999 -99.999 -99.999 -99.999 -99.999 8.644 -99.999 -99.999 -99.999 -99.999 -99.999 -99.999
127 I -99.999 -99.999 -99.999 -99.999 -99.999 -99.999 -99.999 -99.999 -99.999 5.474 -99.999 -99.999 -99.999 5.474 -99.999 -99.999 -99.999 -99.999 -99.999 5.474
128 V -99.999 -99.999 -99.999 -99.999 -99.999 -99.999 -99.999 -99.999 -99.999 -99.999 -99.999 -99.999 5.474 -99.999 -99.999 -99.999 -99.999 -99.999 -99.999 7.474
129 V -99.999 -99.999 -99.999 -99.999 -99.999 -99.999 -99.999 -99.999 -99.999 -99.999 5.474 -99.999 -99.999 -99.999 -99.999 -99.999 -99.999 -99.999 -99.999 7.474
130 A 5.474 -99.999 -99.999 -99.999 -99.999 -99.999 -99.999 -99.999 -99.999 -99.999 5.474 -99.999 -99.999 5.474 -99.999 -99.999 -99.999 -99.999 -99.999 -99.999
131 V 5.474 -99.999 -99.999 -99.999 -99.999 -99.999 -99.999 -99.999 -99.999 -99.999 -99.999 -99.999 -99.999 -99.999 -99.999 -99.999 -99.999 -99.999 -99.999 7.474
132 I -99.999 -99.999 -99.999 -99.999 -99.999 -99.999 -99.999 -99.999 -99.999 5.474 5.474 -99.999 -99.999 -99.999 -99.999 -99.999 -99.999 -99.999 -99.999 5.474
133 S -99.999 -99.999 -99.999 -99.999 -99.999 -99.999 -99.999 -99.999 -99.999 -99.999 -99.999 -99.999 -99.999 -99.999 -99.999 8.644 -99.999 -99.999 -99.999 -99.999
134 R -99.999 5.474 -99.999 5.474 -99.999 -99.999 -99.999 -99.999 -99.999 -99.999 -99.999 -99.999 -99.999 -99.999 -99.999 5.474 -99.999 -99.999 -99.999 -99.999
135 F -99.999 -99.999 -99.999 -99.999 -99.999 -99.999 -99.999 -99.999 -99.999 -99.999 -99.999 -99.999 -99.999 8.644 -99.999 -99.999 -99.999 -99.999 -99.999 -99.999
136 R -99.999 5.474 5.474 -99.999 -99.999 -99.999 -99.999 -99.999 -99.999 -99.999 -99.999 5.474 -99.999 -99.999 -99.999 -99.999 -99.999 -99.999 -99.999 -99.999
137 H -99.999 -99.999 -99.999 -99.999 -99.999 -99.999 -99.999 -99.999 5.474 -99.999 -99.999 -99.999 -99.999 5.474 -99.999 5.474 -99.999 -99.999 -99.999 -99.999
138 L -99.999 -99.999 -99.999 -99.999 -99.999 -99.999 -99.999 -99.999 -99.999 -99.999 7.474 -99.999 -99.999 -99.999 -99.999 -99.999 -99.999 -99.999 -99.999 5.474
139 N -99.999 -99.999 5.474 -99.999 -99.999 5.474 -99.999 -99.999 -99.999 -99.999 -99.999 -99.999 -99.999 -99.999 -99.999 5.474 -99.999 -99.999 -99.999 -99.999
140 L -99.999 -99.999 -99.999 -99.999 -99.999 -99.999 5.474 -99.999 -99.999 -99.999 7.474 -99.999 -99.999 -99.999 -99.999 -99.999 -99.999 -99.999 -99.999 -99.999
141 N -99.999 -99.999 5.474 -99.999 -99.999 -99.999 -99.999 -99.999 -99.999 -99.999 -99.999 5.474 -99.999 5.474 -99.999 -99.999 -99.999 -99.999 -99.999 -99.999
142 H -99.999 -99.999 -99.999 -99.999 -99.999 -99.999 -99.999 -99.999 7.474 -99.999 -99.999 5.474 -99.999 -99.999 -99.999 -99.999 -99.999 -99.999 -99.999 -99.999
143 L -99.999 -99.999 -99.999 -99.999 -99.999 -99.999 -99.999 -99.999 -99.999 -99.999 7.474 -99.999 -99.999 -99.999 -99.999 -99.999 -99.999 -99.999 -99.999 5.474
144 R -99.999 5.474 5.474 -99.999 -99.999 -99.999 -99.999 -99.999 -99.999 -99.999 -99.999 5.474 -99.999 -99.999 -99.999 -99.999 -99.999 -99.999 -99.999 -99.999
145 L -99.999 -99.999 5.474 -99.999 -99.999 -99.999 -99.999 -99.999 -99.999 -99.999 7.474 -99.999 -99.999 -99.999 -99.999 -99.999 -99.999 -99.999 -99.999 -99.999
146 I -99.999 -99.999 -99.999 -99.999 -99.999 -99.999 -99.999 -99.999 -99.999 7.474 -99.999 -99.999 -99.999 -99.999 -99.999 -99.999 -99.999 -99.999 -99.999 5.474
147 L -99.999 -99.999 -99.999 -99.999 -99.999 -99.999 -99.999 -99.999 -99.999 -99.999 8.644 -99.999 -99.999 -99.999 -99.999 -99.999 -99.999 -99.999 -99.999 -99.999
148 V -99.999 -99.999 -99.999 -99.999 -99.999 -99.999 -99.999 -99.999 -99.999 -99.999 -99.999 -99.999 -99.999 -99.999 -99.999 -99.999 -99.999 -99.999 5.474 7.474
149 A 5.474 -99.999 -99.999 -99.999 5.474 -99.999 -99.999 -99.999 -99.999 -99.999 -99.999 -99.999 -99.999 5.474 -99.999 -99.999 -99.999 -99.999 -99.999 -99.999
150 F -99.999 -99.999 -99.999 -99.999 -99.999 -99.999 -99.999 -99.999 -99.999 -99.999 -99.999 -99.999 -99.999 5.474 -99.999 5.474 -99.999 -99.999 5.474 -99.999
151 I -99.999 -99.999 -99.999 -99.999 -99.999 -99.999 -99.999 -99.999 -99.999 7.474 5.474 -99.999 -99.999 -99.999 -99.999 -99.999 -99.999 -99.999 -99.999 -99.999
152 A 5.474 -99.999 -99.999 -99.999 -99.999 -99.999 -99.999 5.474 -99.999 -99.999 5.474 -99.999 -99.999 -99.999 -99.999 -99.999 -99.999 -99.999 -99.999 -99.999
153 I -99.999 -99.999 -99.999 -99.999 -99.999 -99.999 -99.999 -99.999 -99.999 5.474 -99.999 -99.999 -99.999 -99.999 -99.999 -99.999 5.474 -99.999 -99.999 5.474
154 L -99.999 -99.999 -99.999 -99.999 -99.999 -99.999 -99.999 -99.999 -99.999 5.474 7.474 -99.999 -99.999 -99.999 -99.999 -99.999 -99.999 -99.999 -99.999 -99.999
155 L -99.999 -99.999 -99.999 -99.999 -99.999 -99.999 -99.999 -99.999 -99.999 -99.999 7.474 -99.999 -99.999 -99.999 -99.999 -99.999 -99.999 -99.999 -99.999 5.474
156 L -99.999 -99.999 -99.999 -99.999 -99.999 -99.999 -99.999 -99.999 -99.999 -99.999 8.644 -99.999 -99.999 -99.999 -99.999 -99.999 -99.999 -99.999 -99.999 -99.999
157 N -99.999 -99.999 8.644 -99.999 -99.999 -99.999 -99.999 -99.999 -99.999 -99.999 -99.999 -99.999 -99.999 -99.999 -99.999 -99.999 -99.999 -99.999 -99.999 -99.999
158 V -99.999 -99.999 -99.999 -99.999 -99.999 -99.999 -99.999 -99.999 -99.999 -99.999 -99.999 -99.999 -99.999 -99.999 -99.999 -99.999 -99.999 -99.999 -99.999 8.644
159 L -99.999 -99.999 -99.999 -99.999 -99.999 -99.999 -99.999 -99.999 -99.999 -99.999 5.474 -99.999 -99.999 5.474 -99.999 -99.999 -99.999 -99.999 -99.999 5.474
160 F -99.999 -99.999 -99.999 -99.999 -99.999 -99.999 -99.999 -99.999 -99.999 -99.999 -99.999 -99.999 -99.999 5.474 -99.999 5.474 -99.999 -99.999 -99.999 5.474
161 A 5.474 -99.999 -99.999 -99.999 -99.999 -99.999 -99.999 -99.999 -99.999 -99.999 -99.999 -99.999 -99.999 -99.999 -99.999 5.474 5.474 -99.999 -99.999 -99.999
162 L -99.999 -99.999 -99.999 -99.999 -99.999 -99.999 -99.999 -99.999 -99.999 -99.999 7.474 -99.999 -99.999 -99.999 -99.999 -99.999 -99.999 -99.999 5.474 -99.999
163 V -99.999 -99.999 -99.999 -99.999 -99.999 -99.999 -99.999 -99.999 -99.999 -99.999 5.474 -99.999 -99.999 -99.999 -99.999 -99.999 -99.999 -99.999 -99.999 7.474
164 G -99.999 -99.999 -99.999 -99.999 -99.999 -99.999 -99.999 8.644 -99.999 -99.999 -99.999 -99.999 -99.999 -99.999 -99.999 -99.999 -99.999 -99.999 -99.999 -99.999
165 I -99.999 -99.999 -99.999 -99.999 -99.999 -99.999 -99.999 -99.999 -99.999 8.644 -99.999 -99.999 -99.999 -99.999 -99.999 -99.999 -99.999 -99.999 -99.999 -99.999
166 G -99.999 -99.999 -99.999 -99.999 -99.999 -99.999 -99.999 8.644 -99.999 -99.999 -99.999 -99.999 -99.999 -99.999 -99.999 -99.999 -99.999 -99.999 -99.999 -99.999
167 Q -99.999 -99.999 -99.999 -99.999 -99.999 5.474 5.474 -99.999 -99.999 -99.999 -99.999 -99.999 -99.999 -99.999 -99.999 -99.999 -99.999 -99.999 5.474 -99.999
168 R -99.999 5.474 -99.999 -99.999 -99.999 -99.999 -99.999 -99.999 -99.999 -99.999 -99.999 -99.999 -99.999 5.474 -99.999 5.474 -99.999 -99.999 -99.999 -99.999
169 A 5.474 -99.999 -99.999 -99.999 -99.999 -99.999 -99.999 -99.999 -99.999 -99.999 -99.999 -99.999 -99.999 -99.999 -99.999 5.474 5.474 -99.999 -99.999 -99.999
170 Y -99.999 -99.999 -99.999 -99.999 -99.999 -99.999 -99.999 -99.999 -99.999 -99.999 -99.999 -99.999 -99.999 -99.999 -99.999 -99.999 -99.999 -99.999 8.644 -99.999
171 G -99.999 -99.999 -99.999 -99.999 -99.999 5.474 -99.999 7.474 -99.999 -99.999 -99.999 -99.999 -99.999 -99.999 -99.999 -99.999 -99.999 -99.999 -99.999 -99.999
172 N -99.999 -99.999 5.474 5.474 -99.999 -99.999 -99.999 -99.999 -99.999 -99.999 -99.999 -99.999 -99.999 -99.999 -99.999 5.474 -99.999 -99.999 -99.999 -99.999
173 F -99.999 -99.999 -99.999 -99.999 -99.999 -99.999 -99.999 -99.999 -99.999 -99.999 -99.999 -99.999 -99.999 7.474 -99.999 -99.999 -99.999 -99.999 5.474 -99.999
174 G -99.999 -99.999 -99.999 -99.999 -99.999 -99.999 -99.999 8.644 -99.999 -99.999 -99.999 -99.999 -99.999 -99.999 -99.999 -99.999 -99.999 -99.999 -99.999 -99.999
175 A 8.644 -99.999 -99.999 -99.999 -99.999 -99.999 -99.999 -99.999 -99.999 -99.999 -99.999 -99.999 -99.999 -99.999 -99.999 -99.999 -99.999 -99.999 -99.999 -99.999
176 K -99.999 -99.999 -99.999 -99.999 -99.999 -99.999 -99.999 -99.999 -99.999 -99.999 -99.999 8.644 -99.999 -99.999 -99.999 -99.999 -99.999 -99.999 -99.999 -99.999
177 G -99.999 -99.999 -99.999 -99.999 -99.999 -99.999 -99.999 8.644 -99.999 -99.999 -99.999 -99.999 -99.999 -99.999 -99.999 -99.999 -99.999 -99.999 -99.999 -99.999
178 F -99.999 -99.999 -99.999 -99.999 -99.999 -99.999 -99.999 -99.999 -99.999 -99.999 -99.999 -99.999 -99.999 8.644 -99.999 -99.999 -99.999 -99.999 -99.999 -99.999
179 F -99.999 -99.999 -99.999 -99.999 -99.999 -99.999 -99.999 -99.999 -99.999 -99.999 5.474 -99.999 -99.999 7.474 -99.999 -99.999 -99.999 -99.999 -99.999 -99.999
180 Y -99.999 -99.999 -99.999 -99.999 -99.999 -99.999 -99.999 -99.999 -99.999 -99.999 -99.999 -99.999 -99.999 -99.999 -99.999 -99.999 -99.999 -99.999 8.644 -99.999
181 A 5.474 -99.999 -99.999 -99.999 -99.999 -99.999 -99.999 5.474 -99.999 -99.999 -99.999 -99.999 -99.999 -99.999 -99.999 5.474 -99.999 -99.999 -99.999 -99.999
182 G -99.999 -99.999 -99.999 -99.999 -99.999 -99.999 -99.999 8.644 -99.999 -99.999 -99.999 -99.999 -99.999 -99.999 -99.999 -99.999 -99.999 -99.999 -99.999 -99.999
183 N -99.999 -99.999 8.644 -99.999 -99.999 -99.999 -99.999 -99.999 -99.999 -99.999 -99.999 -99.999 -99.999 -99.999 -99.999 -99.999 -99.999 -99.999 -99.999 -99.999
184 A 8.644 -99.999 -99.999 -99.999 -99.999 -99.999 -99.999 -99.999 -99.999 -99.999 -99.999 -99.999 -99.999 -99.999 -99.999 -99.999 -99.999 -99.999 -99.999 -99.999
185 L -99.999 -99.999 -99.999 -99.999 -99.999 -99.999 -99.999 -99.999 -99.999 -99.999 5.474 -99.999 -99.999 -99.999 -99.999 -99.999 5.474 -99.999 -99.999 5.474
186 S -99.999 -99.999 -99.999 -99.999 -99.999 -99.999 -99.999 -99.999 -99.999 -99.999 -99.999 -99.999 -99.999 -99.999 -99.999 8.644 -99.999 -99.999 -99.999 -99.999
187 G -99.999 -99.999 -99.999 -99.999 -99.999 -99.999 -99.999 7.474 -99.999 -99.999 -99.999 -99.999 -99.999 -99.999 -99.999 5.474 -99.999 -99.999 -99.999 -99.999
188 V -99.999 -99.999 -99.999 -99.999 -99.999 -99.999 -99.999 -99.999 -99.999 5.474 -99.999 -99.999 -99.999 -99.999 -99.999 -99.999 -99.999 -99.999 -99.999 7.474
189 I -99.999 -99.999 -99.999 -99.999 -99.999 -99.999 -99.999 -99.999 -99.999 7.474 5.474 -99.999 -99.999 -99.999 -99.999 -99.999 -99.999 -99.999 -99.999 -99.999
190 V -99.999 -99.999 -99.999 -99.999 -99.999 -99.999 -99.999 -99.999 -99.999 5.474 -99.999 -99.999 -99.999 -99.999 -99.999 -99.999 -99.999 -99.999 -99.999 7.474
191 I -99.999 -99.999 -99.999 -99.999 -99.999 -99.999 -99.999 -99.999 -99.999 8.644 -99.999 -99.999 -99.999 -99.999 -99.999 -99.999 -99.999 -99.999 -99.999 -99.999
192 C -99.999 -99.999 -99.999 -99.999 8.644 -99.999 -99.999 -99.999 -99.999 -99.999 -99.999 -99.999 -99.999 -99.999 -99.999 -99.999 -99.999 -99.999 -99.999 -99.999
193 A 7.474 -99.999 -99.999 -99.999 -99.999 -99.999 -99.999 -99.999 -99.999 -99.999 -99.999 -99.999 -99.999 -99.999 -99.999 5.474 -99.999 -99.999 -99.999 -99.999
194 A 7.474 -99.999 -99.999 -99.999 -99.999 -99.999 -99.999 -99.999 -99.999 -99.999 -99.999 -99.999 -99.999 -99.999 -99.999 5.474 -99.999 -99.999 -99.999 -99.999
195 Y -99.999 -99.999 -99.999 -99.999 -99.999 -99.999 -99.999 -99.999 -99.999 -99.999 -99.999 -99.999 -99.999 -99.999 -99.999 -99.999 -99.999 5.474 7.474 -99.999
196 F -99.999 -99.999 -99.999 -99.999 -99.999 -99.999 -99.999 -99.999 -99.999 -99.999 5.474 -99.999 -99.999 7.474 -99.999 -99.999 -99.999 -99.999 -99.999 -99.999
197 L -99.999 -99.999 -99.999 -99.999 -99.999 -99.999 -99.999 -99.999 -99.999 -99.999 8.644 -99.999 -99.999 -99.999 -99.999 -99.999 -99.999 -99.999 -99.999 -99.999
198 T -99.999 -99.999 -99.999 -99.999 -99.999 -99.999 -99.999 -99.999 -99.999 -99.999 -99.999 -99.999 -99.999 -99.999 -99.999 -99.999 7.474 -99.999 -99.999 5.474
199 K -99.999 -99.999 -99.999 -99.999 -99.999 -99.999 -99.999 -99.999 -99.999 -99.999 -99.999 5.474 -99.999 -99.999 -99.999 5.474 5.474 -99.999 -99.999 -99.999
200 A 7.474 -99.999 -99.999 -99.999 -99.999 -99.999 -99.999 -99.999 -99.999 5.474 -99.999 -99.999 -99.999 -99.999 -99.999 -99.999 -99.999 -99.999 -99.999 -99.999
201 Y -99.999 -99.999 -99.999 -99.999 -99.999 -99.999 -99.999 -99.999 -99.999 -99.999 -99.999 -99.999 -99.999 5.474 -99.999 -99.999 -99.999 -99.999 7.474 -99.999
202 R -99.999 5.474 -99.999 -99.999 -99.999 -99.999 -99.999 -99.999 -99.999 -99.999 -99.999 5.474 -99.999 -99.999 -99.999 5.474 -99.999 -99.999 -99.999 -99.999
203 R -99.999 8.644 -99.999 -99.999 -99.999 -99.999 -99.999 -99.999 -99.999 -99.999 -99.999 -99.999 -99.999 -99.999 -99.999 -99.999 -99.999 -99.999 -99.999 -99.999
204 S -99.999 -99.999 -99.999 -99.999 -99.999 -99.999 -99.999 -99.999 -99.999 -99.999 -99.999 -99.999 -99.999 -99.999 -99.999 8.644 -99.999 -99.999 -99.999 -99.999
205 L -99.999 -99.999 -99.999 -99.999 -99.999 -99.999 -99.999 -99.999 -99.999 -99.999 7.474 -99.999 -99.999 -99.999 -99.999 -99.999 -99.999 -99.999 -99.999 5.474
206 L -99.999 -99.999 -99.999 -99.999 -99.999 -99.999 -99.999 -99.999 -99.999 -99.999 5.474 -99.999 -99.999 -99.999 -99.999 -99.999 5.474 -99.999 -99.999 5.474
207 L -99.999 -99.999 -99.999 -99.999 -99.999 5.474 -99.999 -99.999 -99.999 -99.999 7.474 -99.999 -99.999 -99.999 -99.999 -99.999 -99.999 -99.999 -99.999 -99.999
208 F -99.999 -99.999 -99.999 -99.999 -99.999 -99.999 -99.999 -99.999 -99.999 -99.999 -99.999 -99.999 -99.999 7.474 -99.999 -99.999 -99.999 -99.999 5.474 -99.999
209 L -99.999 -99.999 -99.999 -99.999 -99.999 -99.999 -99.999 -99.999 -99.999 -99.999 7.474 -99.999 -99.999 -99.999 -99.999 -99.999 -99.999 -99.999 -99.999 5.474
210 L -99.999 -99.999 -99.999 -99.999 -99.999 -99.999 -99.999 -99.999 -99.999 -99.999 8.644 -99.999 -99.999 -99.999 -99.999 -99.999 -99.999 -99.999 -99.999 -99.999
211 I -99.999 -99.999 -99.999 -99.999 -99.999 -99.999 -99.999 -99.999 -99.999 5.474 5.474 -99.999 -99.999 -99.999 -99.999 -99.999 5.474 -99.999 -99.999 -99.999
212 G -99.999 -99.999 -99.999 -99.999 -99.999 -99.999 -99.999 5.474 -99.999 5.474 5.474 -99.999 -99.999 -99.999 -99.999 -99.999 -99.999 -99.999 -99.999 -99.999
213 L -99.999 -99.999 -99.999 -99.999 -99.999 -99.999 -99.999 -99.999 -99.999 -99.999 5.474 -99.999 -99.999 5.474 -99.999 5.474 -99.999 -99.999 -99.999 -99.999
214 F -99.999 -99.999 -99.999 -99.999 -99.999 -99.999 -99.999 -99.999 -99.999 -99.999 5.474 -99.999 -99.999 7.474 -99.999 -99.999 -99.999 -99.999 -99.999 -99.999
215 L -99.999 -99.999 -99.999 -99.999 -99.999 -99.999 -99.999 -99.999 -99.999 -99.999 7.474 -99.999 5.474 -99.999 -99.999 -99.999 -99.999 -99.999 -99.999 -99.999
216 A 5.474 -99.999 -99.999 -99.999 -99.999 -99.999 -99.999 -99.999 -99.999 -99.999 5.474 -99.999 -99.999 -99.999 -99.999 5.474 -99.999 -99.999 -99.999 -99.999
217 A 7.474 -99.999 -99.999 -99.999 -99.999 -99.999 -99.999 -99.999 -99.999 -99.999 -99.999 -99.999 -99.999 5.474 -99.999 -99.999 -99.999 -99.999 -99.999 -99.999
218 L -99.999 -99.999 -99.999 -99.999 -99.999 -99.999 -99.999 -99.999 -99.999 -99.999 8.644 -99.999 -99.999 -99.999 -99.999 -99.999 -99.999 -99.999 -99.999 -99.999
219 S 5.474 -99.999 -99.999 -99.999 -99.999 -99.999 -99.999 -99.999 -99.999 -99.999 -99.999 -99.999 -99.999 -99.999 -99.999 7.474 -99.999 -99.999 -99.999 -99.999
220 L -99.999 -99.999 -99.999 -99.999 -99.999 -99.999 -99.999 -99.999 -99.999 -99.999 8.644 -99.999 -99.999 -99.999 -99.999 -99.999 -99.999 -99.999 -99.999 -99.999
221 I -99.999 -99.999 -99.999 -99.999 -99.999 -99.999 -99.999 -99.999 -99.999 5.474 5.474 -99.999 -99.999 -99.999 -99.999 -99.999 -99.999 -99.999 -99.999 5.474
222 I -99.999 -99.999 -99.999 -99.999 -99.999 -99.999 -99.999 -99.999 -99.999 7.474 -99.999 -99.999 5.474 -99.999 -99.999 -99.999 -99.999 -99.999 -99.999 -99.999
223 G -99.999 -99.999 -99.999 -99.999 -99.999 -99.999 -99.999 8.644 -99.999 -99.999 -99.999 -99.999 -99.999 -99.999 -99.999 -99.999 -99.999 -99.999 -99.999 -99.999
224 T -99.999 -99.999 -99.999 -99.999 -99.999 -99.999 -99.999 -99.999 -99.999 -99.999 -99.999 -99.999 -99.999 -99.999 -99.999 -99.999 8.644 -99.999 -99.999 -99.999
225 K -99.999 -99.999 -99.999 -99.999 -99.999 -99.999 -99.999 -99.999 -99.999 -99.999 -99.999 8.644 -99.999 -99.999 -99.999 -99.999 -99.999 -99.999 -99.999 -99.999
226 S -99.999 -99.999 -99.999 -99.999 -99.999 -99.999 -99.999 -99.999 -99.999 -99.999 -99.999 -99.999 -99.999 -99.999 -99.999 8.644 -99.999 -99.999 -99.999 -99.999
227 G -99.999 -99.999 -99.999 -99.999 -99.999 -99.999 -99.999 8.644 -99.999 -99.999 -99.999 -99.999 -99.999 -99.999 -99.999 -99.999 -99.999 -99.999 -99.999 -99.999
228 F -99.999 -99.999 -99.999 -99.999 -99.999 -99.999 -99.999 -99.999 -99.999 5.474 -99.999 -99.999 -99.999 7.474 -99.999 -99.999 -99.999 -99.999 -99.999 -99.999
229 L -99.999 -99.999 -99.999 -99.999 -99.999 -99.999 -99.999 -99.999 -99.999 -99.999 8.644 -99.999 -99.999 -99.999 -99.999 -99.999 -99.999 -99.999 -99.999 -99.999
230 G -99.999 -99.999 -99.999 -99.999 -99.999 -99.999 -99.999 8.644 -99.999 -99.999 -99.999 -99.999 -99.999 -99.999 -99.999 -99.999 -99.999 -99.999 -99.999 -99.999
231 V -99.999 -99.999 -99.999 -99.999 -99.999 -99.999 -99.999 -99.999 -99.999 5.474 -99.999 -99.999 -99.999 -99.999 -99.999 -99.999 -99.999 -99.999 -99.999 7.474
232 I -99.999 -99.999 -99.999 -99.999 -99.999 -99.999 -99.999 -99.999 -99.999 5.474 -99.999 -99.999 -99.999 5.474 -99.999 -99.999 -99.999 -99.999 -99.999 5.474
233 L -99.999 -99.999 -99.999 -99.999 -99.999 -99.999 -99.999 -99.999 -99.999 -99.999 7.474 -99.999 -99.999 -99.999 -99.999 -99.999 -99.999 -99.999 -99.999 5.474
234 C -99.999 -99.999 -99.999 -99.999 7.474 -99.999 -99.999 -99.999 -99.999 -99.999 5.474 -99.999 -99.999 -99.999 -99.999 -99.999 -99.999 -99.999 -99.999 -99.999
235 A 7.474 -99.999 -99.999 -99.999 -99.999 -99.999 -99.999 -99.999 -99.999 -99.999 -99.999 -99.999 5.474 -99.999 -99.999 -99.999 -99.999 -99.999 -99.999 -99.999
236 C -99.999 -99.999 -99.999 -99.999 5.474 -99.999 -99.999 5.474 -99.999 -99.999 -99.999 -99.999 -99.999 -99.999 -99.999 -99.999 -99.999 -99.999 -99.999 5.474
237 L -99.999 -99.999 -99.999 -99.999 -99.999 -99.999 -99.999 -99.999 -99.999 -99.999 8.644 -99.999 -99.999 -99.999 -99.999 -99.999 -99.999 -99.999 -99.999 -99.999
238 I -99.999 -99.999 -99.999 -99.999 -99.999 -99.999 -99.999 -99.999 -99.999 5.474 5.474 -99.999 -99.999 -99.999 -99.999 -99.999 -99.999 -99.999 -99.999 5.474
239 I -99.999 -99.999 -99.999 -99.999 -99.999 -99.999 -99.999 -99.999 -99.999 7.474 5.474 -99.999 -99.999 -99.999 -99.999 -99.999 -99.999 -99.999 -99.999 -99.999
240 L -99.999 -99.999 -99.999 -99.999 -99.999 -99.999 -99.999 -99.999 -99.999 -99.999 8.644 -99.999 -99.999 -99.999 -99.999 -99.999 -99.999 -99.999 -99.999 -99.999
241 F -99.999 -99.999 -99.999 -99.999 -99.999 -99.999 -99.999 -99.999 -99.999 5.474 -99.999 -99.999 -99.999 7.474 -99.999 -99.999 -99.999 -99.999 -99.999 -99.999
242 N -99.999 -99.999 8.644 -99.999 -99.999 -99.999 -99.999 -99.999 -99.999 -99.999 -99.999 -99.999 -99.999 -99.999 -99.999 -99.999 -99.999 -99.999 -99.999 -99.999
243 L -99.999 -99.999 -99.999 -99.999 -99.999 -99.999 -99.999 -99.999 -99.999 -99.999 7.474 -99.999 -99.999 5.474 -99.999 -99.999 -99.999 -99.999 -99.999 -99.999
244 D -99.999 -99.999 5.474 7.474 -99.999 -99.999 -99.999 -99.999 -99.999 -99.999 -99.999 -99.999 -99.999 -99.999 -99.999 -99.999 -99.999 -99.999 -99.999 -99.999
245 A 8.644 -99.999 -99.999 -99.999 -99.999 -99.999 -99.999 -99.999 -99.999 -99.999 -99.999 -99.999 -99.999 -99.999 -99.999 -99.999 -99.999 -99.999 -99.999 -99.999
246 R -99.999 7.474 -99.999 -99.999 -99.999 -99.999 -99.999 -99.999 -99.999 -99.999 -99.999 5.474 -99.999 -99.999 -99.999 -99.999 -99.999 -99.999 -99.999 -99.999
247 A 5.474 -99.999 -99.999 -99.999 -99.999 -99.999 -99.999 -99.999 -99.999 -99.999 -99.999 -99.999 -99.999 -99.999 -99.999 5.474 5.474 -99.999 -99.999 -99.999
248 L -99.999 -99.999 -99.999 -99.999 -99.999 -99.999 -99.999 -99.999 -99.999 -99.999 8.644 -99.999 -99.999 -99.999 -99.999 -99.999 -99.999 -99.999 -99.999 -99.999
249 A 7.474 -99.999 -99.999 -99.999 -99.999 -99.999 -99.999 -99.999 -99.999 -99.999 5.474 -99.999 -99.999 -99.999 -99.999 -99.999 -99.999 -99.999 -99.999 -99.999
250 L -99.999 -99.999 -99.999 -99.999 -99.999 -99.999 -99.999 -99.999 -99.999 -99.999 5.474 -99.999 -99.999 -99.999 -99.999 -99.999 -99.999 -99.999 5.474 5.474
251 G -99.999 -99.999 -99.999 -99.999 -99.999 -99.999 -99.999 5.474 -99.999 -99.999 -99.999 -99.999 -99.999 -99.999 -99.999 5.474 -99.999 -99.999 -99.999 5.474
252 F -99.999 -99.999 -99.999 -99.999 -99.999 -99.999 -99.999 -99.999 -99.999 -99.999 5.474 -99.999 -99.999 7.474 -99.999 -99.999 -99.999 -99.999 -99.999 -99.999
253 L -99.999 -99.999 -99.999 -99.999 -99.999 -99.999 -99.999 -99.999 -99.999 -99.999 7.474 -99.999 -99.999 -99.999 -99.999 -99.999 -99.999 -99.999 -99.999 5.474
254 L -99.999 -99.999 -99.999 -99.999 -99.999 -99.999 -99.999 -99.999 -99.999 -99.999 7.474 -99.999 -99.999 -99.999 -99.999 -99.999 5.474 -99.999 -99.999 -99.999
255 V -99.999 -99.999 -99.999 -99.999 -99.999 -99.999 -99.999 -99.999 -99.999 -99.999 5.474 -99.999 -99.999 -99.999 -99.999 -99.999 -99.999 -99.999 -99.999 7.474
256 S -99.999 -99.999 -99.999 -99.999 -99.999 -99.999 -99.999 -99.999 -99.999 -99.999 -99.999 -99.999 -99.999 5.474 -99.999 7.474 -99.999 -99.999 -99.999 -99.999
257 I -99.999 -99.999 -99.999 -99.999 -99.999 -99.999 -99.999 -99.999 -99.999 5.474 5.474 -99.999 -99.999 -99.999 -99.999 -99.999 -99.999 -99.999 -99.999 5.474
258 L -99.999 -99.999 -99.999 -99.999 -99.999 -99.999 -99.999 -99.999 -99.999 -99.999 5.474 -99.999 -99.999 5.474 -99.999 -99.999 -99.999 -99.999 -99.999 5.474
259 I -99.999 -99.999 -99.999 -99.999 -99.999 -99.999 -99.999 -99.999 -99.999 7.474 -99.999 -99.999 -99.999 -99.999 -99.999 5.474 -99.999 -99.999 -99.999 -99.999
260 A 5.474 -99.999 -99.999 -99.999 -99.999 -99.999 -99.999 -99.999 -99.999 5.474 -99.999 -99.999 5.474 -99.999 -99.999 -99.999 -99.999 -99.999 -99.999 -99.999
261 A 5.474 -99.999 -99.999 -99.999 -99.999 -99.999 -99.999 5.474 -99.999 -99.999 5.474 -99.999 -99.999 -99.999 -99.999 -99.999 -99.999 -99.999 -99.999 -99.999
262 A 5.474 -99.999 -99.999 -99.999 -99.999 -99.999 -99.999 5.474 -99.999 5.474 -99.999 -99.999 -99.999 -99.999 -99.999 -99.999 -99.999 -99.999 -99.999 -99.999
263 V -99.999 -99.999 -99.999 -99.999 -99.999 -99.999 -99.999 -99.999 -99.999 -99.999 -99.999 -99.999 -99.999 5.474 -99.999 -99.999 -99.999 -99.999 -99.999 7.474
264 I -99.999 -99.999 -99.999 -99.999 -99.999 -99.999 -99.999 -99.999 -99.999 5.474 5.474 -99.999 -99.999 -99.999 -99.999 -99.999 5.474 -99.999 -99.999 -99.999
265 L -99.999 -99.999 -99.999 -99.999 -99.999 -99.999 -99.999 -99.999 -99.999 -99.999 7.474 -99.999 -99.999 -99.999 -99.999 -99.999 -99.999 -99.999 -99.999 5.474
266 G -99.999 -99.999 -99.999 -99.999 -99.999 -99.999 -99.999 5.474 -99.999 5.474 -99.999 -99.999 -99.999 5.474 -99.999 -99.999 -99.999 -99.999 -99.999 -99.999
267 E -99.999 -99.999 -99.999 5.474 -99.999 -99.999 7.474 -99.999 -99.999 -99.999 -99.999 -99.999 -99.999 -99.999 -99.999 -99.999 -99.999 -99.999 -99.999 -99.999
268 Q -99.999 -99.999 -99.999 -99.999 -99.999 7.474 -99.999 -99.999 -99.999 -99.999 -99.999 5.474 -99.999 -99.999 -99.999 -99.999 -99.999 -99.999 -99.999 -99.999
269 I -99.999 -99.999 -99.999 -99.999 -99.999 -99.999 -99.999 -99.999 -99.999 5.474 5.474 -99.999 -99.999 -99.999 -99.999 -99.999 -99.999 -99.999 -99.999 5.474
270 Q -99.999 -99.999 -99.999 -99.999 -99.999 5.474 -99.999 -99.999 -99.999 -99.999 5.474 -99.999 -99.999 -99.999 -99.999 5.474 -99.999 -99.999 -99.999 -99.999
271 D -99.999 -99.999 -99.999 5.474 -99.999 5.474 5.474 -99.999 -99.999 -99.999 -99.999 -99.999 -99.999 -99.999 -99.999 -99.999 -99.999 -99.999 -99.999 -99.999
272 N -99.999 -99.999 5.474 -99.999 -99.999 5.474 -99.999 -99.999 -99.999 -99.999 -99.999 -99.999 -99.999 -99.999 -99.999 5.474 -99.999 -99.999 -99.999 -99.999
273 P -99.999 -99.999 -99.999 -99.999 -99.999 -99.999 -99.999 -99.999 -99.999 -99.999 -99.999 -99.999 -99.999 -99.999 7.474 5.474 -99.999 -99.999 -99.999 -99.999
274 L -99.999 -99.999 -99.999 -99.999 -99.999 -99.999 -99.999 -99.999 -99.999 5.474 7.474 -99.999 -99.999 -99.999 -99.999 -99.999 -99.999 -99.999 -99.999 -99.999
275 V -99.999 -99.999 -99.999 -99.999 -99.999 -99.999 -99.999 -99.999 -99.999 -99.999 -99.999 -99.999 -99.999 5.474 -99.999 -99.999 -99.999 -99.999 -99.999 7.474
276 E -99.999 -99.999 -99.999 -99.999 -99.999 5.474 7.474 -99.999 -99.999 -99.999 -99.999 -99.999 -99.999 -99.999 -99.999 -99.999 -99.999 -99.999 -99.999 -99.999
277 R -99.999 8.644 -99.999 -99.999 -99.999 -99.999 -99.999 -99.999 -99.999 -99.999 -99.999 -99.999 -99.999 -99.999 -99.999 -99.999 -99.999 -99.999 -99.999 -99.999
278 V -99.999 -99.999 -99.999 -99.999 -99.999 -99.999 -99.999 -99.999 -99.999 -99.999 5.474 -99.999 -99.999 -99.999 -99.999 -99.999 -99.999 -99.999 -99.999 7.474
279 R -99.999 5.474 -99.999 -99.999 -99.999 -99.999 -99.999 -99.999 -99.999 -99.999 5.474 -99.999 -99.999 -99.999 -99.999 -99.999 -99.999 -99.999 -99.999 5.474
280 F -99.999 -99.999 -99.999 -99.999 -99.999 -99.999 -99.999 -99.999 -99.999 -99.999 -99.999 -99.999 -99.999 7.474 -99.999 -99.999 -99.999 -99.999 5.474 -99.999
281 F -99.999 -99.999 -99.999 -99.999 -99.999 -99.999 -99.999 -99.999 -99.999 -99.999 -99.999 -99.999 -99.999 8.644 -99.999 -99.999 -99.999 -99.999 -99.999 -99.999
282 Y -99.999 -99.999 -99.999 -99.999 -99.999 -99.999 -99.999 -99.999 -99.999 -99.999 -99.999 -99.999 -99.999 -99.999 -99.999 -99.999 -99.999 -99.999 8.644 -99.999
283 E -99.999 -99.999 -99.999 -99.999 -99.999 5.474 7.474 -99.999 -99.999 -99.999 -99.999 -99.999 -99.999 -99.999 -99.999 -99.999 -99.999 -99.999 -99.999 -99.999
284 N -99.999 -99.999 5.474 -99.999 -99.999 5.474 -99.999 -99.999 -99.999 -99.999 -99.999 -99.999 -99.999 -99.999 -99.999 -99.999 -99.999 -99.999 -99.999 5.474
285 G -99.999 -99.999 -99.999 -99.999 -99.999 -99.999 -99.999 8.644 -99.999 -99.999 -99.999 -99.999 -99.999 -99.999 -99.999 -99.999 -99.999 -99.999 -99.999 -99.999
286 G -99.999 -99.999 -99.999 -99.999 -99.999 -99.999 -99.999 8.644 -99.999 -99.999 -99.999 -99.999 -99.999 -99.999 -99.999 -99.999 -99.999 -99.999 -99.999 -99.999
287 I -99.999 -99.999 -99.999 -99.999 -99.999 -99.999 -99.999 -99.999 -99.999 7.474 5.474 -99.999 -99.999 -99.999 -99.999 -99.999 -99.999 -99.999 -99.999 -99.999
288 E -99.999 -99.999 -99.999 -99.999 -99.999 -99.999 5.474 -99.999 -99.999 -99.999 -99.999 -99.999 -99.999 -99.999 -99.999 -99.999 5.474 -99.999 5.474 -99.999
289 R -99.999 7.474 -99.999 -99.999 -99.999 -99.999 -99.999 -99.999 -99.999 -99.999 -99.999 -99.999 -99.999 -99.999 -99.999 -99.999 -99.999 -99.999 5.474 -99.999
290 A 7.474 -99.999 -99.999 -99.999 -99.999 -99.999 -99.999 -99.999 -99.999 -99.999 -99.999 -99.999 -99.999 -99.999 -99.999 -99.999 -99.999 -99.999 -99.999 5.474
291 L -99.999 -99.999 -99.999 -99.999 -99.999 -99.999 -99.999 -99.999 -99.999 -99.999 7.474 -99.999 5.474 -99.999 -99.999 -99.999 -99.999 -99.999 -99.999 -99.999
292 F -99.999 -99.999 -99.999 -99.999 -99.999 -99.999 -99.999 -99.999 -99.999 -99.999 5.474 -99.999 -99.999 7.474 -99.999 -99.999 -99.999 -99.999 -99.999 -99.999
293 S -99.999 -99.999 -99.999 -99.999 -99.999 -99.999 -99.999 -99.999 -99.999 -99.999 -99.999 -99.999 -99.999 -99.999 -99.999 8.644 -99.999 -99.999 -99.999 -99.999
294 G -99.999 -99.999 -99.999 -99.999 -99.999 -99.999 -99.999 8.644 -99.999 -99.999 -99.999 -99.999 -99.999 -99.999 -99.999 -99.999 -99.999 -99.999 -99.999 -99.999
295 R -99.999 8.644 -99.999 -99.999 -99.999 -99.999 -99.999 -99.999 -99.999 -99.999 -99.999 -99.999 -99.999 -99.999 -99.999 -99.999 -99.999 -99.999 -99.999 -99.999
296 E -99.999 -99.999 -99.999 5.474 -99.999 -99.999 7.474 -99.999 -99.999 -99.999 -99.999 -99.999 -99.999 -99.999 -99.999 -99.999 -99.999 -99.999 -99.999 -99.999
297 Q -99.999 -99.999 -99.999 -99.999 -99.999 5.474 -99.999 5.474 -99.999 -99.999 -99.999 -99.999 -99.999 -99.999 -99.999 -99.999 5.474 -99.999 -99.999 -99.999
298 K -99.999 -99.999 -99.999 -99.999 -99.999 -99.999 -99.999 -99.999 -99.999 -99.999 -99.999 7.474 -99.999 5.474 -99.999 -99.999 -99.999 -99.999 -99.999 -99.999
299 L -99.999 -99.999 -99.999 -99.999 -99.999 -99.999 -99.999 -99.999 -99.999 -99.999 7.474 -99.999 -99.999 5.474 -99.999 -99.999 -99.999 -99.999 -99.999 -99.999
300 M -99.999 -99.999 -99.999 -99.999 -99.999 -99.999 -99.999 -99.999 -99.999 5.474 -99.999 -99.999 7.474 -99.999 -99.999 -99.999 -99.999 -99.999 -99.999 -99.999
301 E -99.999 -99.999 -99.999 -99.999 -99.999 -99.999 5.474 -99.999 -99.999 -99.999 -99.999 -99.999 -99.999 -99.999 -99.999 -99.999 5.474 -99.999 -99.999 5.474
302 I -99.999 -99.999 -99.999 -99.999 -99.999 -99.999 -99.999 -99.999 -99.999 7.474 5.474 -99.999 -99.999 -99.999 -99.999 -99.999 -99.999 -99.999 -99.999 -99.999
303 W -99.999 -99.999 -99.999 -99.999 -99.999 -99.999 -99.999 -99.999 -99.999 -99.999 -99.999 -99.999 5.474 -99.999 -99.999 -99.999 -99.999 7.474 -99.999 -99.999
304 P -99.999 -99.999 -99.999 -99.999 -99.999 -99.999 -99.999 -99.999 -99.999 -99.999 -99.999 -99.999 -99.999 -99.999 8.644 -99.999 -99.999 -99.999 -99.999 -99.999
305 L -99.999 -99.999 -99.999 -99.999 -99.999 -99.999 -99.999 -99.999 -99.999 -99.999 5.474 -99.999 -99.999 -99.999 -99.999 -99.999 5.474 -99.999 -99.999 5.474
306 F -99.999 -99.999 -99.999 -99.999 -99.999 -99.999 -99.999 -99.999 -99.999 -99.999 5.474 -99.999 -99.999 7.474 -99.999 -99.999 -99.999 -99.999 -99.999 -99.999
307 L -99.999 -99.999 -99.999 -99.999 -99.999 -99.999 -99.999 -99.999 -99.999 -99.999 7.474 -99.999 -99.999 -99.999 -99.999 -99.999 -99.999 -99.999 -99.999 5.474
308 S -99.999 -99.999 -99.999 5.474 -99.999 -99.999 -99.999 -99.999 -99.999 -99.999 -99.999 -99.999 -99.999 -99.999 -99.999 7.474 -99.999 -99.999 -99.999 -99.999
309 A 7.474 -99.999 -99.999 -99.999 -99.999 -99.999 -99.999 5.474 -99.999 -99.999 -99.999 -99.999 -99.999 -99.999 -99.999 -99.999 -99.999 -99.999 -99.999 -99.999
310 D -99.999 -99.999 -99.999 7.474 -99.999 -99.999 -99.999 -99.999 -99.999 -99.999 -99.999 -99.999 -99.999 -99.999 -99.999 5.474 -99.999 -99.999 -99.999 -99.999
311 I -99.999 -99.999 -99.999 -99.999 -99.999 -99.999 -99.999 -99.999 -99.999 7.474 5.474 -99.999 -99.999 -99.999 -99.999 -99.999 -99.999 -99.999 -99.999 -99.999
312 Q -99.999 -99.999 -99.999 -99.999 -99.999 5.474 -99.999 -99.999 -99.999 -99.999 -99.999 -99.999 -99.999 -99.999 -99.999 -99.999 -99.999 5.474 5.474 -99.999
313 Q -99.999 -99.999 -99.999 -99.999 -99.999 7.474 -99.999 -99.999 -99.999 -99.999 -99.999 -99.999 -99.999 5.474 -99.999 -99.999 -99.999 -99.999 -99.999 -99.999
314 I -99.999 -99.999 -99.999 -99.999 -99.999 -99.999 -99.999 -99.999 -99.999 5.474 -99.999 -99.999 5.474 -99.999 -99.999 -99.999 -99.999 5.474 -99.999 -99.999
315 L -99.999 -99.999 -99.999 -99.999 -99.999 -99.999 -99.999 -99.999 -99.999 -99.999 8.644 -99.999 -99.999 -99.999 -99.999 -99.999 -99.999 -99.999 -99.999 -99.999
316 L -99.999 -99.999 -99.999 -99.999 -99.999 -99.999 -99.999 -99.999 -99.999 -99.999 7.474 -99.999 -99.999 5.474 -99.999 -99.999 -99.999 -99.999 -99.999 -99.999
317 G -99.999 -99.999 -99.999 -99.999 -99.999 -99.999 -99.999 8.644 -99.999 -99.999 -99.999 -99.999 -99.999 -99.999 -99.999 -99.999 -99.999 -99.999 -99.999 -99.999
318 I -99.999 -99.999 -99.999 -99.999 -99.999 -99.999 -99.999 -99.999 -99.999 5.474 5.474 -99.999 5.474 -99.999 -99.999 -99.999 -99.999 -99.999 -99.999 -99.999
319 D -99.999 -99.999 -99.999 7.474 -99.999 -99.999 -99.999 -99.999 5.474 -99.999 -99.999 -99.999 -99.999 -99.999 -99.999 -99.999 -99.999 -99.999 -99.999 -99.999
320 N -99.999 -99.999 5.474 -99.999 -99.999 -99.999 -99.999 -99.999 -99.999 5.474 -99.999 -99.999 5.474 -99.999 -99.999 -99.999 -99.999 -99.999 -99.999 -99.999
321 N -99.999 -99.999 5.474 -99.999 -99.999 5.474 5.474 -99.999 -99.999 -99.999 -99.999 -99.999 -99.999 -99.999 -99.999 -99.999 -99.999 -99.999 -99.999 -99.999
322 A 5.474 -99.999 -99.999 5.474 -99.999 5.474 -99.999 -99.999 -99.999 -99.999 -99.999 -99.999 -99.999 -99.999 -99.999 -99.999 -99.999 -99.999 -99.999 -99.999
323 L -99.999 -99.999 -99.999 -99.999 -99.999 -99.999 -99.999 -99.999 -99.999 -99.999 7.474 -99.999 5.474 -99.999 -99.999 -99.999 -99.999 -99.999 -99.999 -99.999
324 Q -99.999 -99.999 -99.999 -99.999 -99.999 5.474 5.474 -99.999 -99.999 -99.999 -99.999 -99.999 -99.999 -99.999 -99.999 -99.999 -99.999 -99.999 5.474 -99.999
325 R -99.999 7.474 -99.999 -99.999 -99.999 5.474 -99.999 -99.999 -99.999 -99.999 -99.999 -99.999 -99.999 -99.999 -99.999 -99.999 -99.999 -99.999 -99.999 -99.999
326 A 5.474 -99.999 -99.999 -99.999 -99.999 -99.999 -99.999 -99.999 -99.999 -99.999 5.474 -99.999 -99.999 -99.999 -99.999 -99.999 -99.999 -99.999 -99.999 5.474
327 G -99.999 -99.999 -99.999 -99.999 -99.999 -99.999 -99.999 5.474 -99.999 -99.999 -99.999 5.474 -99.999 -99.999 -99.999 5.474 -99.999 -99.999 -99.999 -99.999
328 R -99.999 5.474 -99.999 -99.999 -99.999 -99.999 5.474 -99.999 -99.999 5.474 -99.999 -99.999 -99.999 -99.999 -99.999 -99.999 -99.999 -99.999 -99.999 -99.999
329 L -99.999 -99.999 -99.999 -99.999 -99.999 -99.999 -99.999 -99.999 -99.999 -99.999 5.474 -99.999 -99.999 -99.999 -99.999 -99.999 5.474 5.474 -99.999 -99.999
330 R -99.999 8.644 -99.999 -99.999 -99.999 -99.999 -99.999 -99.999 -99.999 -99.999 -99.999 -99.999 -99.999 -99.999 -99.999 -99.999 -99.999 -99.999 -99.999 -99.999
331 I -99.999 -99.999 -99.999 -99.999 -99.999 -99.999 -99.999 -99.999 -99.999 5.474 -99.999 -99.999 -99.999 -99.999 -99.999 5.474 -99.999 -99.999 -99.999 5.474
332 E -99.999 -99.999 -99.999 -99.999 -99.999 -99.999 8.644 -99.999 -99.999 -99.999 -99.999 -99.999 -99.999 -99.999 -99.999 -99.999 -99.999 -99.999 -99.999 -99.999
333 L -99.999 -99.999 -99.999 -99.999 -99.999 -99.999 -99.999 -99.999 -99.999 -99.999 5.474 -99.999 5.474 5.474 -99.999 -99.999 -99.999 -99.999 -99.999 -99.999
334 D -99.999 -99.999 -99.999 8.644 -99.999 -99.999 -99.999 -99.999 -99.999 -99.999 -99.999 -99.999 -99.999 -99.999 -99.999 -99.999 -99.999 -99.999 -99.999 -99.999
335 W -99.999 -99.999 -99.999 -99.999 -99.999 -99.999 -99.999 -99.999 -99.999 -99.999 -99.999 -99.999 -99.999 5.474 -99.999 -99.999 -99.999 7.474 -99.999 -99.999
336 L -99.999 -99.999 -99.999 -99.999 -99.999 -99.999 -99.999 -99.999 -99.999 -99.999 5.474 -99.999 5.474 5.474 -99.999 -99.999 -99.999 -99.999 -99.999 -99.999
337 D -99.999 -99.999 -99.999 8.644 -99.999 -99.999 -99.999 -99.999 -99.999 -99.999 -99.999 -99.999 -99.999 -99.999 -99.999 -99.999 -99.999 -99.999 -99.999 -99.999
338 M -99.999 -99.999 -99.999 -99.999 -99.999 -99.999 -99.999 -99.999 -99.999 -99.999 -99.999 -99.999 8.644 -99.999 -99.999 -99.999 -99.999 -99.999 -99.999 -99.999
339 Q -99.999 -99.999 -99.999 -99.999 -99.999 5.474 -99.999 -99.999 -99.999 -99.999 5.474 -99.999 -99.999 -99.999 -99.999 -99.999 -99.999 -99.999 5.474 -99.999
340 I -99.999 -99.999 -99.999 -99.999 -99.999 -99.999 -99.999 -99.999 -99.999 7.474 -99.999 -99.999 -99.999 -99.999 -99.999 -99.999 -99.999 -99.999 -99.999 5.474
341 Y -99.999 -99.999 5.474 -99.999 -99.999 -99.999 -99.999 -99.999 -99.999 -99.999 -99.999 -99.999 -99.999 -99.999 -99.999 -99.999 -99.999 -99.999 7.474 -99.999
342 F -99.999 -99.999 -99.999 -99.999 -99.999 -99.999 -99.999 -99.999 -99.999 -99.999 -99.999 -99.999 -99.999 8.644 -99.999 -99.999 -99.999 -99.999 -99.999 -99.999
343 G -99.999 -99.999 -99.999 -99.999 -99.999 -99.999 -99.999 8.644 -99.999 -99.999 -99.999 -99.999 -99.999 -99.999 -99.999 -99.999 -99.999 -99.999 -99.999 -99.999
344 I -99.999 -99.999 -99.999 -99.999 -99.999 -99.999 -99.999 -99.999 -99.999 5.474 5.474 -99.999 -99.999 -99.999 -99.999 -99.999 5.474 -99.999 -99.999 -99.999
345 L -99.999 -99.999 -99.999 -99.999 -99.999 -99.999 -99.999 -99.999 -99.999 -99.999 5.474 -99.999 -99.999 -99.999 5.474 -99.999 -99.999 -99.999 -99.999 5.474
346 L -99.999 -99.999 -99.999 -99.999 -99.999 -99.999 -99.999 -99.999 -99.999 -99.999 8.644 -99.999 -99.999 -99.999 -99.999 -99.999 -99.999 -99.999 -99.999 -99.999
347 C -99.999 -99.999 -99.999 -99.999 5.474 -99.999 -99.999 -99.999 -99.999 -99.999 -99.999 -99.999 -99.999 -99.999 -99.999 5.474 5.474 -99.999 -99.999 -99.999
348 L -99.999 -99.999 -99.999 -99.999 -99.999 -99.999 -99.999 -99.999 -99.999 -99.999 8.644 -99.999 -99.999 -99.999 -99.999 -99.999 -99.999 -99.999 -99.999 -99.999
349 F -99.999 -99.999 -99.999 -99.999 -99.999 -99.999 -99.999 -99.999 -99.999 -99.999 -99.999 -99.999 -99.999 5.474 -99.999 -99.999 5.474 -99.999 -99.999 5.474
350 C -99.999 -99.999 -99.999 -99.999 5.474 -99.999 -99.999 -99.999 -99.999 5.474 -99.999 -99.999 -99.999 -99.999 -99.999 -99.999 -99.999 -99.999 -99.999 5.474
351 F -99.999 -99.999 -99.999 -99.999 -99.999 -99.999 -99.999 -99.999 -99.999 -99.999 -99.999 -99.999 -99.999 5.474 -99.999 5.474 -99.999 -99.999 5.474 -99.999
352 L -99.999 -99.999 -99.999 -99.999 -99.999 -99.999 -99.999 -99.999 -99.999 -99.999 5.474 -99.999 -99.999 5.474 -99.999 5.474 -99.999 -99.999 -99.999 -99.999
353 G -99.999 -99.999 -99.999 -99.999 -99.999 -99.999 -99.999 7.474 -99.999 -99.999 5.474 -99.999 -99.999 -99.999 -99.999 -99.999 -99.999 -99.999 -99.999 -99.999
354 Y -99.999 -99.999 -99.999 -99.999 -99.999 -99.999 -99.999 -99.999 5.474 -99.999 -99.999 -99.999 -99.999 -99.999 -99.999 -99.999 -99.999 -99.999 7.474 -99.999
355 L -99.999 -99.999 -99.999 -99.999 -99.999 -99.999 -99.999 -99.999 -99.999 -99.999 5.474 -99.999 -99.999 -99.999 -99.999 -99.999 5.474 -99.999 -99.999 5.474
356 I -99.999 -99.999 -99.999 -99.999 -99.999 -99.999 -99.999 5.474 -99.999 7.474 -99.999 -99.999 -99.999 -99.999 -99.999 -99.999 -99.999 -99.999 -99.999 -99.999
357 V -99.999 -99.999 -99.999 -99.999 -99.999 -99.999 -99.999 -99.999 -99.999 -99.999 5.474 -99.999 -99.999 -99.999 -99.999 -99.999 -99.999 -99.999 -99.999 7.474
358 F -99.999 -99.999 -99.999 -99.999 -99.999 -99.999 -99.999 -99.999 -99.999 -99.999 5.474 -99.999 -99.999 7.474 -99.999 -99.999 -99.999 -99.999 -99.999 -99.999
359 A 5.474 -99.999 -99.999 -99.999 -99.999 -99.999 -99.999 -99.999 -99.999 -99.999 5.474 -99.999 -99.999 -99.999 -99.999 -99.999 5.474 -99.999 -99.999 -99.999
360 R -99.999 7.474 -99.999 -99.999 -99.999 -99.999 -99.999 -99.999 -99.999 -99.999 -99.999 5.474 -99.999 -99.999 -99.999 -99.999 -99.999 -99.999 -99.999 -99.999
361 L -99.999 -99.999 -99.999 -99.999 -99.999 -99.999 -99.999 -99.999 -99.999 -99.999 7.474 -99.999 5.474 -99.999 -99.999 -99.999 -99.999 -99.999 -99.999 -99.999
362 W -99.999 -99.999 -99.999 -99.999 -99.999 -99.999 -99.999 -99.999 -99.999 -99.999 5.474 -99.999 -99.999 -99.999 -99.999 -99.999 -99.999 7.474 -99.999 -99.999
363 L -99.999 -99.999 -99.999 -99.999 -99.999 -99.999 -99.999 -99.999 -99.999 -99.999 5.474 5.474 -99.999 -99.999 -99.999 -99.999 5.474 -99.999 -99.999 -99.999
364 Q -99.999 -99.999 -99.999 -99.999 -99.999 5.474 -99.999 -99.999 -99.999 -99.999 5.474 -99.999 -99.999 -99.999 -99.999 -99.999 -99.999 -99.999 -99.999 5.474
365 R -99.999 7.474 -99.999 -99.999 -99.999 -99.999 -99.999 -99.999 -99.999 -99.999 -99.999 -99.999 -99.999 -99.999 5.474 -99.999 -99.999 -99.999 -99.999 -99.999
366 N -99.999 -99.999 5.474 -99.999 -99.999 -99.999 -99.999 -99.999 5.474 -99.999 -99.999 5.474 -99.999 -99.999 -99.999 -99.999 -99.999 -99.999 -99.999 -99.999
367 N -99.999 -99.999 5.474 -99.999 -99.999 -99.999 -99.999 -99.999 -99.999 -99.999 -99.999 -99.999 -99.999 -99.999 -99.999 5.474 5.474 -99.999 -99.999 -99.999
368 A 5.474 -99.999 -99.999 -99.999 -99.999 -99.999 -99.999 -99.999 -99.999 -99.999 5.474 -99.999 -99.999 -99.999 5.474 -99.999 -99.999 -99.999 -99.999 -99.999
369 V -99.999 -99.999 -99.999 -99.999 -99.999 -99.999 -99.999 -99.999 -99.999 -99.999 5.474 -99.999 -99.999 -99.999 -99.999 -99.999 -99.999 -99.999 -99.999 7.474
370 A 5.474 -99.999 -99.999 -99.999 -99.999 -99.999 -99.999 5.474 -99.999 -99.999 -99.999 -99.999 -99.999 -99.999 -99.999 -99.999 -99.999 -99.999 -99.999 5.474
371 L -99.999 -99.999 -99.999 -99.999 -99.999 -99.999 -99.999 -99.999 -99.999 -99.999 7.474 -99.999 -99.999 -99.999 -99.999 -99.999 -99.999 -99.999 -99.999 5.474
372 S 5.474 -99.999 -99.999 -99.999 -99.999 -99.999 -99.999 -99.999 -99.999 -99.999 -99.999 -99.999 -99.999 -99.999 -99.999 7.474 -99.999 -99.999 -99.999 -99.999
373 A 8.644 -99.999 -99.999 -99.999 -99.999 -99.999 -99.999 -99.999 -99.999 -99.999 -99.999 -99.999 -99.999 -99.999 -99.999 -99.999 -99.999 -99.999 -99.999 -99.999
374 L -99.999 -99.999 -99.999 -99.999 -99.999 -99.999 -99.999 -99.999 -99.999 -99.999 8.644 -99.999 -99.999 -99.999 -99.999 -99.999 -99.999 -99.999 -99.999 -99.999
375 I -99.999 -99.999 -99.999 -99.999 -99.999 -99.999 -99.999 -99.999 -99.999 7.474 5.474 -99.999 -99.999 -99.999 -99.999 -99.999 -99.999 -99.999 -99.999 -99.999
376 S 5.474 -99.999 -99.999 -99.999 -99.999 -99.999 -99.999 -99.999 -99.999 -99.999 -99.999 -99.999 -99.999 -99.999 -99.999 7.474 -99.999 -99.999 -99.999 -99.999
377 F -99.999 -99.999 -99.999 -99.999 -99.999 -99.999 -99.999 -99.999 -99.999 -99.999 -99.999 -99.999 -99.999 7.474 -99.999 5.474 -99.999 -99.999 -99.999 -99.999
378 I -99.999 -99.999 -99.999 -99.999 -99.999 -99.999 -99.999 -99.999 -99.999 8.644 -99.999 -99.999 -99.999 -99.999 -99.999 -99.999 -99.999 -99.999 -99.999 -99.999
379 L -99.999 -99.999 -99.999 -99.999 -99.999 -99.999 -99.999 -99.999 -99.999 -99.999 5.474 -99.999 -99.999 -99.999 -99.999 -99.999 5.474 -99.999 -99.999 5.474
380 L -99.999 -99.999 -99.999 -99.999 -99.999 -99.999 -99.999 -99.999 -99.999 -99.999 8.644 -99.999 -99.999 -99.999 -99.999 -99.999 -99.999 -99.999 -99.999 -99.999
381 I -99.999 -99.999 -99.999 -99.999 -99.999 -99.999 -99.999 -99.999 -99.999 7.474 5.474 -99.999 -99.999 -99.999 -99.999 -99.999 -99.999 -99.999 -99.999 -99.999
382 L -99.999 -99.999 -99.999 -99.999 -99.999 -99.999 -99.999 -99.999 -99.999 -99.999 8.644 -99.999 -99.999 -99.999 -99.999 -99.999 -99.999 -99.999 -99.999 -99.999
383 V -99.999 -99.999 -99.999 -99.999 -99.999 -99.999 -99.999 -99.999 -99.999 5.474 -99.999 -99.999 -99.999 -99.999 -99.999 -99.999 -99.999 -99.999 -99.999 7.474
384 S -99.999 -99.999 -99.999 -99.999 -99.999 -99.999 -99.999 -99.999 -99.999 -99.999 -99.999 -99.999 -99.999 -99.999 -99.999 8.644 -99.999 -99.999 -99.999 -99.999
385 A 5.474 -99.999 -99.999 -99.999 -99.999 -99.999 -99.999 -99.999 -99.999 -99.999 5.474 -99.999 -99.999 -99.999 -99.999 5.474 -99.999 -99.999 -99.999 -99.999
386 I -99.999 -99.999 -99.999 -99.999 -99.999 -99.999 -99.999 -99.999 -99.999 7.474 -99.999 -99.999 -99.999 -99.999 -99.999 -99.999 -99.999 -99.999 -99.999 5.474
387 A 8.644 -99.999 -99.999 -99.999 -99.999 -99.999 -99.999 -99.999 -99.999 -99.999 -99.999 -99.999 -99.999 -99.999 -99.999 -99.999 -99.999 -99.999 -99.999 -99.999
388 G -99.999 -99.999 -99.999 -99.999 -99.999 -99.999 -99.999 8.644 -99.999 -99.999 -99.999 -99.999 -99.999 -99.999 -99.999 -99.999 -99.999 -99.999 -99.999 -99.999
389 H -99.999 -99.999 -99.999 -99.999 -99.999 -99.999 -99.999 -99.999 8.644 -99.999 -99.999 -99.999 -99.999 -99.999 -99.999 -99.999 -99.999 -99.999 -99.999 -99.999
390 V -99.999 -99.999 -99.999 -99.999 -99.999 -99.999 -99.999 -99.999 -99.999 -99.999 -99.999 -99.999 -99.999 -99.999 -99.999 -99.999 -99.999 -99.999 -99.999 8.644
391 M -99.999 -99.999 -99.999 -99.999 -99.999 -99.999 -99.999 -99.999 -99.999 -99.999 5.474 -99.999 7.474 -99.999 -99.999 -99.999 -99.999 -99.999 -99.999 -99.999
392 F -99.999 -99.999 -99.999 -99.999 -99.999 -99.999 -99.999 -99.999 -99.999 -99.999 -99.999 -99.999 -99.999 7.474 -99.999 -99.999 -99.999 -99.999 5.474 -99.999
393 N -99.999 -99.999 8.644 -99.999 -99.999 -99.999 -99.999 -99.999 -99.999 -99.999 -99.999 -99.999 -99.999 -99.999 -99.999 -99.999 -99.999 -99.999 -99.999 -99.999
394 G -99.999 -99.999 -99.999 -99.999 -99.999 -99.999 -99.999 8.644 -99.999 -99.999 -99.999 -99.999 -99.999 -99.999 -99.999 -99.999 -99.999 -99.999 -99.999 -99.999
395 M -99.999 -99.999 -99.999 -99.999 -99.999 -99.999 -99.999 -99.999 -99.999 5.474 -99.999 -99.999 7.474 -99.999 -99.999 -99.999 -99.999 -99.999 -99.999 -99.999
396 V -99.999 -99.999 -99.999 -99.999 -99.999 -99.999 -99.999 -99.999 -99.999 -99.999 -99.999 -99.999 -99.999 -99.999 -99.999 -99.999 -99.999 -99.999 -99.999 8.644
397 T -99.999 -99.999 -99.999 -99.999 -99.999 -99.999 -99.999 -99.999 -99.999 -99.999 -99.999 -99.999 -99.999 -99.999 -99.999 -99.999 8.644 -99.999 -99.999 -99.999
398 P -99.999 -99.999 -99.999 -99.999 -99.999 -99.999 -99.999 -99.999 -99.999 -99.999 -99.999 -99.999 -99.999 -99.999 8.644 -99.999 -99.999 -99.999 -99.999 -99.999
399 L 5.474 -99.999 -99.999 -99.999 -99.999 -99.999 -99.999 -99.999 -99.999 -99.999 7.474 -99.999 -99.999 -99.999 -99.999 -99.999 -99.999 -99.999 -99.999 -99.999
400 W -99.999 -99.999 -99.999 -99.999 -99.999 -99.999 -99.999 -99.999 -99.999 -99.999 -99.999 -99.999 -99.999 -99.999 -99.999 -99.999 -99.999 8.644 -99.999 -99.999
401 G 5.474 -99.999 -99.999 -99.999 -99.999 -99.999 -99.999 7.474 -99.999 -99.999 -99.999 -99.999 -99.999 -99.999 -99.999 -99.999 -99.999 -99.999 -99.999 -99.999
402 A 5.474 -99.999 -99.999 -99.999 -99.999 -99.999 -99.999 -99.999 -99.999 -99.999 5.474 -99.999 5.474 -99.999 -99.999 -99.999 -99.999 -99.999 -99.999 -99.999
403 L -99.999 -99.999 -99.999 -99.999 -99.999 -99.999 -99.999 -99.999 -99.999 -99.999 5.474 -99.999 -99.999 5.474 -99.999 -99.999 -99.999 -99.999 -99.999 5.474
404 C -99.999 -99.999 -99.999 -99.999 5.474 -99.999 -99.999 -99.999 -99.999 -99.999 -99.999 -99.999 -99.999 -99.999 -99.999 -99.999 5.474 -99.999 -99.999 5.474
405 A 8.644 -99.999 -99.999 -99.999 -99.999 -99.999 -99.999 -99.999 -99.999 -99.999 -99.999 -99.999 -99.999 -99.999 -99.999 -99.999 -99.999 -99.999 -99.999 -99.999
406 A 5.474 -99.999 -99.999 -99.999 -99.999 -99.999 -99.999 -99.999 -99.999 -99.999 5.474 -99.999 -99.999 5.474 -99.999 -99.999 -99.999 -99.999 -99.999 -99.999
407 A 8.644 -99.999 -99.999 -99.999 -99.999 -99.999 -99.999 -99.999 -99.999 -99.999 -99.999 -99.999 -99.999 -99.999 -99.999 -99.999 -99.999 -99.999 -99.999 -99.999
408 L -99.999 -99.999 -99.999 -99.999 -99.999 -99.999 -99.999 -99.999 -99.999 -99.999 7.474 -99.999 -99.999 5.474 -99.999 -99.999 -99.999 -99.999 -99.999 -99.999
409 N -99.999 -99.999 7.474 -99.999 5.474 -99.999 -99.999 -99.999 -99.999 -99.999 -99.999 -99.999 -99.999 -99.999 -99.999 -99.999 -99.999 -99.999 -99.999 -99.999
410 K -99.999 -99.999 -99.999 -99.999 -99.999 -99.999 -99.999 -99.999 -99.999 -99.999 -99.999 5.474 -99.999 -99.999 5.474 -99.999 -99.999 -99.999 -99.999 5.474
411 A 5.474 -99.999 5.474 -99.999 -99.999 -99.999 -99.999 5.474 -99.999 -99.999 -99.999 -99.999 -99.999 -99.999 -99.999 -99.999 -99.999 -99.999 -99.999 -99.999
412 R -99.999 8.644 -99.999 -99.999 -99.999 -99.999 -99.999 -99.999 -99.999 -99.999 -99.999 -99.999 -99.999 -99.999 -99.999 -99.999 -99.999 -99.999 -99.999 -99.999
413 N -99.999 -99.999 8.644 -99.999 -99.999 -99.999 -99.999 -99.999 -99.999 -99.999 -99.999 -99.999 -99.999 -99.999 -99.999 -99.999 -99.999 -99.999 -99.999 -99.999
414 E -99.999 -99.999 -99.999 -99.999 -99.999 -99.999 8.644 -99.999 -99.999 -99.999 -99.999 -99.999 -99.999 -99.999 -99.999 -99.999 -99.999 -99.999 -99.999 -99.999
415 F -99.999 -99.999 -99.999 -99.999 -99.999 -99.999 -99.999 -99.999 -99.999 -99.999 -99.999 -99.999 -99.999 8.644 -99.999 -99.999 -99.999 -99.999 -99.999 -99.999
416 S -99.999 -99.999 -99.999 -99.999 -99.999 -99.999 -99.999 -99.999 -99.999 -99.999 -99.999 -99.999 -99.999 -99.999 -99.999 8.644 -99.999 -99.999 -99.999 -99.999
417 R -99.999 8.644 -99.999 -99.999 -99.999 -99.999 -99.999 -99.999 -99.999 -99.999 -99.999 -99.999 -99.999 -99.999 -99.999 -99.999 -99.999 -99.999 -99.999 -99.999
418 C -99.999 -99.999 -99.999 -99.999 8.644 -99.999 -99.999 -99.999 -99.999 -99.999 -99.999 -99.999 -99.999 -99.999 -99.999 -99.999 -99.999 -99.999 -99.999 -99.999
419 Q -99.999 -99.999 -99.999 -99.999 -99.999 8.644 -99.999 -99.999 -99.999 -99.999 -99.999 -99.999 -99.999 -99.999 -99.999 -99.999 -99.999 -99.999 -99.999 -99.999
420 S -99.999 -99.999 -99.999 -99.999 -99.999 -99.999 -99.999 -99.999 -99.999 -99.999 -99.999 -99.999 -99.999 -99.999 -99.999 8.644 -99.999 -99.999 -99.999 -99.999
421 L -99.999 -99.999 -99.999 -99.999 -99.999 -99.999 -99.999 -99.999 -99.999 -99.999 7.474 -99.999 -99.999 -99.999 -99.999 -99.999 -99.999 -99.999 -99.999 5.474
422 N -99.999 -99.999 7.474 -99.999 -99.999 -99.999 -99.999 5.474 -99.999 -99.999 -99.999 -99.999 -99.999 -99.999 -99.999 -99.999 -99.999 -99.999 -99.999 -99.999
423 A 6.644 -99.999 -99.999 -99.999 -99.999 -99.999 -99.999 -99.999 -99.999 -99.999 -99.999 -99.999 -99.999 -99.999 -99.999 6.644 -99.999 -99.999 -99.999 -99.999
424 R -99.999 5.474 -99.999 -99.999 -99.999 -99.999 -99.999 5.474 -99.999 -99.999 -99.999 5.474 -99.999 -99.999 -99.999 -99.999 -99.999 -99.999 -99.999 -99.999
425 Q -99.999 -99.999 5.474 -99.999 -99.999 7.474 -99.999 -99.999 -99.999 -99.999 -99.999 -99.999 -99.999 -99.999 -99.999 -99.999 -99.999 -99.999 -99.999 -99.999
426 I -99.999 -99.999 -99.999 -99.999 -99.999 -99.999 -99.999 -99.999 -99.999 5.474 -99.999 -99.999 5.474 -99.999 -99.999 -99.999 -99.999 -99.999 -99.999 5.474
427 L -99.999 -99.999 -99.999 -99.999 -99.999 -99.999 -99.999 -99.999 -99.999 -99.999 5.474 -99.999 -99.999 -99.999 -99.999 5.474 -99.999 -99.999 -99.999 5.474
428 Q -99.999 -99.999 -99.999 -99.999 -99.999 5.474 -99.999 -99.999 -99.999 -99.999 -99.999 5.474 -99.999 -99.999 -99.999 5.474 -99.999 -99.999 -99.999 -99.999
429 N -99.999 -99.999 5.474 -99.999 -99.999 -99.999 5.474 -99.999 -99.999 -99.999 -99.999 5.474 -99.999 -99.999 -99.999 -99.999 -99.999 -99.999 -99.999 -99.999
430 E -99.999 -99.999 -99.999 -99.999 -99.999 -99.999 7.474 -99.999 -99.999 5.474 -99.999 -99.999 -99.999 -99.999 -99.999 -99.999 -99.999 -99.999 -99.999 -99.999
431 Q -99.999 -99.999 -99.999 -99.999 -99.999 5.474 -99.999 -99.999 -99.999 -99.999 -99.999 -99.999 -99.999 -99.999 -99.999 5.474 -99.999 -99.999 5.474 -99.999
432 N -99.999 -99.999 5.474 -99.999 -99.999 -99.999 -99.999 5.474 -99.999 -99.999 -99.999 -99.999 -99.999 5.474 -99.999 -99.999 -99.999 -99.999 -99.999 -99.999