#Seq2Logo.py -f /work3/idamei/ssn-clusterings/clustering/2205110921/clusters/0018_41/sequences.afa -o /work3/idamei/ssn-clusterings/clustering/2205110921/clusters/0018_41/sequences.logo
Last position-specific scoring matrix computed, values are in halfbits
A R N D C Q E G H I L K M F P S T W Y V
0 L -1.151 -1.454 -2.431 -2.885 -0.239 -1.122 -2.424 -2.654 -1.039 1.532 2.064 -1.523 5.946 0.397 -3.313 -2.087 -1.117 -1.377 -0.903 0.919
1 L -1.025 1.08 -0.356 -1.995 -0.449 -1.47 -2.107 -2.288 -1.353 2.198 1.874 -0.839 1.877 -0.319 -2.904 -0.793 0.674 -2.077 -1.433 1.008
2 V -0.208 -2.461 -2.904 -3.139 0.365 -2.562 -2.868 -2.93 -2.89 3.055 0.971 -2.363 0.857 -0.373 -3.146 -2.259 -0.426 -2.362 -1.26 4.056
3 L -1.515 -2.161 -3.337 -3.595 -0.125 -2.615 -3.28 -3.357 -2.288 2.03 3.996 -2.453 2.158 0.858 -3.579 -3.133 -1.555 -1.625 -1.031 1.131
4 N -1.467 -1.423 3.26 2.019 -1.172 -1.444 -1.086 -1.287 -0.331 0.839 -0.83 -1.183 -0.739 2.103 -2.778 -0.802 0.803 -1.821 -0.464 -0.198
5 E -1.277 2.413 -0.733 0.214 -2.202 0.594 2.867 -2.219 0.859 -2.111 -1.994 0.674 -1.325 0.286 -2.394 -1.289 -1.525 -0.342 3.086 -1.812
6 V -0.212 -2.465 -2.908 -3.143 0.362 -2.566 -2.872 -2.934 -2.893 3.051 0.967 -2.367 0.853 -0.377 -3.15 -2.262 -0.43 -2.366 -1.263 4.066
7 K -0.805 2.115 -0.246 -0.7 -1.956 0.828 0.335 -1.321 -0.221 -2.101 -2.219 4.434 -1.202 -2.784 -1.665 -0.86 -1.06 -2.527 -1.767 -1.977
8 R -1.513 5.469 -0.441 -1.542 -2.238 0.539 -0.539 -2.106 0.12 -2.59 -2.006 2.04 -1.202 -2.45 -2.683 -1.385 -1.432 -2.212 -1.75 -2.14
9 K -0.805 2.115 -0.246 -0.7 -1.956 0.828 0.335 -1.321 -0.221 -2.101 -2.219 4.434 -1.202 -2.784 -1.665 -0.86 -1.06 -2.527 -1.767 -1.977
10 S 1.09 -0.719 0.519 -0.227 0.094 -0.548 -0.534 -0.085 -0.438 -1.89 -2.307 -0.263 -1.165 -1.922 -1.454 3.186 1.033 -2.527 -1.734 -1.271
11 C -0.426 -3.317 -2.943 -3.397 9.656 -3.437 -3.903 -2.142 -2.929 -0.71 -1.04 -3.092 -1.057 -2.006 -3.185 -1.649 -1.295 -3.213 -2.775 -0.388
12 K -0.805 2.115 -0.246 -0.7 -1.956 0.828 0.335 -1.321 -0.221 -2.101 -2.219 4.434 -1.202 -2.784 -1.665 -0.86 -1.06 -2.527 -1.767 -1.977
13 K -0.805 2.115 -0.246 -0.7 -1.956 0.828 0.335 -1.321 -0.221 -2.101 -2.219 4.434 -1.202 -2.784 -1.665 -0.86 -1.06 -2.527 -1.767 -1.977
14 I -1.355 -3.079 -3.241 -3.159 -0.129 -3.188 -3.665 -3.457 -2.689 4.463 1.698 -2.657 1.293 0.239 -3.483 -3.055 -1.053 -2.163 -1.263 2.882
15 E -0.897 -0.1 -0.317 1.54 -2.389 1.368 4.443 -1.928 0.414 -2.743 -2.681 0.698 -1.732 -2.586 -1.86 -0.769 -1.279 -2.366 -1.886 -2.112
16 D -1.755 -1.566 1.221 5.8 -2.351 -0.85 1.072 -1.102 -0.515 -2.704 -3.47 -0.808 -2.676 -2.898 -2.268 -0.931 -1.391 -3.509 -3.022 -2.843
17 V -0.212 -2.465 -2.908 -3.143 0.362 -2.566 -2.872 -2.934 -2.893 3.051 0.967 -2.367 0.853 -0.377 -3.15 -2.262 -0.43 -2.366 -1.263 4.066
18 L -1.059 -1.361 -2.338 -2.792 -0.147 -1.029 -2.331 -2.561 -0.947 1.625 2.157 -1.431 5.499 0.489 -3.221 -1.995 -1.024 -1.284 -0.811 1.011
19 A 3.865 -1.462 -1.64 -1.666 0.701 -1.298 -1.277 0.395 -1.189 -0.809 -1.3 -0.827 -0.852 -1.827 -1.454 0.476 -0.401 -2.419 -1.734 0.16
20 F -2.313 -2.875 -2.839 -3.293 -1.353 -3.843 -3.461 -2.853 -0.807 0.298 0.586 -3.283 0.223 6.48 -4.427 -3.009 -2.349 0.873 2.952 -0.486
21 D -1.111 -0.913 2.83 2.843 -1.596 -0.197 2.069 -1.212 -0.046 0.18 -1.735 -0.371 -1.32 -2.007 -2.361 -0.072 -0.821 -2.803 -2.11 -0.827
22 K -1.399 1.728 1.431 -1.195 -1.7 -0.601 -1.158 0.092 1.886 -1.13 -0.256 1.593 -0.675 1.164 -2.768 -1.49 -1.509 -0.364 3.212 -1.389
23 L -1.19 -2.163 -2.0 -2.543 -0.389 -2.347 -2.715 -2.663 -1.007 2.553 1.512 -2.038 0.75 2.437 -3.035 -1.56 1.27 -0.618 2.117 1.346
24 E -1.044 2.161 -0.35 0.378 -2.249 2.689 3.026 -1.805 0.28 -2.555 -2.399 2.114 -1.265 -2.777 -2.086 -0.949 -1.268 -2.412 -1.771 -2.094
25 K -0.696 1.965 2.464 -0.398 -1.224 -0.218 -0.648 -1.1 -0.199 0.291 -1.434 2.211 -0.928 -1.929 -2.245 0.585 -0.504 -2.606 -1.833 -0.653
26 F 0.306 0.976 1.313 -0.933 -1.007 0.147 -0.185 -1.421 -0.412 0.722 -0.58 -0.107 -0.452 2.953 -2.732 -0.71 -1.094 -1.322 0.157 -0.175
27 K 0.044 0.077 -0.556 -0.64 -0.859 -0.253 0.822 1.39 -0.839 -0.503 -1.554 1.972 -0.986 -2.054 -2.065 0.145 0.795 -2.5 -1.937 0.396
28 I -1.096 -2.777 -2.633 -2.968 -0.416 -2.996 -3.358 0.9 -2.215 3.166 1.604 -2.577 0.814 2.308 -3.527 -2.615 -1.354 -1.562 -0.351 2.258
29 L -1.186 -0.515 -0.973 -2.264 -0.547 -1.371 -1.876 -2.59 -1.643 2.134 2.493 1.326 1.08 -0.187 -2.965 -2.214 -1.223 -2.144 -1.394 1.632
30 F -0.478 -2.19 -1.848 -2.406 -0.719 -2.582 -2.548 -2.002 -1.08 0.233 1.043 -2.192 0.256 5.173 -3.261 -0.325 -0.081 -0.153 1.678 -0.271
31 Y -1.969 -1.756 1.645 1.658 -1.828 -1.782 -1.411 -1.988 0.95 -1.014 -1.042 -1.676 -0.932 3.932 -3.283 -1.812 -1.759 0.844 4.757 -1.37
32 A 3.891 -1.473 -1.651 -1.676 0.691 -1.309 -1.287 0.385 -1.2 -0.819 -1.31 -0.838 -0.863 -1.837 -1.464 0.466 -0.411 -2.429 -1.745 0.15
33 S 1.079 -0.73 0.508 -0.238 0.083 -0.559 -0.544 -0.095 -0.449 -1.9 -2.317 -0.274 -1.176 -1.932 -1.464 3.224 1.022 -2.538 -1.745 -1.281
34 L -1.53 -2.175 -3.351 -3.609 -0.139 -2.629 -3.295 -3.372 -2.303 2.016 4.019 -2.467 2.143 0.844 -3.593 -3.147 -1.57 -1.639 -1.045 1.117
35 L 0.044 -2.23 -2.195 -2.593 -0.387 -2.358 -2.602 -2.17 -0.828 2.433 1.318 -2.05 0.581 2.665 -3.07 -0.675 -1.003 -0.554 2.436 1.465
36 F -1.726 -2.961 -3.051 -3.325 -0.763 -3.526 -3.517 -3.118 -1.581 2.608 0.908 -3.042 0.566 5.215 -4.017 -2.995 -1.691 -0.176 1.708 1.782
37 L -1.535 -2.18 -3.356 -3.614 -0.144 -2.634 -3.3 -3.377 -2.308 2.011 4.028 -2.472 2.138 0.839 -3.598 -3.152 -1.575 -1.644 -1.05 1.112
38 L -1.15 -2.348 -2.291 -2.736 -0.521 -2.705 -2.851 -2.53 -1.546 1.914 2.051 -2.364 0.886 4.14 -3.448 -0.737 -1.164 -0.721 0.899 1.138
39 L -1.467 -2.753 -3.221 -3.397 -0.362 -3.131 -3.479 -3.306 -2.185 3.178 2.371 -2.767 1.237 3.166 -3.73 -3.033 -1.415 -1.188 0.231 2.22
40 V -0.067 -1.9 -1.06 -1.707 -0.262 -1.917 -2.042 1.319 -1.487 1.298 -0.318 -1.582 -0.217 1.961 -2.625 0.857 0.4 -1.727 -0.485 1.823
41 L -0.105 -1.744 -1.081 -1.671 -0.188 -1.787 -1.881 -1.525 -1.338 1.656 0.972 -1.482 0.33 2.125 -2.584 1.438 -0.146 -1.647 -0.344 1.355
42 F -1.976 -2.834 -2.828 -3.356 4.468 -3.476 -3.42 -2.84 -0.428 -0.056 0.129 -3.096 -0.138 5.853 -4.13 -2.778 -2.226 0.739 3.602 -0.627
43 I -0.664 -2.43 -1.935 -2.362 -0.288 -2.474 -2.815 1.058 -2.112 3.306 1.489 -2.074 0.736 -0.307 -3.072 -0.557 -0.846 -2.27 -1.589 1.967
44 L -1.506 -2.54 -3.307 -3.433 -0.222 -2.782 -3.45 -3.428 -2.421 3.431 3.17 -2.544 2.317 0.487 -3.605 -3.097 -1.385 -1.91 -1.206 1.913
45 W -0.221 -1.439 -0.78 -1.459 -0.879 -1.474 -1.508 -1.012 -0.769 -1.874 -1.961 -1.266 -1.225 -0.009 -2.81 1.515 -0.276 8.632 0.836 -1.714
46 G -0.059 -2.413 -1.416 -2.091 -0.364 -2.377 -2.746 3.937 -2.099 1.351 -0.479 -1.988 -0.409 -1.311 -2.961 -1.564 -1.085 -2.405 -2.061 2.351
47 V -0.208 -2.46 -2.903 -3.139 0.366 -2.561 -2.868 -2.929 -2.889 3.055 0.971 -2.362 0.858 -0.372 -3.145 -2.258 -0.425 -2.361 -1.259 4.054
48 L -1.014 -2.389 -2.359 -2.713 -0.301 -2.612 -2.894 -2.639 -1.94 3.009 2.223 -2.264 1.098 2.404 -3.292 -0.747 -0.957 -1.49 -0.234 1.768
49 A 2.085 -1.735 -1.203 -1.683 -0.11 -1.727 -1.795 1.676 -1.208 -0.477 0.346 -1.328 -0.328 1.926 -2.257 0.804 -0.603 -1.664 -0.531 -0.394
50 G 2.361 -1.981 -1.543 -1.974 4.663 -1.811 -2.139 2.958 -1.514 -0.806 -0.88 -1.471 1.422 -1.655 -2.315 -0.524 -1.071 -2.414 -2.127 -0.437
51 F -1.819 -2.676 -2.854 -3.242 -0.94 -2.941 -3.262 -3.207 -0.146 2.869 0.735 -2.647 0.45 4.124 -3.761 -2.937 -1.747 0.505 4.038 1.282
52 S 0.997 -0.812 0.426 -0.319 0.002 -0.641 -0.626 -0.177 -0.531 -1.982 -2.399 -0.356 -1.258 -2.014 -1.546 3.495 0.94 -2.62 -1.826 -1.363
53 P -0.907 -2.084 -2.004 -1.635 -1.528 -2.004 -1.693 -1.923 -1.678 -2.388 -2.821 -1.135 -2.474 -3.406 6.733 -1.523 -1.419 -4.62 -2.706 -2.233
54 L -0.94 -2.428 -3.225 -3.455 0.011 -2.712 -3.199 -3.256 -2.66 2.622 2.973 -2.517 1.501 0.237 -3.467 -2.797 -1.064 -2.058 -1.239 3.025
55 L -1.482 -2.164 -3.038 -3.403 -0.201 -2.57 -3.187 -3.247 -2.31 1.821 3.972 -2.39 1.935 0.643 -3.487 -2.701 -0.444 -1.756 -1.169 0.98
56 G 0.019 -2.428 -0.511 -1.394 -1.391 -2.266 -2.693 5.875 -1.547 -3.286 -3.532 -1.722 -2.738 -2.749 -2.85 -1.073 -1.99 -2.511 -3.219 -2.935
57 F -2.405 -2.967 -2.931 -3.385 -1.445 -3.935 -3.553 -2.945 -0.899 0.206 0.494 -3.375 0.131 6.622 -4.519 -3.101 -2.441 0.781 2.86 -0.578
58 Y -1.644 -2.026 -2.302 -3.146 4.435 -2.042 -2.612 -2.88 1.671 -0.864 -1.002 -2.092 -0.806 2.906 -3.386 -2.385 -2.036 1.863 6.371 -0.962
59 V -0.774 -2.758 -3.039 -3.254 4.169 -2.91 -3.331 -1.733 -2.788 3.195 1.641 -2.603 0.91 -0.25 -3.385 -2.542 -0.967 -2.365 -1.499 3.14
60 P -0.15 -1.715 -1.169 -1.349 -0.72 -1.617 -1.479 -1.416 -1.436 -0.674 -1.817 -1.033 -1.411 -2.375 5.221 0.887 -0.42 -3.558 -2.211 0.214
61 L -1.54 -2.614 -3.39 -3.494 -0.221 -2.941 -3.534 -3.494 -2.548 3.447 3.316 -2.633 1.723 0.514 -3.632 -3.194 -1.424 -1.938 -1.223 1.919
62 I -1.64 -3.052 -3.249 -3.309 -0.443 -3.362 -3.684 -3.403 -2.237 4.008 1.698 -2.857 1.078 3.142 -3.761 -3.143 -1.415 -1.256 0.201 2.216
63 F -1.976 -2.834 -2.828 -3.356 4.468 -3.476 -3.42 -2.84 -0.428 -0.056 0.129 -3.096 -0.138 5.853 -4.13 -2.778 -2.226 0.739 3.602 -0.627
64 L -1.612 -2.257 -3.433 -3.691 -0.221 -2.711 -3.376 -3.453 -2.384 1.934 4.15 -2.549 2.062 0.762 -3.675 -3.229 -1.651 -1.721 -1.127 1.035
65 A 3.013 -1.49 -1.072 -1.413 0.337 -1.345 -1.359 -0.163 -1.205 0.735 -0.923 -0.935 -0.596 -1.54 -1.762 1.463 -0.078 -2.503 -1.754 0.375
66 L -0.364 -2.345 -3.133 -3.366 -0.243 -2.736 -3.15 -2.772 -2.07 1.947 3.29 -2.469 1.538 2.55 -3.478 -2.591 -1.502 -1.316 -0.161 1.343
67 N -0.954 -0.258 3.781 0.234 -1.484 2.269 -0.242 1.608 0.322 -2.201 -2.512 -0.035 -1.42 -2.508 -2.41 -0.328 0.747 -2.604 -1.961 -1.86
68 L 0.302 -2.589 -2.402 -2.743 -0.521 -2.839 -3.025 1.137 -1.694 2.266 1.301 -2.366 0.483 3.574 -3.295 -1.989 -1.535 -1.014 0.448 0.945
69 G -0.582 -1.333 -1.292 -1.959 2.887 -1.929 -2.269 3.64 -1.419 -0.348 -1.087 0.291 -0.967 2.645 -3.018 -1.604 -1.642 -1.466 -0.277 0.264
70 S 0.443 -0.712 1.22 -0.376 -0.193 0.346 -0.644 -0.569 -0.521 -1.451 -1.998 -0.348 -1.05 -1.994 -1.719 2.521 2.321 -2.511 -1.797 -0.931
71 N 0.408 -1.37 2.626 -0.61 -0.781 -1.234 -0.472 0.401 0.016 0.13 0.345 -1.131 -0.342 0.011 -2.713 -1.018 -1.003 -1.156 1.949 0.665
72 R 0.54 3.561 -0.716 -1.445 -1.162 -0.219 -0.822 -1.308 -0.391 -1.635 -1.521 1.865 -0.99 1.682 -2.353 0.152 -0.908 -1.704 -0.511 -1.378
73 G -0.711 -0.532 -1.051 -1.6 -0.811 0.914 -1.162 2.023 -1.083 0.953 0.712 0.787 1.12 -1.119 -2.599 -1.164 0.525 -2.206 -1.726 0.284
74 F 0.191 -2.113 -2.108 -2.654 -0.694 -2.39 -2.553 -2.033 -0.291 0.175 0.918 -2.092 0.157 4.474 -3.118 -1.485 0.332 0.319 3.433 -0.161
75 R -1.605 5.638 -0.533 -1.635 -2.33 0.447 -0.632 -2.199 0.028 -2.682 -2.099 1.948 -1.295 -2.543 -2.775 -1.477 -1.525 -2.305 -1.843 -2.233
76 V -0.697 -2.194 -2.276 -2.745 -0.15 -2.294 -2.666 -2.68 -1.186 2.521 1.524 -2.086 0.763 0.609 -3.081 -1.16 0.074 -1.02 2.056 2.769
77 L -0.978 -2.133 1.037 -1.615 1.7 -2.216 -2.419 0.61 -1.547 1.97 0.871 -1.757 0.071 -0.954 2.605 -1.803 -1.156 -2.739 -1.886 1.407
78 L 0.298 -2.586 -2.971 -3.081 -0.166 -2.809 -3.089 -2.451 -2.132 3.133 1.983 -2.407 1.019 2.37 -3.268 -2.228 -1.211 -1.521 -0.246 2.13
79 A 1.66 -1.437 -0.772 -1.345 0.225 -1.346 -1.428 -0.785 -1.372 0.672 -0.749 -1.032 -0.391 -1.42 -1.972 1.612 1.322 -2.496 -1.677 1.796
80 L -1.591 -2.445 -3.167 -3.392 -0.37 -2.698 -3.342 -3.275 -1.996 2.856 2.936 -2.531 2.734 2.574 -3.696 -2.996 -1.512 -1.276 -0.124 1.494
81 I -1.254 -3.075 -3.283 -3.249 -0.146 -3.183 -3.63 -3.469 -2.81 4.507 1.512 -2.706 1.141 0.067 -3.525 -3.02 -1.048 -2.284 -1.356 3.061
82 A 2.894 -1.797 -1.627 -1.826 0.31 -1.678 -1.734 -0.46 -1.502 1.922 -0.261 -1.234 -0.187 -1.175 -1.996 0.594 -0.396 -2.451 -1.684 1.022
83 I -1.394 -2.836 -3.336 -3.369 -0.183 -3.06 -3.581 -3.482 -2.676 4.025 2.553 -2.669 1.447 0.299 -3.578 -3.106 -1.23 -2.106 -1.289 2.546
84 L -1.807 -2.439 -2.864 -3.345 -0.915 -2.784 -3.151 -3.167 -0.106 1.751 1.842 -2.587 0.741 4.162 -3.774 -2.926 -1.861 0.558 4.047 0.811
85 S 0.4 -1.21 1.842 -0.436 4.603 -1.109 -1.197 1.743 -0.629 -2.024 -2.408 -0.803 -1.539 -2.181 -2.057 2.313 0.197 -2.75 -2.171 -1.541
86 G 1.98 -1.729 -0.727 -1.333 4.65 -1.584 -1.694 3.013 -1.296 -1.712 -2.11 -1.177 -1.487 -2.189 -2.078 1.285 -0.408 -2.644 -2.304 -1.05
87 A 2.471 -1.474 -1.374 -1.771 0.244 -1.372 -1.628 -0.632 -1.307 0.122 0.807 -1.101 1.901 -0.938 -2.015 0.526 0.947 -2.177 -1.563 0.251
88 F -2.246 -2.601 -2.701 -3.299 -1.548 -3.174 -3.187 -2.962 0.278 -0.064 0.144 -2.889 -0.096 5.992 -4.154 -2.919 -2.358 1.277 4.609 -0.705
89 I -1.049 -2.7 -2.584 -2.822 -0.106 -2.783 -3.183 -3.056 -2.583 4.12 1.239 -2.354 0.939 -0.137 -3.19 -2.111 0.682 -2.284 -1.412 2.828
90 F 0.074 -2.665 -2.838 -3.084 -0.375 -3.02 -3.05 -2.414 -1.708 2.207 0.653 -2.606 0.419 4.484 -3.475 -2.217 -1.294 -0.611 1.172 2.328
91 A 3.415 -1.3 -0.867 -1.225 0.431 -1.133 -1.114 0.16 -1.024 -1.199 -1.673 -0.73 -1.039 -1.949 -1.546 1.757 0.038 -2.545 -1.826 -0.311
92 S 0.997 -0.812 0.426 -0.319 0.002 -0.641 -0.626 -0.177 -0.531 -1.982 -2.399 -0.356 -1.258 -2.014 -1.546 3.495 0.94 -2.62 -1.826 -1.363
93 R -1.605 5.638 -0.533 -1.635 -2.33 0.447 -0.632 -2.199 0.028 -2.682 -2.099 1.948 -1.295 -2.543 -2.775 -1.477 -1.525 -2.305 -1.843 -2.233
94 N -1.612 -0.442 5.399 1.246 -1.991 -0.244 0.902 -0.423 0.822 -2.791 -3.154 -0.206 -2.17 -2.477 -2.546 -0.276 -0.629 -2.947 -2.116 -2.566
95 I -1.453 -2.37 -2.285 -2.8 -0.714 -2.507 -2.888 -2.904 -0.204 2.843 0.567 -2.233 0.366 3.011 -3.293 -2.055 0.408 0.193 3.81 1.344
96 L 0.517 -1.926 -2.4 -1.819 -0.156 -1.563 0.1 -2.255 -1.819 2.329 1.975 -1.596 0.868 -0.32 -2.866 -1.795 -1.009 -2.207 -1.431 2.363
97 S 0.291 -1.235 -0.499 -1.201 -0.191 -1.086 -1.314 -1.05 -0.257 0.097 -0.517 -0.935 1.675 0.042 -2.178 2.156 0.21 -1.069 2.007 0.729
98 G 0.039 -2.408 -0.491 -1.374 -1.371 -2.246 -2.673 5.857 -1.527 -3.266 -3.511 -1.702 -2.718 -2.729 -2.83 -1.053 -1.97 -2.491 -3.199 -2.915
99 S 1.273 -1.335 -0.608 -1.229 0.111 -1.269 -1.366 -0.813 -1.22 0.307 0.424 -0.973 -0.094 -1.145 -2.0 1.95 1.099 -2.397 -1.641 0.948
100 L -1.143 -1.735 -2.408 -2.474 -0.496 0.46 -1.878 -2.819 -1.752 2.79 1.925 -1.485 0.907 -0.366 1.613 -2.341 -1.189 -2.365 -1.45 1.957
101 G -0.617 1.027 -0.618 -1.168 -1.439 1.263 -0.574 2.736 -0.676 0.228 -1.49 2.389 -0.939 -2.146 -2.364 -0.834 -1.252 -2.466 -2.014 -0.767
102 D -1.848 -1.659 1.128 5.936 -2.443 -0.943 0.979 -1.194 -0.607 -2.796 -3.562 -0.9 -2.769 -2.991 -2.36 -1.023 -1.484 -3.602 -3.114 -2.935
103 D -1.848 -1.659 1.128 5.936 -2.443 -0.943 0.979 -1.194 -0.607 -2.796 -3.562 -0.9 -2.769 -2.991 -2.36 -1.023 -1.484 -3.602 -3.114 -2.935
104 F -2.277 -2.854 -2.998 -3.427 -1.235 -3.725 -3.527 -3.013 -1.07 0.526 1.39 -3.242 0.499 6.24 -4.382 -3.119 -2.314 0.531 2.533 -0.285
105 A 3.181 -1.419 -1.632 -1.386 0.058 -1.038 0.055 -0.291 -0.082 -1.02 -1.394 -0.871 -0.961 0.084 -1.856 -0.105 -0.822 -0.733 2.652 -0.277
106 N -1.606 -0.234 5.403 1.026 -1.926 1.246 -0.381 -0.381 0.87 -2.711 -3.025 -0.095 -1.905 -2.522 -2.592 -0.272 -0.591 -2.912 -2.014 -2.507
107 I -1.128 -2.859 -3.258 -3.306 -0.087 -3.024 -3.479 -3.393 -2.772 4.04 1.996 -2.643 1.239 0.102 -3.5 -2.933 -1.035 -2.222 -1.322 3.098
108 Y -1.861 -1.61 1.096 -1.939 -1.836 -1.638 -2.135 -2.403 1.896 -1.081 -1.213 -1.659 -0.923 2.898 -3.285 -2.04 -1.861 1.869 6.376 -1.23
109 Y -1.923 -1.853 1.004 -2.032 -1.466 -2.06 -2.433 -2.441 1.024 -0.2 0.664 -1.964 -0.096 3.95 -3.52 -2.22 -1.841 1.161 5.179 -0.7
110 P -0.627 -2.126 -2.315 -2.208 -0.941 -2.143 -2.117 -2.249 -1.103 0.093 0.299 -1.549 -0.541 -0.457 5.185 -1.846 -1.345 -1.915 1.411 0.555
111 V 1.725 -2.234 -2.578 -2.731 0.37 -2.236 -2.412 -1.634 -2.389 2.276 0.387 -1.93 0.367 -0.815 -2.648 -1.278 -0.514 -2.473 -1.483 3.589
112 Y -2.023 -2.126 -2.388 -3.174 -1.71 -2.313 -2.712 -2.986 1.453 -0.522 -0.478 -2.286 -0.472 4.678 -3.681 -2.666 -2.238 1.891 6.109 -0.907
113 N -1.403 -0.297 3.724 0.748 -2.063 1.55 2.065 -1.146 0.92 -2.369 -2.495 0.045 -1.568 -0.675 -2.463 -0.715 -1.02 -1.256 1.92 -2.12
114 L -1.04 1.114 -0.979 1.197 -0.869 -1.208 -1.303 -2.072 -0.354 1.243 1.007 -0.707 1.969 0.343 -2.855 -0.338 -0.993 -1.005 1.997 0.228
115 L -0.911 -2.143 -2.88 -3.166 -0.042 -2.083 -2.907 -3.009 -2.041 2.769 2.092 -2.135 3.835 0.14 -3.373 -2.463 -0.959 -1.898 -1.154 2.822
116 E 0.499 1.754 1.673 -0.129 -1.185 2.496 1.295 -1.099 0.113 -1.853 -2.029 0.57 -1.052 -2.429 -2.132 -0.365 0.709 -2.428 -1.741 -1.301
117 H -0.81 -0.06 2.292 0.97 -1.585 -0.255 -0.348 -0.982 5.724 -2.488 -2.694 0.994 -1.531 -1.733 -2.283 0.664 -0.796 -2.24 -0.028 -2.406
118 G 0.019 -2.428 -0.511 -1.394 -1.391 -2.266 -2.693 5.875 -1.547 -3.286 -3.532 -1.722 -2.738 -2.749 -2.85 -1.073 -1.99 -2.511 -3.219 -2.935
119 G -0.127 -1.762 -0.011 1.972 -1.364 -1.265 0.062 4.578 -1.01 -2.939 -3.276 -1.08 -2.396 -2.664 -2.461 0.215 -1.222 -2.682 -2.838 -2.587
120 T 0.382 -1.008 0.08 -0.732 0.03 -0.933 -1.067 -0.812 -1.036 -0.902 -1.606 -0.634 -0.865 -1.801 -1.665 2.21 3.412 -2.406 -1.798 -0.399
121 I -1.235 -3.066 -3.279 -3.249 -0.138 -3.173 -3.618 -3.461 -2.813 4.487 1.503 -2.702 1.135 0.058 -3.521 -3.007 -1.038 -2.286 -1.356 3.087
122 F -2.405 -2.967 -2.931 -3.385 -1.445 -3.935 -3.553 -2.945 -0.899 0.206 0.494 -3.375 0.131 6.622 -4.519 -3.101 -2.441 0.781 2.86 -0.578
123 Y -1.883 -1.848 -2.196 -3.093 -1.823 -1.854 -2.434 -3.003 2.034 -0.874 -0.981 -1.944 -0.753 3.277 -3.404 -2.508 -2.16 2.238 6.799 -1.05
124 Y -1.282 -0.398 -0.33 1.628 -1.718 -0.347 0.969 -1.891 3.573 -1.623 -1.903 0.884 -1.252 0.606 -2.418 -1.082 0.37 -0.211 3.644 -1.542
125 D -0.865 -0.14 0.494 3.755 -1.766 3.148 1.165 -1.184 0.06 -2.457 -2.649 0.256 -1.359 -2.836 -2.16 0.284 -0.818 -2.786 -2.034 -2.166
126 F -2.405 -2.967 -2.931 -3.385 -1.445 -3.935 -3.553 -2.945 -0.899 0.206 0.494 -3.375 0.131 6.622 -4.519 -3.101 -2.441 0.781 2.86 -0.578
127 S 0.706 -0.908 0.258 -0.518 0.016 -0.783 -0.838 -0.477 -0.773 -1.392 -1.975 -0.492 -1.055 -1.906 -1.605 2.924 2.433 -2.511 -1.812 -0.841
128 G -0.151 -1.058 2.305 -0.464 -1.284 -1.256 -1.552 4.496 -0.629 -2.862 -3.165 0.11 -2.239 -2.58 -2.488 0.335 -0.991 -2.635 -2.62 -2.519
129 G 0.019 -2.428 -0.511 -1.394 -1.391 -2.266 -2.693 5.875 -1.547 -3.286 -3.532 -1.722 -2.738 -2.749 -2.85 -1.073 -1.99 -2.511 -3.219 -2.935
130 I -0.458 -2.816 -3.057 -3.172 -0.129 -3.003 -3.268 -2.934 -2.405 3.607 1.115 -2.603 0.832 2.304 -3.428 -2.551 -1.014 -1.639 -0.253 3.115
131 E -0.99 -0.193 -0.409 1.447 -2.482 1.275 4.653 -2.02 0.322 -2.835 -2.774 0.606 -1.824 -2.679 -1.952 -0.862 -1.372 -2.458 -1.979 -2.205
132 F -2.405 -2.967 -2.931 -3.385 -1.445 -3.935 -3.553 -2.945 -0.899 0.206 0.494 -3.375 0.131 6.622 -4.519 -3.101 -2.441 0.781 2.86 -0.578
133 L -1.836 -2.763 -3.205 -3.443 -0.629 -3.294 -3.549 -3.275 -1.811 2.664 2.472 -2.898 1.194 4.35 -3.936 -3.157 -1.759 -0.595 1.033 1.246
134 L -1.588 -2.371 -3.419 -3.624 -0.221 -2.786 -3.428 -3.467 -2.438 2.531 3.898 -2.577 1.953 0.682 -3.661 -3.217 -1.574 -1.792 -1.159 1.361
135 P -0.824 -1.839 -1.72 -1.694 -1.039 -1.732 -1.75 -1.933 -1.55 -1.095 -1.21 -1.146 1.247 -2.216 5.81 -1.161 0.529 -3.493 -2.233 -1.126
136 L -1.588 -2.371 -3.419 -3.624 -0.221 -2.786 -3.428 -3.467 -2.438 2.531 3.898 -2.577 1.953 0.682 -3.661 -3.217 -1.574 -1.792 -1.159 1.361
137 Y -1.966 -2.012 -2.31 -3.141 -1.754 -2.121 -2.598 -2.993 1.699 -0.658 -0.668 -2.144 -0.581 4.196 -3.567 -2.602 -2.207 2.035 6.405 -0.964
138 F -2.405 -2.967 -2.931 -3.385 -1.445 -3.935 -3.553 -2.945 -0.899 0.206 0.494 -3.375 0.131 6.622 -4.519 -3.101 -2.441 0.781 2.86 -0.578
139 K -1.097 1.678 -0.613 -1.067 -2.097 0.425 -0.052 -1.539 -0.426 -2.154 -2.219 4.254 -1.303 -1.874 -2.073 -1.2 -1.335 5.234 -0.847 -2.101
140 I -1.038 -2.786 -3.234 -3.317 -0.048 -2.96 -3.406 -3.349 -2.775 3.844 2.054 -2.615 1.236 0.079 -3.476 -2.871 -0.997 -2.22 -1.315 3.199
141 L -1.346 -2.863 -3.321 -3.425 4.638 -3.11 -3.656 -3.291 -2.675 3.557 2.544 -2.738 1.303 0.153 -3.563 -2.924 -1.34 -2.187 -1.446 1.964
142 G -0.447 -1.896 -0.929 -1.783 -1.308 -1.804 -2.192 3.671 0.613 -1.856 -2.039 -1.568 -1.53 1.303 -2.831 -0.133 -1.4 0.448 4.489 -1.768
143 N -1.35 -1.315 2.751 -0.742 -1.468 -1.38 -1.692 1.352 3.491 -0.939 0.086 -1.308 -0.611 1.8 -3.046 -1.069 -1.414 -0.577 2.738 -1.348
144 I -1.009 -2.622 -3.027 -3.203 -0.13 -2.692 -3.216 -3.152 -2.29 3.505 1.337 -2.488 2.398 1.821 -3.489 -2.669 -0.996 -1.699 -0.479 3.103
145 F -2.2 -2.672 -2.878 -3.383 -1.282 -3.346 -3.34 -3.021 -0.386 0.408 1.267 -2.999 0.401 5.897 -4.203 -3.026 -2.274 0.812 3.638 -0.342
146 G -0.272 -2.009 0.737 1.521 -1.315 -1.809 -1.562 4.796 -1.161 -2.229 -1.544 -1.429 -1.845 -2.259 -2.7 -0.402 -1.464 -2.613 -2.812 -2.247
147 I -0.945 -2.692 -2.398 -2.604 -0.188 -2.721 -3.045 -2.756 -2.332 4.303 1.279 -2.261 0.954 -0.079 -3.183 -0.763 -0.739 -2.305 -1.419 2.456
148 K 1.005 0.253 -0.355 -0.374 -0.723 1.51 1.208 -0.876 -0.341 -1.176 -1.832 1.782 -0.969 -2.229 -1.836 1.211 -0.279 -2.515 -1.746 -0.342
149 E 0.341 -0.402 2.967 2.308 -1.584 1.55 2.229 -0.858 0.272 -2.377 -2.626 0.072 -1.66 -2.576 -2.168 -0.468 -0.943 -2.733 -2.036 -1.882
150 P -0.914 -1.408 -1.658 -1.428 -1.589 0.692 -1.019 -1.867 -1.194 -2.377 -2.7 -0.675 -2.089 -3.349 6.31 -1.412 -1.363 -4.139 -2.47 -2.176
151 V 0.741 -2.443 -2.772 -2.991 0.133 -2.579 -2.745 -2.238 -2.304 2.339 0.585 -2.286 0.483 2.139 -3.065 -1.844 -0.725 -1.716 -0.281 3.565
152 Y -0.909 -1.585 -1.153 0.046 -1.072 -1.44 -1.552 -1.959 0.681 -0.697 -0.709 -1.33 1.514 1.495 1.703 -0.142 -0.114 0.426 4.539 -0.828
153 I -1.178 -2.792 -3.062 -3.225 -0.267 -2.878 -3.329 -3.333 -1.428 3.938 1.174 -2.55 0.882 0.752 -3.467 -2.841 -1.099 -1.05 2.062 2.965
154 L -1.476 -2.068 -2.883 -3.219 -0.375 -2.091 -2.995 -3.026 -1.556 2.234 2.643 -2.176 4.218 2.564 -3.601 -2.659 -1.428 -1.13 -0.056 1.152
155 F 2.111 -2.227 -2.364 -2.557 -0.161 -2.428 -2.35 -1.111 -1.29 0.458 -0.098 -1.968 -0.168 4.4 -2.741 -1.033 -1.18 -0.636 1.115 1.022
156 A 2.897 -1.39 -0.908 -1.319 0.365 -1.247 -1.256 -0.167 -1.174 -0.157 -1.198 -0.877 -0.723 -1.691 -1.735 1.699 0.079 -2.54 -1.754 0.92
157 V -0.526 -2.612 -2.99 -3.256 0.078 -2.81 -3.042 -3.014 -2.579 2.693 0.823 -2.573 0.679 2.204 -3.394 -2.45 -0.73 -1.71 -0.238 3.948
158 S 0.208 -1.363 -0.449 -1.189 4.671 -1.327 -1.483 -1.079 -1.288 -0.432 0.218 -1.041 -0.314 -1.335 -2.047 1.882 2.137 -2.451 -1.824 -0.322
159 A 2.031 -2.153 -2.023 -2.349 -0.244 -2.289 -2.349 1.522 -1.37 0.012 0.686 -1.835 -0.083 3.451 -2.672 -0.979 -1.306 -1.059 0.387 0.076
160 L -1.712 -2.349 -3.356 -3.645 -0.367 -2.857 -3.401 -3.375 -2.119 1.742 3.838 -2.653 1.853 2.683 -3.782 -3.211 -1.752 -1.202 -0.103 0.853
161 C -0.487 -3.271 -3.03 -3.452 9.326 -3.388 -3.824 -2.335 -3.016 0.133 -0.745 -3.069 -0.786 -1.801 -3.272 -1.821 -1.247 -3.168 -2.597 0.889
162 L -1.625 -2.307 -3.207 -3.533 -0.402 -2.643 -3.27 -3.398 -1.216 2.314 3.497 -2.481 1.673 1.218 -3.621 -3.103 -1.639 -0.758 2.113 1.165
163 L -0.525 -1.969 -1.439 -2.092 -0.354 -2.12 -2.375 1.179 -1.631 0.88 1.644 -1.809 0.484 2.166 -2.863 -0.114 0.709 -1.53 -0.411 1.078
164 L -1.426 -2.224 -3.091 -3.223 -0.387 -2.534 -3.006 -3.102 -2.154 1.588 3.461 -2.265 2.025 1.05 1.556 -2.809 -1.55 -1.857 -0.996 0.995
165 F -2.325 -2.778 -2.814 -3.342 -1.496 -3.529 -3.364 -2.954 -0.251 0.074 0.324 -3.122 0.02 6.324 -4.331 -3.009 -2.4 1.04 3.865 -0.641
166 Y -1.883 -1.848 -2.196 -3.093 -1.823 -1.854 -2.434 -3.003 2.034 -0.874 -0.981 -1.944 -0.753 3.277 -3.404 -2.508 -2.16 2.238 6.799 -1.05
167 I -1.275 -2.931 -3.297 -3.308 -0.146 -3.097 -3.575 -3.455 -2.749 4.222 2.059 -2.677 1.284 0.166 -3.539 -3.031 -1.113 -2.2 -1.322 2.885
168 W -2.721 -2.454 -3.237 -3.691 -2.405 -2.895 -3.04 -2.437 -1.205 -1.925 -1.721 -2.862 -1.351 1.057 -5.479 -3.426 -2.766 10.681 2.098 -2.299
169 L -1.529 -2.182 -3.26 -3.529 -0.224 -2.457 -3.244 -3.331 -2.174 2.199 3.796 -2.391 3.007 0.672 -3.614 -3.03 -1.531 -1.704 -1.11 1.187
170 E -0.99 -0.193 -0.409 1.447 -2.482 1.275 4.653 -2.02 0.322 -2.835 -2.774 0.606 -1.824 -2.679 -1.952 -0.862 -1.372 -2.458 -1.979 -2.205
171 K -1.115 2.368 -0.919 -1.454 -1.562 -0.008 -0.547 -1.906 -0.59 -0.484 -0.678 3.412 -0.58 1.737 -2.369 -1.454 -1.295 -1.739 -0.464 -0.031
172 Y -2.023 -2.126 -2.388 -3.174 -1.71 -2.313 -2.712 -2.986 1.453 -0.522 -0.478 -2.286 -0.472 4.678 -3.681 -2.666 -2.238 1.891 6.109 -0.907
173 G 0.065 -2.512 -1.089 -1.824 -0.838 -2.415 -2.812 4.854 -1.861 0.902 -1.19 -1.918 -1.076 -1.72 -2.949 -1.396 -1.555 -2.466 -2.514 0.731
174 L -1.518 -2.237 -3.253 -3.497 -0.224 -2.491 -3.268 -3.338 -2.199 2.487 3.657 -2.404 2.968 0.631 -3.607 -3.025 -1.493 -1.739 -1.125 1.346
175 E -0.951 1.715 -0.843 -0.274 -1.664 1.048 2.04 -1.963 -0.383 -0.501 -1.623 2.067 -1.051 -2.319 1.809 -1.235 -1.208 -2.68 -1.878 -0.064
176 G -0.83 -0.485 3.182 2.616 -1.664 -0.733 -0.433 2.343 -0.058 -2.63 -3.021 0.89 -2.115 -2.128 -2.383 0.052 -0.903 -2.533 -0.967 -2.46
177 I -1.349 -3.123 -3.308 -3.25 -0.183 -3.231 -3.693 -3.509 -2.796 4.605 1.559 -2.728 1.171 0.107 -3.55 -3.083 -1.096 -2.27 -1.356 2.928
178 D -0.716 -0.855 0.347 3.633 -1.51 0.098 2.696 -1.318 -0.313 -2.179 -2.639 -0.174 -1.794 -2.503 -1.992 0.462 0.759 -2.793 -2.262 -1.794
179 E -0.005 1.713 -0.677 -0.216 -1.28 0.142 1.945 -1.494 -0.435 -1.373 -1.516 1.449 -1.194 -2.273 1.844 0.179 -0.812 -2.686 -1.934 -0.727
180 D -0.84 -0.347 3.001 3.315 -1.351 -0.538 -0.028 -0.805 -0.176 -2.088 -2.653 0.989 -1.784 -2.459 -2.119 0.581 0.897 -2.941 -2.253 -1.849
181 K -1.013 1.739 -0.378 -0.926 -2.056 0.549 0.062 -1.526 2.147 -2.111 -2.216 4.278 -1.255 -1.52 -1.915 -1.085 -1.284 -1.762 0.818 -2.045
182 R -1.269 4.442 -0.416 -1.155 -2.188 1.825 0.011 -1.835 0.034 -2.467 -2.158 3.033 -1.162 -2.711 -2.339 -1.205 -1.332 -2.393 -1.773 -2.125
183 S 1.694 -0.907 0.2 -0.486 0.097 -0.737 -0.721 -0.103 -0.627 -1.801 -2.232 -0.43 -1.211 -2.0 -1.546 3.21 0.774 -2.604 -1.826 -1.11
184 L -1.588 -2.371 -3.419 -3.624 -0.221 -2.786 -3.428 -3.467 -2.438 2.531 3.898 -2.577 1.953 0.682 -3.661 -3.217 -1.574 -1.792 -1.159 1.361
185 C -0.518 -3.409 -3.035 -3.489 9.753 -3.529 -3.995 -2.234 -3.021 -0.803 -1.132 -3.184 -1.149 -2.098 -3.277 -1.741 -1.387 -3.306 -2.867 -0.48
186 V -0.68 -2.632 -3.128 -3.3 0.103 -2.789 -3.175 -3.19 -2.848 3.324 1.769 -2.532 1.079 -0.124 -3.37 -2.623 -0.788 -2.298 -1.322 3.718
187 A 4.082 -1.555 -1.733 -1.758 0.609 -1.391 -1.369 0.303 -1.282 -0.901 -1.392 -0.92 -0.944 -1.919 -1.546 0.384 -0.493 -2.511 -1.826 0.068
188 S 2.255 -1.005 -0.045 -0.663 0.189 -0.836 -0.82 -0.032 -0.726 -1.63 -2.074 -0.506 -1.165 -1.987 -1.546 2.893 0.598 -2.588 -1.826 -0.877
189 S 1.559 -1.172 -0.129 -0.793 4.694 -1.02 -1.031 -0.316 -0.885 -1.612 -2.025 -0.707 -1.195 -2.012 -1.738 2.801 0.522 -2.692 -1.954 -0.978
190 L -1.688 -2.467 -3.342 -3.579 -0.367 -2.936 -3.453 -3.388 -2.168 2.376 3.555 -2.682 1.736 2.642 -3.767 -3.199 -1.671 -1.261 -0.125 1.199
191 G 1.129 -2.068 -0.602 -1.36 -0.8 -1.922 -2.196 5.043 -1.406 -2.26 -2.027 -1.442 -1.877 -2.312 -2.488 0.077 -1.255 -2.49 -2.71 -1.873
192 L -1.712 -2.349 -3.356 -3.645 -0.367 -2.857 -3.401 -3.375 -2.119 1.742 3.838 -2.653 1.853 2.683 -3.782 -3.211 -1.752 -1.202 -0.103 0.853
193 L -1.794 -2.351 -3.088 -3.453 -0.604 -2.765 -3.278 -3.141 -1.572 1.363 2.994 -2.631 2.663 4.248 -3.889 -2.992 -1.819 -0.53 0.981 0.537
194 V -0.298 -1.902 1.126 -1.583 -0.034 -1.947 -2.161 -1.928 -1.625 2.382 0.285 -1.705 0.284 -0.815 -2.868 -0.235 -0.299 -2.542 -1.521 3.35
195 L -1.572 -2.854 -3.197 -3.444 4.584 -3.302 -3.617 -3.125 -2.039 2.562 2.192 -2.913 0.995 3.678 -3.797 -2.908 -1.651 -0.996 0.513 1.199
196 L 1.264 -2.322 -2.701 -2.872 -0.231 -2.594 -2.727 -1.734 -1.612 1.7 1.954 -2.181 0.769 3.619 -3.044 -1.646 -1.376 -0.96 0.536 0.781
197 V 0.013 -2.007 -1.581 -2.069 0.128 -1.988 -2.158 -1.939 -2.028 2.604 0.397 -1.718 0.391 -0.724 -2.685 0.667 -0.092 -2.473 -1.483 3.26
198 T -0.29 -1.366 -0.474 -1.285 0.012 -1.378 -1.656 -1.578 -1.603 1.152 -0.565 -1.05 -0.28 -1.324 -1.95 0.468 4.004 -2.265 -1.715 0.687
199 T 0.018 -1.111 -0.11 -0.963 0.044 -1.091 -1.316 -1.19 -1.327 -0.483 -1.279 -0.784 -0.688 -1.7 -1.727 1.26 4.142 -2.305 -1.784 -0.016
200 Q -0.953 0.936 -0.164 -0.428 -1.982 5.123 1.321 -1.55 0.698 -2.311 -2.062 1.151 -0.474 -3.03 -2.222 -0.825 -1.046 -2.256 -1.356 -1.858
201 N -0.903 -0.824 4.396 0.365 -0.969 -0.909 -1.115 -0.666 0.132 -1.038 -0.155 -0.664 -0.777 -1.559 -2.444 0.62 1.017 -2.636 -1.876 -1.138
202 L -1.151 -1.454 -2.431 -2.885 -0.239 -1.122 -2.424 -2.654 -1.039 1.532 2.064 -1.523 5.946 0.397 -3.313 -2.087 -1.117 -1.377 -0.903 0.919
203 R -1.605 5.638 -0.533 -1.635 -2.33 0.447 -0.632 -2.199 0.028 -2.682 -2.099 1.948 -1.295 -2.543 -2.775 -1.477 -1.525 -2.305 -1.843 -2.233
204 Q -0.953 0.936 -0.164 -0.428 -1.982 5.123 1.321 -1.55 0.698 -2.311 -2.062 1.151 -0.474 -3.03 -2.222 -0.825 -1.046 -2.256 -1.356 -1.858
205 A 3.293 -1.526 -1.916 -2.038 0.391 -1.311 -1.633 -0.281 -1.21 0.025 0.072 -1.08 2.927 -1.049 -1.951 -0.134 -0.658 -2.139 -1.531 0.337
206 L -1.297 -2.792 -3.311 -3.368 -0.146 -3.014 -3.521 -3.442 -2.69 3.905 2.519 -2.648 1.42 0.261 -3.553 -3.042 -1.179 -2.119 -1.289 2.697
207 S 0.876 -0.994 0.309 -0.451 -0.161 -0.824 -0.845 1.853 -0.656 -2.136 -2.536 -0.516 -1.428 -2.108 -1.7 3.148 0.664 -2.604 -1.989 -1.542
208 C -0.156 -2.154 -1.329 -2.032 8.211 -2.161 -2.428 -1.603 -2.057 -0.782 -1.281 -1.844 -0.997 -1.952 -2.486 0.399 1.83 -2.868 -2.358 -0.386
209 V 0.427 -2.643 -2.904 -3.084 4.712 -2.707 -2.999 -2.423 -2.732 2.871 0.651 -2.397 0.506 -0.644 -3.077 -1.953 -0.734 -2.532 -1.576 3.415
210 F -2.405 -2.967 -2.931 -3.385 -1.445 -3.935 -3.553 -2.945 -0.899 0.206 0.494 -3.375 0.131 6.622 -4.519 -3.101 -2.441 0.781 2.86 -0.578
211 L -1.319 -2.423 -3.34 -3.542 -0.131 -2.777 -3.352 -3.389 -2.534 2.697 3.506 -2.561 1.76 0.499 -3.582 -3.048 -1.352 -1.908 -1.197 2.168
212 L -1.588 -2.371 -3.419 -3.624 -0.221 -2.786 -3.428 -3.467 -2.438 2.531 3.898 -2.577 1.953 0.682 -3.661 -3.217 -1.574 -1.792 -1.159 1.361
213 Y -2.023 -2.126 -2.388 -3.174 -1.71 -2.313 -2.712 -2.986 1.453 -0.522 -0.478 -2.286 -0.472 4.678 -3.681 -2.666 -2.238 1.891 6.109 -0.907
214 A 3.74 -1.678 -1.883 -1.928 0.563 -1.541 -1.55 0.006 -1.472 0.073 -0.938 -1.095 -0.63 -1.662 -1.735 0.119 -0.497 -2.503 -1.754 1.195
215 I -1.449 -2.89 -3.349 -3.358 -0.206 -3.104 -3.63 -3.509 -2.68 4.157 2.488 -2.688 1.437 0.303 -3.591 -3.142 -1.247 -2.114 -1.295 2.494
216 S 0.372 -1.02 -0.078 -0.848 -0.014 -0.888 -1.111 -0.841 -0.911 -0.583 -0.825 -0.676 1.589 -1.406 -1.82 2.266 2.595 -2.28 -1.658 -0.351
217 F -1.846 -2.17 -2.687 -3.271 -1.041 -2.395 -2.932 -3.025 0.255 0.636 1.73 -2.371 2.205 4.334 -3.747 -2.757 -1.947 0.825 4.395 -0.022
218 F -2.115 -2.328 -2.727 -3.351 -1.479 -2.689 -2.986 -2.954 0.457 -0.023 0.86 -2.575 0.067 4.578 -4.022 -2.918 -2.249 5.668 4.818 -0.621
219 L -1.501 2.425 -2.031 -2.736 -0.893 -1.538 -2.23 -2.792 -1.157 0.912 1.79 -0.499 0.631 3.338 -3.428 -2.297 -1.06 -1.042 0.383 1.005
220 E -1.429 1.663 1.952 2.532 -2.281 1.64 2.04 -1.456 3.467 -2.704 -2.725 0.427 -1.633 -2.397 -2.392 -0.957 -1.337 -2.503 -1.174 -2.457
221 K -1.269 3.76 -0.142 1.527 -2.205 0.437 0.078 -1.645 -0.221 -2.449 -2.375 3.427 -1.464 -2.763 -2.184 -1.147 -1.333 -2.615 -2.002 -2.24
222 K -0.948 1.416 -0.504 -0.896 -1.693 2.668 0.365 -1.601 -0.07 -1.295 -1.077 3.52 1.58 -2.149 -2.068 -1.051 -1.117 -2.305 -1.557 -1.354
223 R -1.547 3.804 -0.934 -1.731 -2.181 -0.01 -0.768 -2.076 0.201 -2.108 -1.911 2.533 -1.218 -0.197 -2.758 -1.644 -1.639 5.359 2.248 -1.995
224 L -0.367 -1.241 -2.004 -2.391 -0.502 -1.846 -2.321 1.072 -1.871 2.522 2.048 0.305 0.822 -0.326 -2.957 -1.941 -0.878 -2.17 -1.588 1.143
225 L -1.074 1.462 -1.587 -2.121 -0.846 -1.07 -1.617 -2.268 -0.838 0.422 2.257 0.911 0.695 0.016 0.585 -0.815 -1.187 -1.54 0.757 -0.174
226 F -0.573 -2.591 -2.422 -2.896 3.832 -3.107 -3.001 -2.221 -0.931 0.014 0.44 -2.677 -0.023 5.579 -3.657 -1.296 -1.698 0.196 2.429 -0.479
227 L -0.684 -2.101 -1.944 -2.401 -0.223 -2.226 -2.518 -2.309 -1.522 2.613 2.167 -1.943 0.995 1.189 -3.014 0.028 -0.682 -1.502 0.507 1.723
228 I -0.986 -2.718 -3.222 -3.334 -0.024 -2.906 -3.352 -3.32 -2.766 3.651 2.175 -2.593 1.259 0.082 -3.464 -2.835 -0.984 -2.205 -1.305 3.232
229 F -2.405 -2.967 -2.931 -3.385 -1.445 -3.935 -3.553 -2.945 -0.899 0.206 0.494 -3.375 0.131 6.622 -4.519 -3.101 -2.441 0.781 2.86 -0.578
230 F 0.018 -2.216 -1.955 -2.454 -0.679 -2.599 -2.542 -1.863 -1.071 0.21 1.037 -2.196 0.244 5.172 -3.243 -0.342 -0.714 -0.159 1.677 -0.276
231 L -0.142 -2.717 -3.002 -3.137 -0.402 -3.045 -3.25 -2.594 -1.882 3.083 1.821 -2.587 0.932 3.671 -3.487 -2.448 -1.456 -0.976 0.561 1.57
232 L 0.224 -2.2 -3.114 -3.293 -0.087 -2.516 -3.012 -2.524 -2.224 2.007 3.634 -2.264 1.722 0.457 -3.251 -2.344 -1.418 -1.858 -1.233 1.089
233 A 3.369 -1.285 -0.822 -1.195 0.42 -1.119 -1.1 0.152 -1.009 -1.218 -1.69 -0.719 -1.045 -1.95 -1.546 1.823 0.067 -2.547 -1.826 -0.335
234 V -0.689 -2.523 -2.5 -2.817 0.051 -2.605 -2.957 -2.908 -2.641 3.567 0.998 -2.271 0.795 -0.336 -3.095 -1.918 0.796 -2.346 -1.412 3.388
235 F -1.05 -2.562 -2.266 -2.751 4.609 -2.829 -3.026 -2.603 -1.916 2.274 0.461 -2.434 0.265 3.518 -3.247 -1.693 0.929 -1.126 0.437 1.724
236 S 2.42 -1.039 -0.131 -0.724 0.219 -0.87 -0.853 -0.008 -0.76 -1.575 -2.023 -0.532 -1.149 -1.982 -1.546 2.779 0.537 -2.583 -1.826 -0.804
237 H -1.778 -0.428 0.389 -1.032 -2.405 -0.236 -0.571 -1.768 8.12 -2.732 -2.666 -0.836 -1.332 -0.924 -2.82 -1.65 -2.297 -1.525 1.596 -3.106
238 L -0.784 -1.701 -1.504 -2.162 -0.08 -1.76 -2.287 -2.294 -1.809 1.707 2.024 -1.585 2.352 -0.245 -2.634 -0.832 2.482 -1.966 -1.386 1.209
239 T 0.018 -1.111 -0.11 -0.963 0.044 -1.091 -1.316 -1.19 -1.327 -0.483 -1.279 -0.784 -0.688 -1.7 -1.727 1.26 4.142 -2.305 -1.784 -0.016
240 A 2.746 -1.332 -0.523 -1.051 0.149 -1.165 -1.188 1.969 -0.99 -1.564 -2.01 -0.774 -1.272 -2.063 -1.7 1.948 0.032 -2.554 -1.989 -0.758
241 L -1.263 -2.4 -3.306 -3.539 -0.129 -2.765 -3.306 -3.341 -2.481 2.459 3.442 -2.562 1.708 1.027 -3.584 -2.996 -1.334 -1.792 -0.953 2.26
242 L -1.478 -2.773 -3.3 -3.403 -0.279 -3.084 -3.544 -3.415 -2.424 3.617 2.628 -2.712 1.413 1.951 -3.661 -3.105 -1.358 -1.634 -0.505 2.258
243 I -1.197 -2.815 -3.189 -3.325 -0.211 -3.083 -3.428 -3.288 -2.421 3.543 1.861 -2.713 1.098 2.4 -3.604 -2.902 -1.162 -1.552 -0.215 2.886
244 F 0.068 -2.539 -2.904 -3.146 -0.527 -2.986 -3.1 -2.361 -1.547 1.778 2.071 -2.572 0.87 4.556 -3.528 -2.299 -1.665 -0.488 1.195 0.716
245 P 0.457 -2.11 -2.078 -1.847 -1.097 -2.109 -1.844 -1.587 -1.496 -1.621 -1.852 -1.332 -1.696 1.549 5.806 -1.318 -1.386 -2.709 -0.867 -1.51
246 L -1.425 -2.264 -3.227 -3.464 -0.193 -2.495 -3.249 -3.314 -2.233 2.597 3.49 -2.402 2.916 0.562 -3.579 -2.97 -1.412 -1.784 -1.141 1.67
247 F -2.247 -2.995 -2.985 -3.366 -1.235 -3.832 -3.581 -3.024 -1.104 1.443 0.681 -3.277 0.31 6.228 -4.364 -3.108 -2.217 0.499 2.525 0.214
248 L -0.628 -1.914 -1.668 -2.257 -0.228 -1.986 -2.322 -2.255 -0.936 2.115 1.533 -1.751 0.64 0.546 -2.797 -0.171 0.964 -0.99 2.039 1.788
249 I -1.385 -2.666 -2.594 -2.92 -0.445 -2.915 -3.204 -2.965 -1.889 3.304 1.071 -2.52 1.334 3.632 -3.479 -2.265 0.2 -1.001 0.554 2.003
250 L -1.688 -2.467 -3.342 -3.579 -0.367 -2.936 -3.453 -3.388 -2.168 2.376 3.555 -2.682 1.736 2.642 -3.767 -3.199 -1.671 -1.261 -0.125 1.199
251 L -1.348 -1.813 -2.844 -3.214 -0.231 -1.753 -2.829 -2.995 -1.586 1.862 3.137 -1.952 4.746 0.553 -3.47 -2.552 -1.335 -1.542 -1.009 1.042
252 G -0.374 -0.587 -0.394 0.047 -1.467 1.204 0.899 3.091 0.083 -2.34 -2.466 0.402 -1.555 -0.696 -2.368 0.143 -1.098 -1.161 1.851 -2.035
253 G -0.608 -1.463 1.06 2.477 -1.843 -0.695 1.494 4.101 -0.617 -3.039 -3.324 -0.767 -2.471 -2.756 -2.51 -0.942 -1.611 -2.722 -2.784 -2.73
254 S 0.188 -0.677 3.75 0.392 -0.622 -0.623 -0.693 -0.196 0.127 -2.277 -2.701 -0.36 -1.609 -2.179 -1.941 2.514 0.44 -2.78 -1.948 -1.806
255 K -0.852 2.232 1.754 -0.186 -1.753 0.45 0.843 -1.229 -0.062 -2.233 -2.376 3.381 -1.418 -2.618 -1.977 -0.141 -0.236 -2.603 -1.901 -1.958
256 F -1.387 2.442 -1.182 -1.913 -1.382 -0.777 -1.359 -2.212 -0.2 0.061 -0.675 1.52 -0.503 3.256 -2.801 -1.415 0.382 -0.474 2.285 -0.574
257 K -1.082 2.201 1.614 -0.699 -1.348 1.944 -0.265 -1.568 -0.156 0.434 -1.183 1.818 -0.614 -1.962 -2.358 -0.803 0.661 -2.431 -1.691 -0.414
258 K -1.035 3.261 -0.379 -0.954 -2.106 0.676 0.076 -1.564 -0.237 -2.292 -2.264 4.259 -1.295 -2.802 -1.948 -1.057 -1.229 -2.549 -1.856 -2.104
259 L -1.491 0.675 2.677 -0.751 -1.352 -0.71 -1.181 -1.626 0.184 -0.294 1.225 1.589 0.023 0.132 -2.752 -1.377 -1.221 -1.093 1.981 -0.787
260 I -0.974 -2.481 -2.48 -2.785 -0.234 -2.541 -3.061 -0.368 -2.216 3.499 2.02 -2.247 2.0 0.015 -3.289 -1.492 -1.015 -2.116 -1.398 2.177
261 L -1.247 -2.739 -3.269 -3.346 -0.131 -2.927 -3.462 -3.4 -2.639 3.838 2.444 -2.603 1.693 0.237 -3.533 -2.98 -1.147 -2.11 -1.28 2.747
262 L 1.345 -2.254 -2.814 -2.891 0.041 -2.398 -2.729 -1.83 -2.119 2.648 2.621 -2.029 1.198 0.016 -2.87 -1.661 -1.135 -2.079 -1.378 1.457
263 L 0.971 -2.066 -1.874 -2.249 -0.17 -2.092 -2.336 -0.259 -1.539 2.13 1.068 -1.772 1.54 2.181 -2.765 -0.13 -0.787 -1.55 -0.338 1.226
264 I -0.018 -2.73 -2.819 -2.936 -0.098 -2.837 -3.136 -2.641 -2.389 3.852 1.13 -2.39 0.837 1.314 -3.197 -2.15 -0.338 -1.945 -0.792 2.739
265 A 1.993 -1.539 -0.662 -1.215 1.716 -1.397 -1.465 1.764 -1.181 0.541 -1.194 -1.01 -0.808 -1.647 -1.971 1.746 -0.057 -2.536 -1.938 -0.019
266 L -0.362 -2.324 -3.134 -3.376 -0.241 -2.721 -3.139 -2.768 -2.062 1.818 3.342 -2.464 1.558 2.556 -3.478 -2.589 -1.51 -1.306 -0.157 1.307
267 L -0.998 -2.396 -2.117 -2.65 2.223 -2.417 -3.077 2.311 -1.717 1.982 1.477 -2.216 2.712 2.012 -3.408 -2.19 -1.563 -1.499 -0.563 0.751
268 F 0.871 -2.569 -2.723 -2.898 -0.27 -2.824 -2.865 -1.983 -1.686 2.385 0.596 -2.371 0.37 4.048 -3.191 -1.827 -1.23 -0.837 0.853 1.978
269 L 0.273 -1.375 -0.645 -1.299 -0.02 -1.351 -1.475 -1.139 -1.238 0.631 1.438 -1.095 0.376 -0.725 -2.236 2.107 0.2 -2.312 -1.542 0.972
270 L -0.695 -2.076 -2.366 -2.792 -0.041 -2.295 -2.683 -2.593 -2.176 1.979 3.029 -2.092 1.413 0.163 -3.144 -0.67 -0.797 -2.034 -1.283 2.246
271 L 0.551 -2.055 -1.902 -2.319 -0.278 -2.246 -2.374 -1.716 -1.455 1.603 1.862 -1.89 0.702 3.221 -2.899 0.072 -0.855 -1.149 0.278 0.631
272 F -2.405 -2.967 -2.931 -3.385 -1.445 -3.935 -3.553 -2.945 -0.899 0.206 0.494 -3.375 0.131 6.622 -4.519 -3.101 -2.441 0.781 2.86 -0.578
273 N -0.536 -1.037 3.507 -0.043 -1.045 -1.039 -1.258 1.638 0.369 -1.88 -2.317 -0.787 -1.571 -0.508 -2.383 0.829 0.946 -1.264 1.873 -1.604
274 I 1.551 -2.193 -2.137 -2.376 0.169 -2.181 -2.395 -1.555 -2.108 2.983 0.515 -1.768 0.396 -0.679 -2.523 -0.962 0.808 -2.365 -1.542 2.393
275 F 0.185 -2.461 -2.861 -3.144 -0.443 -2.898 -2.998 -2.307 -1.566 1.211 1.991 -2.531 0.803 4.538 -3.479 -2.204 -1.548 -0.503 1.195 1.248
276 I -1.494 -2.88 -3.362 -3.371 -0.221 -3.106 -3.643 -3.522 -2.663 4.141 2.586 -2.691 1.474 0.336 -3.604 -3.17 -1.281 -2.093 -1.289 2.387
277 G 0.483 -1.34 -0.012 0.075 -0.553 -1.161 -1.08 2.701 -0.906 -2.346 -2.743 -0.772 -1.775 -2.387 1.877 2.276 0.073 -2.836 -2.282 -1.857
278 I -1.539 -2.799 -2.983 -3.263 -0.633 -3.091 -3.356 -3.21 -0.978 3.166 0.933 -2.734 0.631 3.892 -3.734 -2.912 -1.486 -0.173 2.795 2.134
279 I 0.379 -2.808 -3.007 -2.983 -0.029 -2.853 -3.183 -2.532 -2.534 4.148 1.244 -2.375 0.925 -0.141 -3.148 -2.22 -0.967 -2.313 -1.419 2.766
280 I -1.443 -2.833 -3.201 -3.264 -0.213 -3.04 -3.559 -3.436 -2.63 4.12 2.464 -2.623 1.412 0.282 -3.529 -2.952 -0.797 -2.108 -1.306 2.373
281 S 1.997 -1.165 -0.094 -0.748 0.005 -0.997 -1.018 1.914 -0.825 -1.824 -2.25 -0.647 -1.346 -2.085 -1.7 2.585 0.352 -2.578 -1.989 -1.107
282 H -0.577 -0.335 -0.319 -1.231 -1.077 -0.617 -0.926 -1.452 4.91 -1.004 0.016 0.795 -0.442 0.094 -2.393 0.823 -0.759 -0.907 2.438 -1.248
283 G -0.326 -1.234 3.64 0.075 -1.279 -1.208 -1.426 3.863 -0.181 -2.823 -3.185 -0.87 -2.232 -2.489 -2.509 0.634 -0.694 -2.73 -2.489 -2.486
284 L -1.473 -2.393 -3.386 -3.59 -0.183 -2.782 -3.396 -3.434 -2.478 2.601 3.741 -2.57 1.874 0.607 -3.628 -3.146 -1.479 -1.84 -1.175 1.725
285 L -1.712 -2.349 -3.356 -3.645 -0.367 -2.857 -3.401 -3.375 -2.119 1.742 3.838 -2.653 1.853 2.683 -3.782 -3.211 -1.752 -1.202 -0.103 0.853
286 G 0.019 -2.428 -0.511 -1.394 -1.391 -2.266 -2.693 5.875 -1.547 -3.286 -3.532 -1.722 -2.738 -2.749 -2.85 -1.073 -1.99 -2.511 -3.219 -2.935
287 A 3.861 -1.515 -1.548 -1.687 0.56 -1.369 -1.377 0.178 -1.301 -0.838 -1.366 -0.914 -0.91 -1.892 -1.566 0.409 0.544 -2.486 -1.822 0.076
288 A 3.871 -1.465 -1.408 -1.565 0.55 -1.301 -1.28 0.255 -1.191 -0.999 -1.485 -0.854 -0.976 -1.929 -1.546 0.929 -0.301 -2.523 -1.826 -0.056
289 T -0.183 -1.164 -0.21 -1.085 0.051 -1.174 -1.449 -1.4 -1.484 -0.295 -1.128 -0.862 -0.603 -1.651 -1.758 0.634 4.447 -2.256 -1.777 0.158
290 Y -1.883 -1.848 -2.196 -3.093 -1.823 -1.854 -2.434 -3.003 2.034 -0.874 -0.981 -1.944 -0.753 3.277 -3.404 -2.508 -2.16 2.238 6.799 -1.05
291 K -0.897 2.023 -0.339 -0.793 -2.048 0.736 0.242 -1.413 -0.314 -2.194 -2.311 4.664 -1.295 -2.877 -1.758 -0.952 -1.153 -2.62 -1.86 -2.07
292 L -1.632 -2.363 -3.334 -3.622 -0.341 -2.855 -3.38 -3.354 -2.143 1.804 3.732 -2.649 1.799 2.658 -3.759 -3.163 -1.685 -1.228 -0.11 1.146
293 L -1.574 -1.527 2.476 -1.26 -0.616 -1.712 -2.267 -2.036 -0.87 1.109 2.964 -1.611 2.551 0.087 -3.298 -1.867 -1.208 -1.982 -1.346 0.351
294 F -2.095 -2.276 -2.489 -3.215 -1.655 -2.572 -2.862 -2.978 1.112 -0.361 -0.255 -2.473 -0.341 5.186 -3.83 -2.748 -2.277 1.7 5.69 -0.838
295 Y -1.883 -1.848 -2.196 -3.093 -1.823 -1.854 -2.434 -3.003 2.034 -0.874 -0.981 -1.944 -0.753 3.277 -3.404 -2.508 -2.16 2.238 6.799 -1.05
296 A 1.774 -0.828 -0.484 -1.037 0.008 1.0 -0.721 -0.647 -0.852 -0.528 -1.355 -0.448 -0.684 -1.859 -1.792 1.345 2.063 -2.42 -1.705 0.304
297 D 0.869 -1.308 0.468 3.84 -0.675 -0.943 0.02 -0.649 -0.784 -1.779 -2.409 -0.731 -1.633 -2.315 -1.9 1.358 1.052 -2.92 -2.302 -1.332
298 T -0.365 -1.568 -1.01 -1.711 0.003 -1.524 -1.933 -1.866 -1.656 1.786 0.286 -1.313 1.965 -0.817 -2.324 0.122 2.915 -2.163 -1.517 1.664
299 E 0.839 -0.622 -0.053 2.124 -0.981 0.945 2.537 -0.957 -0.245 -2.019 -2.35 -0.006 -1.452 -2.387 -1.857 0.951 0.296 -2.608 -1.992 -1.422
300 L 0.347 -1.698 -0.951 -1.568 -0.225 -1.688 -1.887 1.416 -1.424 1.281 1.515 -1.364 0.369 -0.675 -2.467 1.308 -0.314 -2.265 -1.688 0.333
301 S 0.321 1.291 0.173 1.629 -0.665 -0.761 -0.652 1.617 -0.717 -1.957 -2.362 -0.166 -1.491 -2.245 -2.004 1.757 1.144 -2.617 -2.145 -1.48
302 Q -0.861 1.028 -0.072 -0.336 -1.89 4.806 1.413 -1.458 0.791 -2.219 -1.97 1.243 -0.382 -2.937 -2.13 -0.733 -0.954 -2.164 -1.264 -1.766
303 V -0.212 -2.465 -2.908 -3.143 0.361 -2.566 -2.872 -2.934 -2.894 3.051 0.966 -2.367 0.853 -0.377 -3.15 -2.263 -0.43 -2.366 -1.264 4.068
304 S 1.089 -0.72 0.518 -0.227 0.094 -0.549 -0.534 -0.085 -0.439 -1.89 -2.307 -0.264 -1.166 -1.922 -1.454 3.188 1.032 -2.528 -1.734 -1.271
305 G -0.137 -1.631 -0.06 1.75 -1.391 -1.028 0.66 4.452 -0.914 -2.928 -3.23 -0.941 -2.341 -2.654 -2.422 0.222 -1.204 -2.652 -2.764 -2.545
306 L -1.022 -2.065 -2.086 -2.645 -0.597 -2.25 -2.564 -2.413 -0.581 1.005 1.52 -2.096 1.735 3.875 -3.314 -0.613 -1.115 -0.096 2.802 1.094
307 N -0.636 -0.896 3.046 2.206 -1.394 -0.387 1.359 1.599 -0.064 -2.382 -2.818 -0.413 -1.927 -2.447 -2.227 0.54 0.42 -2.769 -2.274 -2.02
308 L -1.643 -2.696 -3.316 -3.462 -0.367 -3.086 -3.551 -3.413 -2.26 3.266 2.952 -2.736 1.509 2.565 -3.739 -3.177 -1.529 -1.372 -0.166 1.742
309 D -1.769 -1.58 1.207 5.821 -2.364 -0.864 1.058 -1.115 -0.528 -2.717 -3.483 -0.821 -2.689 -2.911 -2.281 -0.944 -1.405 -3.523 -3.035 -2.856
310 G 0.152 -1.766 0.06 1.575 -1.029 -1.511 -1.22 4.49 -1.08 -2.785 -3.164 -1.148 -2.236 -2.55 -2.349 1.079 -0.762 -2.676 -2.735 -2.393
311 Y -2.0 -1.865 1.036 -1.992 -1.722 -2.06 -2.385 -2.389 1.284 -0.705 -0.671 -1.967 -0.626 4.451 -3.55 -2.173 -1.931 1.472 5.56 -1.078
312 L -1.817 -2.443 -3.281 -3.6 -0.521 -3.011 -3.426 -3.299 -1.877 1.536 3.487 -2.762 1.628 3.826 -3.892 -3.192 -1.856 -0.762 0.651 0.658
313 K -0.897 2.023 -0.339 -0.793 -2.048 0.736 0.242 -1.413 -0.314 -2.194 -2.311 4.664 -1.295 -2.877 -1.758 -0.952 -1.153 -2.62 -1.86 -2.07
314 F -2.125 -2.501 -2.763 -3.339 -1.331 -3.011 -3.164 -3.029 0.166 0.285 1.138 -2.776 0.301 5.509 -4.033 -2.936 -2.235 1.069 4.435 -0.4
315 L -1.712 -2.349 -3.356 -3.645 -0.367 -2.857 -3.401 -3.375 -2.119 1.742 3.838 -2.653 1.853 2.683 -3.782 -3.211 -1.752 -1.202 -0.103 0.853
316 I -1.521 -3.036 -3.174 -3.287 -0.454 -3.37 -3.597 -3.303 -2.126 3.763 1.247 -2.878 0.881 3.667 -3.772 -3.032 -1.373 -1.038 0.565 2.428
317 I -1.254 -3.075 -3.283 -3.249 -0.146 -3.183 -3.63 -3.469 -2.81 4.507 1.512 -2.706 1.141 0.067 -3.525 -3.02 -1.048 -2.284 -1.356 3.061
318 L -0.379 -1.467 -1.174 -1.863 4.658 -1.301 -1.95 -1.741 -1.293 0.445 0.594 -1.295 3.841 -0.669 -2.498 0.331 1.87 -2.002 -1.491 0.278
319 C -1.15 -2.853 -2.971 -3.439 7.393 -3.131 -3.41 -2.535 -1.422 0.119 -0.56 -2.906 -0.592 2.406 -3.776 -2.347 -1.659 6.234 1.929 0.678
320 F 0.627 -2.221 -2.359 -2.713 4.095 -2.304 -2.645 -1.827 -1.345 1.083 0.589 -2.104 2.565 3.88 -3.124 -1.108 -1.21 -0.829 0.73 0.687
321 A 2.245 -2.008 -2.043 -2.327 0.044 -2.049 -2.244 1.543 -1.714 0.608 1.524 -1.654 0.332 0.529 -2.47 -0.87 -1.054 -2.002 -1.218 0.891
322 G 1.77 -1.462 -0.261 -0.946 -0.26 -1.295 -1.385 3.512 -1.017 -2.077 -2.477 -0.903 -1.622 -2.233 -1.948 1.898 -0.138 -2.557 -2.251 -1.399
323 L -1.827 -2.436 -2.896 -3.354 -0.879 -2.762 -3.174 -3.21 -0.148 1.995 2.032 -2.565 0.848 3.871 -3.75 -2.961 -1.851 0.47 3.978 0.764
324 F -2.162 -2.828 -3.007 -3.426 -1.139 -3.652 -3.502 -3.023 -1.145 0.698 1.477 -3.192 0.555 6.087 -4.315 -3.091 -2.211 0.428 2.408 0.125
325 F -2.125 -2.501 -2.763 -3.339 -1.331 -3.011 -3.164 -3.029 0.166 0.285 1.138 -2.776 0.301 5.509 -4.033 -2.936 -2.235 1.069 4.435 -0.4
326 F -1.865 0.827 -2.354 -3.034 4.454 -2.435 -2.801 -2.725 -0.298 -0.357 -0.162 -1.581 -0.32 5.285 -3.846 -2.512 -2.086 0.45 3.334 -0.816
327 S 1.588 0.227 0.011 0.623 -0.287 -0.402 0.209 -0.37 -0.558 -1.862 -2.229 0.863 -1.297 -2.179 -1.669 2.344 0.244 -2.625 -1.899 -1.219
328 K -1.162 1.908 1.727 1.702 -1.789 -0.275 -0.314 -1.369 -0.39 -2.261 -2.541 2.204 -1.761 -2.772 2.733 -0.867 -0.163 -3.06 -2.213 -2.066
329 D -0.264 -0.55 2.433 3.945 -1.646 -0.581 0.599 0.138 -0.328 -1.365 -2.47 0.911 -1.836 -2.49 -2.289 -0.754 -1.114 -3.041 -2.42 -1.331
330 L -0.123 -0.994 1.262 -0.915 -0.231 -0.791 -1.34 -1.092 -0.459 0.314 0.664 -0.808 3.84 -0.52 -2.376 1.22 -0.034 -1.897 -1.285 -0.01
331 L -1.112 -2.461 -3.218 -3.382 -0.014 -2.752 -3.278 -3.287 -2.546 3.083 2.986 -2.498 1.652 0.421 -3.46 -2.889 -1.127 -1.944 -1.162 2.584
332 S 0.258 0.267 0.22 -0.299 -0.749 3.279 0.583 -0.709 0.223 -2.068 -2.152 0.569 -0.765 -2.403 -1.79 1.895 0.189 -2.358 -1.508 -1.526
333 H -0.066 -0.492 1.552 -1.003 -1.222 -0.865 -1.138 -1.378 4.837 0.551 -0.929 0.684 -0.631 1.945 -2.667 -0.881 -1.283 -1.533 0.502 -0.473
334 K -0.074 0.915 0.732 0.743 -1.42 0.654 0.473 -1.345 -0.438 0.361 -1.349 3.18 -0.854 -2.101 -2.074 -0.957 -1.068 -2.614 -1.85 -0.555
335 E -1.152 2.458 2.057 0.145 4.398 0.291 1.95 -1.545 -0.012 -2.305 -2.326 1.717 -1.578 -2.544 -2.377 -0.963 -1.188 -2.661 -2.069 -1.939
336 Y -2.173 -2.152 -2.561 -3.294 -1.917 -2.357 -2.738 -2.822 1.07 -0.94 -0.894 -2.358 -0.76 3.704 -4.02 -2.826 -2.361 7.402 5.617 -1.275
337 K -1.097 2.722 1.721 -0.499 -2.068 0.537 0.0 -1.304 -0.059 -2.338 -2.392 4.002 -1.411 -2.762 -2.001 -0.896 -1.102 -2.628 -1.896 -2.167
338 S 0.533 -0.729 2.847 0.133 -0.361 -0.63 -0.666 -0.189 -0.114 -2.157 -2.579 -0.358 -1.466 -2.113 -1.78 2.94 0.647 -2.716 -1.899 -1.624
339 L -1.612 -2.257 -3.433 -3.691 -0.221 -2.711 -3.376 -3.453 -2.384 1.934 4.15 -2.549 2.062 0.762 -3.675 -3.229 -1.651 -1.721 -1.127 1.035
340 L -1.588 -2.371 -3.419 -3.624 -0.221 -2.786 -3.428 -3.467 -2.438 2.531 3.898 -2.577 1.953 0.682 -3.661 -3.217 -1.574 -1.792 -1.159 1.361
341 F -1.804 -2.705 -3.14 -3.452 -0.822 -3.234 -3.392 -3.055 -1.645 1.932 1.765 -2.907 0.748 4.379 -4.113 -3.081 -1.818 5.412 1.429 1.303
342 Y -1.669 -2.083 -2.341 -3.163 4.438 -2.134 -2.669 -2.877 1.549 -0.79 -0.893 -2.16 -0.747 3.29 -3.439 -2.415 -2.051 1.787 6.225 -0.933
343 G 0.019 -2.428 -0.511 -1.394 -1.391 -2.266 -2.693 5.875 -1.547 -3.286 -3.532 -1.722 -2.738 -2.749 -2.85 -1.073 -1.99 -2.511 -3.219 -2.935
344 G -0.064 -1.648 -0.474 -1.267 -0.343 -1.593 -1.856 2.789 -1.49 0.709 -1.09 -1.214 -0.764 -1.605 -2.213 0.664 2.573 -2.377 -2.057 0.059
345 L 0.317 -2.569 -2.88 -3.07 -0.254 -2.86 -3.016 -2.353 -1.88 2.503 1.519 -2.465 0.752 3.617 -3.334 -2.154 -1.259 -1.019 0.551 2.142
346 L -1.306 -2.63 -3.292 -3.405 -0.146 -2.869 -3.435 -3.402 -2.579 3.543 2.85 -2.584 1.817 0.343 -3.557 -3.016 -1.232 -2.029 -1.249 2.495
347 Y -1.952 -1.984 -2.291 -3.133 -1.765 -2.074 -2.57 -2.995 1.758 -0.693 -0.718 -2.11 -0.609 4.062 -3.539 -2.586 -2.199 2.07 6.475 -0.978
348 I 1.355 -2.458 -2.719 -2.793 -0.059 -2.581 -2.758 -1.775 -1.942 2.961 1.324 -2.13 0.677 2.248 -2.918 -1.607 -1.091 -1.59 -0.306 1.853
349 I 0.583 -2.734 -2.914 -3.01 4.691 -2.781 -3.084 -2.305 -2.596 3.351 0.799 -2.38 0.575 -0.516 -3.058 -1.934 -0.887 -2.481 -1.596 2.828
350 L -1.962 -2.472 -3.253 -3.6 -0.775 -3.04 -3.374 -3.138 -1.707 1.164 2.997 -2.808 1.275 3.841 -4.107 -3.219 -2.001 5.391 1.076 0.317
351 L 0.839 -1.833 -2.247 -2.574 -0.025 -1.785 -2.392 -1.845 -1.627 1.97 2.285 -1.685 3.401 -0.004 -2.814 -0.961 -0.303 -1.883 -1.271 1.077
352 P -0.907 -2.084 -2.004 -1.635 -1.528 -2.004 -1.693 -1.923 -1.678 -2.388 -2.821 -1.135 -2.474 -3.406 6.733 -1.523 -1.419 -4.62 -2.706 -2.233
353 I -1.471 -3.022 -3.348 -3.31 -0.221 -3.192 -3.7 -3.536 -2.722 4.434 2.137 -2.72 1.34 0.243 -3.59 -3.159 -1.213 -2.173 -1.322 2.595
354 P -0.907 -2.084 -2.004 -1.635 -1.528 -2.004 -1.693 -1.923 -1.678 -2.388 -2.821 -1.135 -2.474 -3.406 6.733 -1.523 -1.419 -4.62 -2.706 -2.233
355 L -0.755 -2.302 -2.529 -2.92 0.037 -2.481 -2.889 -2.899 -2.522 2.769 2.182 -2.228 1.12 -0.096 -3.127 -1.95 0.717 -2.173 -1.344 3.013
356 L 1.436 -2.182 -2.743 -2.879 0.101 -2.333 -2.614 -1.759 -2.086 2.046 2.401 -2.005 1.049 0.701 -2.837 -1.557 -1.026 -1.956 -1.061 1.973
357 S 0.737 -1.002 0.117 -0.515 -0.219 -0.842 -0.79 -0.421 -0.705 -2.051 -2.47 -0.48 -1.441 -2.218 2.431 3.036 0.637 -2.89 -1.965 -1.5
358 D 0.161 -0.872 0.041 2.845 -1.564 1.047 -0.023 -1.3 4.853 -1.771 -1.864 -0.702 -1.185 1.775 -2.55 -1.109 -1.568 -1.658 0.388 -1.784
359 R -1.605 5.638 -0.533 -1.635 -2.33 0.447 -0.632 -2.199 0.028 -2.682 -2.099 1.948 -1.295 -2.543 -2.775 -1.477 -1.525 -2.305 -1.843 -2.233
360 L -1.791 -2.565 -3.267 -3.535 -0.521 -3.094 -3.478 -3.312 -1.922 2.212 3.166 -2.792 1.502 3.798 -3.877 -3.18 -1.772 -0.813 0.634 1.027
361 L -1.541 -2.128 -3.267 -3.561 -0.224 -2.423 -3.22 -3.325 -2.149 1.88 3.93 -2.378 3.045 0.713 -3.621 -3.036 -1.569 -1.67 -1.094 1.019
362 L -1.581 -1.989 -2.808 -3.272 -0.565 -2.079 -2.906 -3.03 -0.669 1.302 2.71 -2.171 3.74 2.91 -3.611 -2.682 -1.621 -0.259 2.519 0.573
363 L -1.455 -2.24 -3.168 -3.279 -0.359 -2.597 -3.056 -3.167 -2.287 1.634 3.683 -2.297 1.681 0.396 1.556 -2.889 -1.578 -2.016 -1.313 0.927
364 L -1.224 -1.981 -2.977 -3.314 -0.152 -2.033 -2.944 -3.083 -1.894 1.975 3.199 -2.128 4.008 0.483 -3.478 -2.646 -1.27 -1.684 -1.076 1.763
365 V -0.465 -2.208 -2.291 -2.794 0.016 -2.275 -2.618 -2.727 -1.341 2.309 0.442 -2.097 0.418 0.359 -2.998 -1.706 0.825 -1.111 2.045 3.554
366 A 2.165 -1.375 1.372 -1.069 -0.096 -1.306 -1.42 -0.521 -0.186 -0.201 -1.199 -1.009 -0.793 -0.246 -2.108 0.826 -0.333 -1.21 1.954 0.759
367 F -1.856 -2.546 -2.71 -3.277 -1.221 -3.003 -3.106 -2.973 0.133 0.581 0.208 -2.762 0.011 5.481 -3.959 -2.807 -2.003 1.033 4.431 0.76
368 L -1.542 -2.007 -2.991 -3.411 -0.406 -2.169 -3.001 -3.198 -0.948 1.576 3.4 -2.21 3.27 1.223 -3.555 -2.839 -1.593 -0.654 2.14 0.788
369 N -1.541 -1.176 4.28 0.103 -1.275 -1.299 -1.492 -1.084 -0.068 0.73 0.254 -0.973 -0.528 -1.356 1.667 -0.971 -0.866 -2.851 -1.92 -0.383
370 G 0.019 -2.428 -0.511 -1.394 -1.391 -2.266 -2.693 5.875 -1.547 -3.286 -3.532 -1.722 -2.738 -2.749 -2.85 -1.073 -1.99 -2.511 -3.219 -2.935
371 Y -1.893 -2.149 -2.64 -3.308 -1.205 -2.396 -2.872 -3.113 0.811 0.403 1.7 -2.341 0.493 3.922 -3.666 -2.808 -2.054 1.254 5.281 -0.213
372 L -1.233 -2.373 -2.962 -3.252 -0.126 -2.669 -3.199 -3.205 -2.467 2.836 3.192 -2.417 1.592 0.356 -3.405 -2.567 -0.243 -1.963 -1.25 2.13
373 L -1.212 -1.556 -2.554 -2.987 -0.236 -1.302 -2.542 -2.756 -1.197 1.593 2.471 -1.649 5.624 0.452 -3.362 -2.225 -1.187 -1.424 -0.934 0.936
374 F -2.378 -2.903 -2.892 -3.371 -1.462 -3.793 -3.489 -2.948 -0.666 0.163 0.438 -3.288 0.094 6.526 -4.455 -3.07 -2.427 0.87 3.235 -0.599
375 L -1.831 -2.496 -3.066 -3.447 -0.723 -2.936 -3.318 -3.246 -0.868 1.969 2.639 -2.689 1.172 3.992 -3.833 -3.068 -1.843 -0.04 2.819 0.806
376 A 2.968 -1.485 -0.98 -1.383 4.746 -1.338 -1.349 -0.105 -1.2 -1.184 -1.63 -0.948 -1.069 -1.974 -1.738 1.621 -0.055 -2.647 -1.954 -0.393
377 F -0.117 -2.718 -2.726 -3.089 -1.046 -3.404 -3.121 -2.194 -0.951 0.071 0.289 -2.869 -0.001 6.202 -3.858 -2.267 -2.069 0.486 2.508 -0.477
378 Y -1.075 -1.165 -1.36 -2.153 -1.315 -1.394 -1.796 -2.15 1.373 -0.975 -1.14 -0.325 -0.795 2.851 -2.821 -0.254 -0.256 1.409 5.742 -1.022
379 R -1.28 4.584 -0.448 -1.244 -2.206 0.574 -0.224 -1.836 -0.114 -2.463 -2.188 3.427 -1.295 -2.681 -2.295 -1.24 -1.359 -2.436 -1.85 -2.162
380 I 0.308 -1.875 -2.203 -2.324 -0.339 0.442 -1.929 -0.421 -1.698 3.679 0.827 -1.482 0.644 -0.496 -2.96 -1.87 -1.076 -2.303 -1.496 1.978
381 L 0.635 -1.539 -1.167 -1.778 -0.001 -1.615 -1.867 -1.438 -1.55 0.64 2.187 -1.334 0.743 -0.433 -2.341 0.741 1.646 -2.109 -1.495 0.329
382 L -1.308 -1.661 2.635 -0.889 -0.935 -1.851 -2.104 0.618 -0.702 1.08 0.678 -1.541 -0.081 2.089 -3.069 -1.159 0.549 2.604 -0.26 0.053
383 V -0.049 -2.653 -3.018 -3.144 0.134 -2.743 -3.07 -2.834 -2.776 3.499 1.198 -2.431 0.879 -0.284 -3.219 -2.33 -0.728 -2.373 -1.374 3.698
384 Y -1.911 -2.042 -2.443 -3.212 -1.48 -2.191 -2.693 -3.055 1.379 -0.117 0.712 -2.194 -0.024 3.873 -3.578 -2.681 -2.119 1.723 6.007 -0.581
385 R -1.208 4.861 -0.501 -1.464 -2.136 0.231 -0.697 1.199 -0.201 -2.684 -2.296 2.276 -1.462 -2.617 -2.616 -1.336 -1.529 -2.377 -2.006 -2.299
386 I -1.412 -2.945 -3.106 -3.295 -0.463 -3.328 -3.483 -3.198 -1.997 3.285 1.08 -2.882 0.753 4.123 -3.788 -2.927 -1.364 -0.811 0.896 2.534
387 I -1.267 -2.869 -3.268 -3.297 -0.146 -3.012 -3.53 -3.426 -2.683 4.156 2.071 -2.635 1.601 0.173 -3.532 -2.996 -1.112 -2.172 -1.308 2.847
388 L -1.662 -2.303 -3.394 -3.668 -0.293 -2.783 -3.389 -3.414 -2.249 1.84 3.998 -2.601 1.959 1.879 -3.728 -3.22 -1.701 -1.45 -0.57 0.945
389 I -1.268 -2.943 -3.079 -2.956 -0.335 -3.014 -3.3 -3.217 -2.609 4.187 1.211 -2.436 0.854 -0.205 1.572 -2.793 -1.133 -2.511 -1.514 2.585
390 L 1.274 -2.308 -2.189 -2.49 -0.175 -2.391 -2.655 1.305 -1.884 2.291 1.542 -1.956 0.549 1.155 -2.816 -1.388 -0.771 -1.87 -0.969 1.095
391 F -2.095 -2.276 -2.489 -3.215 -1.655 -2.572 -2.862 -2.978 1.112 -0.361 -0.255 -2.473 -0.341 5.186 -3.83 -2.748 -2.277 1.7 5.69 -0.838
392 F -1.547 -2.456 0.888 -2.148 6.294 -2.903 -3.034 -2.232 -1.149 0.03 0.866 -2.554 -0.006 4.428 -3.693 -2.1 -1.671 -0.713 1.022 -0.454
393 L -1.19 -2.542 -2.748 -3.008 -0.139 -2.735 -3.206 -3.134 -2.505 3.615 2.392 -2.381 1.293 0.137 -3.295 -2.321 0.311 -2.11 -1.333 2.379
394 Y -1.561 -1.996 -2.451 -3.192 -1.16 -2.068 -2.624 -3.066 1.281 0.538 0.765 -2.093 0.08 2.68 -3.417 -2.578 -1.79 1.516 5.899 0.836
395 K -1.18 4.125 -0.421 -1.124 -2.166 0.616 -0.1 -1.724 -0.163 -2.393 -2.218 3.789 -1.295 -2.729 -2.151 -1.165 -1.306 -2.481 -1.852 -2.138
396 I -1.188 -2.505 -2.508 -2.776 -0.183 -2.496 -3.093 -3.0 -2.257 4.01 1.419 -2.205 2.429 -0.011 -3.2 -2.075 0.631 -2.112 -1.342 2.308
397 L -1.292 -2.72 -3.01 -3.337 4.593 -2.964 -3.36 -3.075 -1.173 2.645 1.465 -2.682 0.681 2.689 -3.584 -2.698 -1.431 -0.596 2.416 1.895
398 K -0.199 0.621 -0.341 -0.951 -0.738 -0.201 -0.548 -1.188 -0.754 -0.821 0.044 2.729 -0.414 -1.637 -1.899 1.155 1.034 -2.421 -1.722 -0.858
399 L -1.54 -2.614 -3.39 -3.494 -0.221 -2.941 -3.534 -3.494 -2.548 3.447 3.316 -2.633 1.723 0.514 -3.632 -3.194 -1.424 -1.938 -1.223 1.919
400 G -0.15 -2.524 -0.78 -1.596 -1.192 -2.391 -2.823 5.449 -1.694 0.008 -1.993 -1.848 -1.733 -2.112 -2.943 -1.293 -1.853 -2.473 -2.867 -1.089
401 P -0.941 -1.985 -2.062 -1.783 -1.305 -1.86 -1.787 -2.017 -1.578 -1.391 -1.405 -1.187 1.141 -2.454 6.303 -1.597 -1.374 -3.87 -2.369 -1.514
402 G -1.125 -1.922 0.696 -1.838 -1.168 -2.011 -2.499 2.63 0.246 -0.215 1.268 -1.812 -0.025 1.225 -3.219 -1.857 -1.746 0.036 3.798 -0.722
403 F -1.926 -1.563 -1.311 1.114 -1.752 0.541 -1.137 -2.413 0.501 -0.682 -0.561 -1.492 -0.488 4.781 -3.412 -2.156 -1.978 0.732 4.214 -1.13
404 D -0.222 -1.327 1.371 3.898 -1.143 -0.955 0.001 1.664 -0.58 -2.524 -3.053 -0.75 -2.082 -2.528 -2.103 1.531 -0.336 -3.008 -2.524 -2.233
405 G -0.135 -1.602 0.805 0.575 -0.845 -1.494 -1.376 2.852 -1.019 -1.328 -0.278 -1.111 -0.996 -1.788 1.77 0.98 -0.61 -2.733 -2.264 -1.444
406 L -1.288 -1.815 -1.489 -0.074 -0.824 -1.726 -0.726 -2.437 -0.25 0.474 1.147 -1.681 0.247 3.241 -2.985 -1.491 0.865 -0.055 3.139 0.41
407 T 0.238 -1.25 -0.06 -0.895 -0.18 -1.18 -1.377 2.149 -1.189 -1.094 -1.781 -0.843 -1.081 -1.919 -1.864 1.504 3.088 -2.379 -2.008 -0.616
408 G -0.297 -1.961 -0.77 -0.963 -1.316 -1.456 0.118 4.964 -1.288 -1.666 -0.413 -1.34 -1.268 -1.898 -2.803 -1.265 -1.844 -2.377 -2.624 -1.836
409 D -1.759 -1.57 1.217 5.806 -2.354 -0.854 1.068 -1.106 -0.518 -2.707 -3.473 -0.811 -2.68 -2.902 -2.271 -0.934 -1.395 -3.513 -3.025 -2.846
410 D 0.29 -1.596 -0.141 3.848 -1.301 -0.881 1.218 -1.342 -0.897 0.305 -1.62 -0.848 -1.378 -2.141 1.791 -1.021 -1.248 -3.13 -2.378 -0.611
411 L -1.108 -0.388 0.636 1.234 -1.414 -0.567 1.519 1.781 1.88 -0.579 1.076 -0.689 -0.217 -1.133 -2.725 -1.448 -1.562 -2.277 -1.517 -1.036
412 A 1.676 -0.519 -0.52 1.683 -0.488 -0.444 1.004 -0.812 -0.806 -0.456 -1.511 0.96 -1.004 -2.004 -1.94 0.473 -0.545 -2.66 -1.93 0.538
413 F -1.425 -2.624 -1.926 -2.63 -1.48 -3.017 -3.108 2.58 -0.386 -0.606 -0.422 -2.59 -0.578 5.277 -3.782 -2.292 -2.265 0.475 3.302 -1.155
414 L -1.329 -1.577 -2.533 -2.987 -0.465 -1.318 -2.504 -2.622 -1.062 1.229 1.746 -1.68 5.539 0.501 -3.539 -2.244 -1.302 5.32 -0.233 0.627
415 N -1.062 -0.627 4.495 2.466 -1.68 -0.29 1.103 -0.544 0.463 -2.663 -3.067 -0.271 -2.078 -2.482 -2.325 0.577 -0.472 -2.956 -2.187 -2.39
416 L -1.612 -2.257 -3.433 -3.691 -0.221 -2.711 -3.376 -3.453 -2.384 1.934 4.15 -2.549 2.062 0.762 -3.675 -3.229 -1.651 -1.721 -1.127 1.035
417 W -2.721 -2.454 -3.237 -3.691 -2.405 -2.895 -3.04 -2.437 -1.205 -1.925 -1.721 -2.862 -1.351 1.057 -5.479 -3.426 -2.766 10.681 2.098 -2.299
418 Y -1.771 -0.779 -1.43 -2.315 -1.872 -1.23 -1.673 -2.515 3.831 -1.039 -1.041 0.433 -0.751 3.491 -3.139 -2.168 -2.048 1.302 5.505 -1.322
419 S 0.792 -0.194 0.328 -0.383 -0.216 -0.399 -0.485 -0.324 -0.499 -2.012 -2.386 1.125 -1.263 -2.123 -1.576 3.152 0.719 -2.62 -1.831 -1.454
420 Y -1.952 -1.984 -2.291 -3.133 -1.765 -2.074 -2.57 -2.995 1.758 -0.693 -0.718 -2.11 -0.609 4.062 -3.539 -2.586 -2.199 2.07 6.475 -0.978
421 P -0.824 -1.676 -1.595 -0.892 -1.572 -1.194 0.531 -1.852 -1.249 -2.432 -2.798 -0.784 -2.32 -3.23 6.197 -0.986 -1.285 -4.106 -2.555 -2.193
422 W -1.801 -2.154 -2.338 -2.897 -1.913 -2.444 -2.545 -1.984 -1.099 -1.933 -1.809 -2.341 -1.337 0.774 -4.477 -0.864 -1.851 10.241 1.774 -2.145
423 I 1.486 -2.195 -2.107 -2.39 0.018 -2.262 -2.404 -1.521 -1.816 2.461 0.364 -1.836 0.25 2.096 -2.616 -0.979 0.714 -1.653 -0.363 1.922
424 G -0.175 -2.057 1.664 -0.845 -1.461 -1.96 -2.333 5.488 -1.044 -3.209 -3.485 -1.485 -2.66 -2.704 -2.822 -0.929 -1.729 -2.581 -3.038 -2.89
425 D -1.408 -0.593 1.968 3.637 -1.677 -0.713 0.442 -1.312 -0.385 -1.642 -1.965 0.829 -1.504 1.642 -2.406 -0.77 0.528 -2.06 -0.797 -1.7
426 E -0.29 -0.779 -0.173 1.184 -1.075 0.035 2.397 -1.331 0.199 -1.783 -2.113 -0.216 -1.338 -0.522 -1.987 1.194 0.961 -1.178 1.915 -1.374
427 F -1.833 -2.542 -2.953 -3.162 -0.92 -3.091 -3.141 -2.95 -1.504 0.807 2.325 -2.628 0.849 4.771 1.497 -2.86 -1.958 -0.438 1.333 0.011
428 F -2.155 -2.746 -3.066 -3.469 -1.039 -3.529 -3.502 -3.082 -1.251 0.813 2.073 -3.114 0.825 5.799 -4.252 -3.137 -2.193 0.258 2.165 -0.019
429 Y -1.883 -1.848 -2.196 -3.093 -1.823 -1.854 -2.434 -3.003 2.034 -0.874 -0.981 -1.944 -0.753 3.277 -3.404 -2.508 -2.16 2.238 6.799 -1.05
430 Y -1.952 -1.984 -2.291 -3.133 -1.765 -2.074 -2.57 -2.995 1.758 -0.693 -0.718 -2.11 -0.609 4.062 -3.539 -2.586 -2.199 2.07 6.475 -0.978
431 L -1.432 -2.636 -3.264 -3.449 -0.288 -3.008 -3.44 -3.338 -2.292 3.018 2.831 -2.698 1.435 2.524 -3.684 -3.047 -1.406 -1.403 -0.17 2.164
432 S 1.094 -0.715 0.523 -0.223 0.098 -0.544 -0.529 -0.08 -0.434 -1.885 -2.302 -0.259 -1.161 -1.917 -1.449 3.17 1.037 -2.523 -1.73 -1.266
433 R -1.225 2.936 1.041 -1.216 -1.351 0.382 -0.791 -1.908 1.973 -0.073 0.304 1.88 -0.227 -1.403 -2.664 -1.46 -1.204 -2.297 -1.252 0.435