#Seq2Logo.py -f /work3/idamei/ssn-clusterings/2206070959/clusters/0007_231/sequences.afa -m 0.0001 -b 0 -o /work3/idamei/ssn-clusterings/2206070959/clusters/0007_231/sequences.logo -p 640x1000 -l 30 -I 1
Last position-specific scoring matrix computed, values are in halfbits
A R N D C Q E G H I L K M F P S T W Y V
0 M -99.999 -99.999 -99.999 -99.999 -99.999 -99.999 -99.999 -99.999 -99.999 -99.999 -99.999 -99.999 8.644 -99.999 -99.999 -99.999 -99.999 -99.999 -99.999 -99.999
1 K -99.999 -99.999 4.644 -99.999 -99.999 -99.999 -99.999 -99.999 -99.999 4.644 -99.999 6.644 -99.999 -99.999 -99.999 -99.999 -99.999 -99.999 -99.999 -99.999
2 A 5.474 -99.999 -99.999 -99.999 -99.999 -99.999 -99.999 -99.999 -99.999 -99.999 -99.999 -99.999 -99.999 5.474 -99.999 -99.999 5.474 -99.999 -99.999 -99.999
3 I -99.999 -99.999 -99.999 -99.999 -99.999 -99.999 -99.999 -99.999 -99.999 7.919 -99.999 -99.999 -99.999 2.304 -99.999 -99.999 2.304 -99.999 -99.999 -99.999
4 F -99.999 -99.999 -99.999 -99.999 -99.999 -99.999 -99.999 -99.999 -99.999 -99.999 1.474 -99.999 -99.999 7.474 -99.999 4.644 -99.999 -99.999 -99.999 -99.999
5 L -99.999 -99.999 -99.999 -99.999 -99.999 -99.999 -99.999 -99.999 -99.999 -99.999 7.814 4.644 -99.999 -99.999 -99.999 -99.999 -99.999 -99.999 -99.999 -99.999
6 G -99.999 -99.999 -99.999 -99.999 -99.999 5.474 -99.999 7.474 -99.999 -99.999 -99.999 -99.999 -99.999 -99.999 -99.999 -99.999 -99.999 -99.999 -99.999 -99.999
7 N -99.999 -99.999 7.089 1.474 -99.999 -99.999 -99.999 4.644 -99.999 -99.999 -99.999 -99.999 -99.999 -99.999 -99.999 1.474 -99.999 -99.999 -99.999 -99.999
8 Y -99.999 -99.999 3.474 -99.999 -99.999 -99.999 -99.999 -99.999 4.644 -99.999 -99.999 -99.999 4.644 -99.999 -99.999 -99.999 -99.999 -99.999 5.474 -99.999
9 K -99.999 4.644 -99.999 -99.999 -99.999 -99.999 -99.999 3.474 -99.999 -99.999 -99.999 5.474 -99.999 -99.999 -99.999 4.644 -99.999 -99.999 -99.999 -99.999
10 A 6.644 -99.999 -99.999 -99.999 -99.999 -99.999 -99.999 -99.999 -99.999 -99.999 -99.999 -99.999 -99.999 6.644 -99.999 -99.999 -99.999 -99.999 -99.999 -99.999
11 L -99.999 -99.999 -99.999 -99.999 -99.999 -99.999 -99.999 -99.999 -99.999 -99.999 8.644 -99.999 -99.999 -99.999 -99.999 -99.999 -99.999 -99.999 -99.999 -99.999
12 S -99.999 -99.999 -99.999 -99.999 -99.999 -99.999 -99.999 -99.999 -99.999 -99.999 -99.999 -99.999 -99.999 -99.999 -99.999 8.644 -99.999 -99.999 -99.999 -99.999
13 L -99.999 -99.999 -99.999 -99.999 -99.999 -99.999 -99.999 -99.999 -99.999 5.474 6.948 -99.999 -99.999 -99.999 -99.999 -99.999 -99.999 -99.999 -99.999 2.304
14 I -99.999 -99.999 -99.999 -99.999 -99.999 -99.999 -99.999 -99.999 -99.999 5.474 5.474 -99.999 5.474 -99.999 -99.999 -99.999 -99.999 -99.999 -99.999 -99.999
15 A 6.948 -99.999 5.474 -99.999 -99.999 -99.999 -99.999 -99.999 -99.999 -99.999 -99.999 -99.999 -99.999 -99.999 -99.999 -99.999 -99.999 -99.999 -99.999 2.304
16 C -99.999 -99.999 -99.999 -99.999 5.474 -99.999 -99.999 -99.999 -99.999 -99.999 4.644 -99.999 -99.999 -99.999 -99.999 3.474 -99.999 -99.999 4.644 -99.999
17 G -99.999 -99.999 -99.999 -99.999 -99.999 -99.999 -99.999 4.644 -99.999 4.644 4.644 -99.999 -99.999 -99.999 -99.999 -99.999 -99.999 -99.999 4.644 -99.999
18 G -99.999 -99.999 -99.999 -99.999 4.644 -99.999 -99.999 6.118 -99.999 5.474 -99.999 -99.999 -99.999 -99.999 -99.999 -99.999 -99.999 -99.999 -99.999 -99.999
19 V -99.999 -99.999 -99.999 -99.999 -99.999 -99.999 -99.999 -99.999 -99.999 3.474 4.644 -99.999 -99.999 -99.999 -99.999 -99.999 -99.999 -99.999 -99.999 7.089
20 V -99.999 -99.999 -99.999 -99.999 -99.999 -99.999 -99.999 -99.999 -99.999 1.474 -99.999 -99.999 -99.999 4.644 -99.999 -99.999 3.474 -99.999 -99.999 6.644
21 L -99.999 -99.999 -99.999 -99.999 -99.999 -99.999 -99.999 -99.999 -99.999 4.644 6.644 -99.999 -99.999 4.644 -99.999 -99.999 -99.999 -99.999 -99.999 -99.999
22 F -99.999 -99.999 -99.999 -99.999 -99.999 -99.999 -99.999 -99.999 -99.999 4.644 -99.999 -99.999 -99.999 7.814 -99.999 -99.999 -99.999 -99.999 -99.999 -99.999
23 L -99.999 -99.999 -99.999 -99.999 -99.999 -99.999 -99.999 -99.999 -99.999 -99.999 6.644 -99.999 -99.999 -99.999 -99.999 -99.999 4.644 -99.999 -99.999 4.644
24 F -99.999 -99.999 -99.999 -99.999 -99.999 -99.999 -99.999 -99.999 -99.999 -99.999 -99.999 -99.999 -99.999 8.644 -99.999 -99.999 -99.999 -99.999 -99.999 -99.999
25 F -99.999 -99.999 -99.999 -99.999 -99.999 -99.999 -99.999 -99.999 -99.999 -99.999 -99.999 -99.999 -99.999 8.644 -99.999 -99.999 -99.999 -99.999 -99.999 -99.999
26 F -99.999 -99.999 -99.999 -99.999 -99.999 -99.999 -99.999 -99.999 -99.999 -99.999 -99.999 -99.999 -99.999 8.644 -99.999 -99.999 -99.999 -99.999 -99.999 -99.999
27 I -99.999 -99.999 -99.999 -99.999 -99.999 -99.999 -99.999 -99.999 -99.999 8.259 -99.999 -99.999 -99.999 -99.999 -99.999 -99.999 -99.999 -99.999 -99.999 2.644
28 F -99.999 -99.999 -99.999 -99.999 -99.999 -99.999 -99.999 -99.999 -99.999 -99.999 -99.999 -99.999 -99.999 8.644 -99.999 -99.999 -99.999 -99.999 -99.999 -99.999
29 G -99.999 -99.999 -99.999 -99.999 -99.999 -99.999 -99.999 8.644 -99.999 -99.999 -99.999 -99.999 -99.999 -99.999 -99.999 -99.999 -99.999 -99.999 -99.999 -99.999
30 M -99.999 -99.999 -99.999 -99.999 -99.999 -99.999 -99.999 -99.999 -99.999 4.644 -99.999 -99.999 7.814 -99.999 -99.999 -99.999 -99.999 -99.999 -99.999 -99.999
31 P -99.999 -99.999 -99.999 -99.999 -99.999 4.644 -99.999 -99.999 -99.999 -99.999 -99.999 4.644 -99.999 -99.999 6.644 -99.999 -99.999 -99.999 -99.999 -99.999
32 T -99.999 -99.999 -99.999 -99.999 -99.999 -99.999 -99.999 -99.999 -99.999 -99.999 -99.999 -99.999 -99.999 -99.999 -99.999 -99.999 8.644 -99.999 -99.999 -99.999
33 P -99.999 -99.999 -99.999 -99.999 -99.999 -99.999 -99.999 -99.999 -99.999 -99.999 -99.999 -99.999 -99.999 -99.999 8.644 -99.999 -99.999 -99.999 -99.999 -99.999
34 I -99.999 -99.999 -99.999 -99.999 -99.999 -99.999 -99.999 -99.999 -99.999 7.474 -99.999 -99.999 -99.999 -99.999 -99.999 -99.999 -99.999 -99.999 -99.999 5.474
35 G -99.999 -99.999 -99.999 -99.999 -99.999 -99.999 -99.999 8.644 -99.999 -99.999 -99.999 -99.999 -99.999 -99.999 -99.999 -99.999 -99.999 -99.999 -99.999 -99.999
36 S -99.999 -99.999 -99.999 -99.999 -99.999 -99.999 -99.999 -99.999 -99.999 -99.999 -99.999 -99.999 -99.999 -99.999 -99.999 8.644 -99.999 -99.999 -99.999 -99.999
37 L -99.999 -99.999 -99.999 -99.999 -99.999 -99.999 -99.999 -99.999 -99.999 4.644 7.814 -99.999 -99.999 -99.999 -99.999 -99.999 -99.999 -99.999 -99.999 -99.999
38 A 6.644 -99.999 -99.999 -99.999 -99.999 -99.999 -99.999 -99.999 -99.999 -99.999 -99.999 -99.999 -99.999 -99.999 -99.999 -99.999 6.644 -99.999 -99.999 -99.999
39 Q -99.999 -99.999 -99.999 -99.999 -99.999 6.644 -99.999 -99.999 -99.999 -99.999 -99.999 -99.999 -99.999 -99.999 6.644 -99.999 -99.999 -99.999 -99.999 -99.999
40 I -99.999 -99.999 -99.999 -99.999 -99.999 -99.999 -99.999 -99.999 -99.999 7.814 4.644 -99.999 -99.999 -99.999 -99.999 -99.999 -99.999 -99.999 -99.999 -99.999
41 L -99.999 -99.999 -99.999 -99.999 -99.999 -99.999 -99.999 -99.999 -99.999 -99.999 8.644 -99.999 -99.999 -99.999 -99.999 -99.999 -99.999 -99.999 -99.999 -99.999
42 T 1.474 -99.999 -99.999 -99.999 -99.999 -99.999 -99.999 -99.999 -99.999 -99.999 -99.999 -99.999 -99.999 -99.999 -99.999 4.644 7.474 -99.999 -99.999 -99.999
43 A 7.288 -99.999 -99.999 -99.999 -99.999 -99.999 -99.999 -99.999 -99.999 -99.999 5.089 -99.999 1.474 -99.999 -99.999 -99.999 -99.999 -99.999 -99.999 -99.999
44 L -99.999 -99.999 -99.999 -99.999 -99.999 -99.999 -99.999 6.118 -99.999 -99.999 6.644 -99.999 -99.999 -99.999 -99.999 1.474 -99.999 -99.999 -99.999 -99.999
45 L -99.999 -99.999 -99.999 -99.999 -99.999 -99.999 -99.999 -99.999 -99.999 5.474 6.644 -99.999 -99.999 -99.999 -99.999 -99.999 1.474 -99.999 -99.999 1.474
46 I -99.999 -99.999 -99.999 -99.999 4.644 -99.999 -99.999 -99.999 -99.999 7.089 -99.999 -99.999 -99.999 -99.999 -99.999 -99.999 -99.999 -99.999 -99.999 3.474
47 F -99.999 -99.999 -99.999 -99.999 -99.999 -99.999 -99.999 -99.999 -99.999 1.474 3.474 -99.999 -99.999 7.814 -99.999 -99.999 -99.999 -99.999 -99.999 -99.999
48 L -99.999 -99.999 -99.999 -99.999 -99.999 -99.999 -99.999 -99.999 -99.999 -99.999 4.644 -99.999 -99.999 4.644 -99.999 -99.999 -99.999 4.644 4.644 -99.999
49 G 3.474 -99.999 -99.999 -99.999 -99.999 -99.999 -99.999 7.089 -99.999 -99.999 -99.999 -99.999 -99.999 -99.999 -99.999 4.644 -99.999 -99.999 -99.999 -99.999
50 L -99.999 -99.999 -99.999 -99.999 -99.999 -99.999 -99.999 -99.999 -99.999 1.474 7.089 -99.999 -99.999 4.644 -99.999 -99.999 -99.999 -99.999 -99.999 1.474
51 F -99.999 -99.999 -99.999 -99.999 -99.999 -99.999 -99.999 -99.999 -99.999 -99.999 6.118 -99.999 -99.999 7.089 -99.999 -99.999 -99.999 -99.999 -99.999 -99.999
52 N -99.999 -99.999 7.814 -99.999 -99.999 -99.999 -99.999 -99.999 -99.999 -99.999 -99.999 -99.999 -99.999 4.644 -99.999 -99.999 -99.999 -99.999 -99.999 -99.999
53 Y -99.999 -99.999 -99.999 -99.999 -99.999 -99.999 -99.999 -99.999 -99.999 -99.999 -99.999 -99.999 -99.999 -99.999 -99.999 -99.999 -99.999 -99.999 7.814 4.644
54 K -99.999 -99.999 -99.999 -99.999 -99.999 -99.999 -99.999 4.644 -99.999 -99.999 -99.999 7.814 -99.999 -99.999 -99.999 -99.999 -99.999 -99.999 -99.999 -99.999
55 K -99.999 -99.999 -99.999 -99.999 -99.999 4.644 -99.999 -99.999 -99.999 -99.999 -99.999 7.474 -99.999 -99.999 -99.999 -99.999 -99.999 -99.999 -99.999 1.474
56 Y -99.999 4.644 -99.999 -99.999 -99.999 -99.999 -99.999 -99.999 -99.999 -99.999 -99.999 -99.999 -99.999 -99.999 -99.999 -99.999 -99.999 -99.999 7.814 -99.999
57 F -99.999 -99.999 -99.999 -99.999 -99.999 -99.999 -99.999 -99.999 -99.999 -99.999 4.644 -99.999 -99.999 7.814 -99.999 -99.999 -99.999 -99.999 -99.999 -99.999
58 L -99.999 -99.999 -99.999 -99.999 -99.999 -99.999 -99.999 -99.999 -99.999 -99.999 7.814 -99.999 -99.999 -99.999 -99.999 4.644 -99.999 -99.999 -99.999 -99.999
59 K -99.999 -99.999 -99.999 -99.999 -99.999 -99.999 -99.999 -99.999 -99.999 1.474 4.644 6.644 -99.999 1.474 -99.999 -99.999 -99.999 -99.999 1.474 -99.999
60 F -99.999 -99.999 -99.999 -99.999 -99.999 -99.999 -99.999 -99.999 -99.999 3.474 -99.999 -99.999 -99.999 5.474 4.644 4.644 -99.999 -99.999 -99.999 -99.999
61 P -99.999 -99.999 -99.999 -99.999 -99.999 -99.999 -99.999 -99.999 -99.999 -99.999 -99.999 -99.999 -99.999 -99.999 7.814 4.644 -99.999 -99.999 -99.999 -99.999
62 K -99.999 4.644 -99.999 -99.999 -99.999 -99.999 -99.999 -99.999 -99.999 -99.999 -99.999 7.814 -99.999 -99.999 -99.999 -99.999 -99.999 -99.999 -99.999 -99.999
63 E 2.644 -99.999 -99.999 2.644 -99.999 -99.999 6.644 -99.999 -99.999 -99.999 -99.999 -99.999 -99.999 -99.999 4.644 -99.999 -99.999 -99.999 -99.999 -99.999
64 F -99.999 -99.999 -99.999 -99.999 -99.999 -99.999 -99.999 -99.999 -99.999 6.118 -99.999 -99.999 -99.999 6.644 -99.999 -99.999 -99.999 -99.999 -99.999 1.474
65 F -99.999 -99.999 -99.999 -99.999 -99.999 -99.999 -99.999 -99.999 -99.999 -99.999 1.474 -99.999 -99.999 8.393 -99.999 -99.999 -99.999 -99.999 -99.999 -99.999
66 Y -99.999 -99.999 -99.999 -99.999 -99.999 -99.999 -99.999 -99.999 -99.999 -99.999 -99.999 -99.999 -99.999 1.474 -99.999 -99.999 -99.999 -99.999 8.393 -99.999
67 L -99.999 -99.999 -99.999 -99.999 -99.999 -99.999 -99.999 -99.999 -99.999 4.644 6.644 -99.999 -99.999 4.644 -99.999 -99.999 -99.999 -99.999 -99.999 -99.999
68 F -99.999 -99.999 -99.999 -99.999 -99.999 -99.999 -99.999 -99.999 -99.999 -99.999 -99.999 -99.999 -99.999 7.814 -99.999 -99.999 -99.999 -99.999 -99.999 4.644
69 L -99.999 -99.999 -99.999 -99.999 -99.999 -99.999 -99.999 -99.999 -99.999 6.118 7.089 -99.999 -99.999 -99.999 -99.999 -99.999 -99.999 -99.999 -99.999 -99.999
70 F -99.999 -99.999 -99.999 -99.999 -99.999 -99.999 -99.999 -99.999 -99.999 -99.999 -99.999 -99.999 -99.999 8.644 -99.999 -99.999 -99.999 -99.999 -99.999 -99.999
71 L -99.999 -99.999 -99.999 -99.999 -99.999 -99.999 -99.999 -99.999 -99.999 -99.999 8.644 -99.999 -99.999 -99.999 -99.999 -99.999 -99.999 -99.999 -99.999 -99.999
72 F -99.999 -99.999 -99.999 -99.999 -99.999 -99.999 -99.999 -99.999 -99.999 5.474 4.644 -99.999 -99.999 6.118 -99.999 -99.999 -99.999 -99.999 -99.999 -99.999
73 F -99.999 -99.999 -99.999 -99.999 -99.999 -99.999 -99.999 -99.999 -99.999 -99.999 -99.999 -99.999 -99.999 7.814 -99.999 -99.999 -99.999 -99.999 4.644 -99.999
74 D -99.999 -99.999 -99.999 8.644 -99.999 -99.999 -99.999 -99.999 -99.999 -99.999 -99.999 -99.999 -99.999 -99.999 -99.999 -99.999 -99.999 -99.999 -99.999 -99.999
75 F -99.999 -99.999 -99.999 -99.999 -99.999 -99.999 -99.999 -99.999 -99.999 -99.999 6.644 -99.999 -99.999 6.644 -99.999 -99.999 -99.999 -99.999 -99.999 -99.999
76 L -99.999 -99.999 -99.999 -99.999 -99.999 -99.999 -99.999 -99.999 -99.999 -99.999 7.474 -99.999 -99.999 1.474 -99.999 -99.999 -99.999 -99.999 -99.999 4.644
77 I -99.999 -99.999 -99.999 -99.999 -99.999 -99.999 -99.999 -99.999 -99.999 7.089 -99.999 -99.999 -99.999 -99.999 -99.999 -99.999 -99.999 -99.999 -99.999 6.118
78 C -99.999 -99.999 -99.999 -99.999 8.644 -99.999 -99.999 -99.999 -99.999 -99.999 -99.999 -99.999 -99.999 -99.999 -99.999 -99.999 -99.999 -99.999 -99.999 -99.999
79 L -99.999 -99.999 -99.999 -99.999 -99.999 -99.999 -99.999 4.644 -99.999 -99.999 7.288 -99.999 -99.999 2.644 -99.999 -99.999 -99.999 -99.999 -99.999 -99.999
80 I -99.999 -99.999 -99.999 -99.999 -99.999 -99.999 -99.999 -99.999 -99.999 5.474 4.644 -99.999 -99.999 1.474 -99.999 -99.999 1.474 -99.999 -99.999 4.644
81 I -99.999 -99.999 -99.999 -99.999 -99.999 -99.999 -99.999 -99.999 -99.999 6.118 -99.999 -99.999 -99.999 -99.999 -99.999 -99.999 -99.999 4.644 -99.999 5.474
82 P -99.999 -99.999 -99.999 -99.999 -99.999 -99.999 -99.999 4.644 -99.999 -99.999 -99.999 -99.999 -99.999 -99.999 7.814 -99.999 -99.999 -99.999 -99.999 -99.999
83 V 4.644 -99.999 -99.999 -99.999 1.474 -99.999 -99.999 -99.999 -99.999 1.474 -99.999 -99.999 -99.999 -99.999 -99.999 -99.999 -99.999 -99.999 1.474 6.644
84 I 4.644 -99.999 -99.999 -99.999 -99.999 -99.999 -99.999 -99.999 -99.999 5.474 1.474 -99.999 -99.999 1.474 -99.999 -99.999 -99.999 -99.999 4.644 -99.999
85 L -99.999 -99.999 -99.999 -99.999 -99.999 -99.999 -99.999 -99.999 -99.999 -99.999 7.474 -99.999 -99.999 1.474 -99.999 4.644 -99.999 -99.999 -99.999 -99.999
86 G -99.999 -99.999 -99.999 4.644 -99.999 -99.999 -99.999 7.814 -99.999 -99.999 -99.999 -99.999 -99.999 -99.999 -99.999 -99.999 -99.999 -99.999 -99.999 -99.999
87 T -99.999 -99.999 -99.999 -99.999 -99.999 -99.999 -99.999 -99.999 -99.999 -99.999 -99.999 -99.999 -99.999 -99.999 -99.999 -99.999 7.814 -99.999 -99.999 4.644
88 Y -99.999 -99.999 -99.999 -99.999 -99.999 -99.999 -99.999 -99.999 -99.999 -99.999 -99.999 -99.999 -99.999 4.644 -99.999 -99.999 -99.999 -99.999 7.814 -99.999
89 D -99.999 -99.999 -99.999 8.644 -99.999 -99.999 -99.999 -99.999 -99.999 -99.999 -99.999 -99.999 -99.999 -99.999 -99.999 -99.999 -99.999 -99.999 -99.999 -99.999
90 F -99.999 -99.999 -99.999 -99.999 -99.999 -99.999 -99.999 -99.999 -99.999 -99.999 -99.999 -99.999 -99.999 8.644 -99.999 -99.999 -99.999 -99.999 -99.999 -99.999
91 S -99.999 -99.999 -99.999 -99.999 -99.999 -99.999 -99.999 -99.999 -99.999 -99.999 -99.999 -99.999 -99.999 4.644 -99.999 7.814 -99.999 -99.999 -99.999 -99.999
92 I -99.999 -99.999 -99.999 -99.999 -99.999 -99.999 -99.999 -99.999 -99.999 8.644 -99.999 -99.999 -99.999 -99.999 -99.999 -99.999 -99.999 -99.999 -99.999 -99.999
93 I -99.999 -99.999 -99.999 -99.999 -99.999 -99.999 -99.999 -99.999 -99.999 7.474 4.644 -99.999 -99.999 -99.999 -99.999 -99.999 -99.999 -99.999 -99.999 1.474
94 Q -99.999 -99.999 -99.999 -99.999 -99.999 4.644 -99.999 -99.999 -99.999 4.644 -99.999 4.644 -99.999 -99.999 4.644 -99.999 -99.999 -99.999 -99.999 -99.999
95 T -99.999 -99.999 -99.999 -99.999 -99.999 -99.999 -99.999 -99.999 -99.999 -99.999 -99.999 -99.999 -99.999 -99.999 -99.999 -99.999 8.644 -99.999 -99.999 -99.999
96 K -99.999 -99.999 -99.999 -99.999 -99.999 -99.999 -99.999 -99.999 -99.999 -99.999 -99.999 8.644 -99.999 -99.999 -99.999 -99.999 -99.999 -99.999 -99.999 -99.999
97 I -99.999 -99.999 -99.999 -99.999 -99.999 -99.999 -99.999 -99.999 -99.999 6.118 4.644 -99.999 -99.999 -99.999 -99.999 -99.999 5.474 -99.999 -99.999 -99.999
98 N -99.999 -99.999 8.644 -99.999 -99.999 -99.999 -99.999 -99.999 -99.999 -99.999 -99.999 -99.999 -99.999 -99.999 -99.999 -99.999 -99.999 -99.999 -99.999 -99.999
99 F -99.999 -99.999 -99.999 -99.999 -99.999 -99.999 -99.999 -99.999 -99.999 -99.999 1.474 -99.999 -99.999 7.474 -99.999 -99.999 -99.999 -99.999 -99.999 4.644
100 I -99.999 -99.999 -99.999 -99.999 -99.999 -99.999 -99.999 -99.999 -99.999 8.393 1.474 -99.999 -99.999 -99.999 -99.999 -99.999 -99.999 -99.999 -99.999 -99.999
101 A 4.644 -99.999 -99.999 -99.999 -99.999 -99.999 -99.999 -99.999 -99.999 4.644 4.644 -99.999 -99.999 -99.999 -99.999 -99.999 -99.999 -99.999 -99.999 4.644
102 S -99.999 -99.999 -99.999 -99.999 -99.999 -99.999 -99.999 -99.999 -99.999 -99.999 -99.999 -99.999 -99.999 -99.999 -99.999 8.644 -99.999 -99.999 -99.999 -99.999
103 M -99.999 -99.999 -99.999 -99.999 -99.999 -99.999 -99.999 -99.999 -99.999 1.474 3.474 -99.999 6.644 -99.999 -99.999 -99.999 -99.999 -99.999 -99.999 4.644
104 L -99.999 -99.999 -99.999 -99.999 -99.999 -99.999 -99.999 -99.999 -99.999 -99.999 6.644 -99.999 -99.999 4.644 -99.999 -99.999 -99.999 -99.999 -99.999 4.644
105 A 8.644 -99.999 -99.999 -99.999 -99.999 -99.999 -99.999 -99.999 -99.999 -99.999 -99.999 -99.999 -99.999 -99.999 -99.999 -99.999 -99.999 -99.999 -99.999 -99.999
106 T -99.999 -99.999 -99.999 -99.999 -99.999 -99.999 -99.999 -99.999 -99.999 -99.999 -99.999 -99.999 -99.999 -99.999 -99.999 -99.999 7.814 -99.999 -99.999 4.644
107 Y -99.999 -99.999 -99.999 -99.999 -99.999 -99.999 -99.999 -99.999 -99.999 -99.999 -99.999 -99.999 -99.999 1.474 -99.999 -99.999 -99.999 -99.999 8.393 -99.999
108 I -99.999 -99.999 -99.999 -99.999 -99.999 -99.999 -99.999 -99.999 -99.999 7.474 -99.999 -99.999 -99.999 -99.999 -99.999 -99.999 -99.999 -99.999 -99.999 5.474
109 L -99.999 -99.999 -99.999 -99.999 -99.999 -99.999 -99.999 -99.999 -99.999 -99.999 8.644 -99.999 -99.999 -99.999 -99.999 -99.999 -99.999 -99.999 -99.999 -99.999
110 A 7.814 -99.999 -99.999 -99.999 -99.999 -99.999 -99.999 -99.999 -99.999 -99.999 -99.999 -99.999 -99.999 -99.999 -99.999 4.644 -99.999 -99.999 -99.999 -99.999
111 K -99.999 5.474 -99.999 -99.999 -99.999 -99.999 -99.999 -99.999 -99.999 4.644 -99.999 6.118 -99.999 -99.999 -99.999 -99.999 -99.999 -99.999 -99.999 -99.999
112 Y -99.999 -99.999 -99.999 -99.999 -99.999 -99.999 -99.999 -99.999 -99.999 -99.999 -99.999 4.644 -99.999 -99.999 -99.999 4.644 -99.999 -99.999 6.644 -99.999
113 F -99.999 -99.999 -99.999 -99.999 -99.999 -99.999 -99.999 -99.999 -99.999 -99.999 4.644 -99.999 -99.999 7.814 -99.999 -99.999 -99.999 -99.999 -99.999 -99.999
114 S 2.644 -99.999 -99.999 -99.999 1.474 -99.999 -99.999 -99.999 -99.999 -99.999 -99.999 -99.999 -99.999 -99.999 -99.999 7.97 -99.999 -99.999 -99.999 -99.999
115 E -99.999 -99.999 -99.999 -99.999 -99.999 -99.999 6.644 -99.999 -99.999 -99.999 5.474 -99.999 -99.999 -99.999 -99.999 3.474 -99.999 -99.999 -99.999 -99.999
116 N -99.999 -99.999 7.814 -99.999 -99.999 -99.999 -99.999 -99.999 -99.999 -99.999 -99.999 -99.999 -99.999 -99.999 -99.999 4.644 -99.999 -99.999 -99.999 -99.999
117 S -99.999 -99.999 2.304 4.948 -99.999 -99.999 -99.999 3.474 -99.999 -99.999 -99.999 2.304 -99.999 -99.999 -99.999 5.474 -99.999 -99.999 -99.999 -99.999
118 K -99.999 -99.999 6.304 -99.999 -99.999 -99.999 -99.999 -99.999 -99.999 -99.999 -99.999 6.948 -99.999 -99.999 -99.999 -99.999 -99.999 -99.999 -99.999 -99.999
119 F -99.999 -99.999 -99.999 -99.999 -99.999 -99.999 -99.999 -99.999 -99.999 4.644 -99.999 -99.999 -99.999 6.644 -99.999 -99.999 -99.999 -99.999 4.644 -99.999
120 S -99.999 -99.999 4.644 4.644 -99.999 -99.999 -99.999 -99.999 -99.999 -99.999 -99.999 -99.999 -99.999 -99.999 -99.999 5.474 3.474 -99.999 -99.999 -99.999
121 D -99.999 -99.999 -99.999 6.644 -99.999 -99.999 -99.999 -99.999 -99.999 4.644 -99.999 4.644 -99.999 -99.999 -99.999 -99.999 -99.999 -99.999 -99.999 -99.999
122 K -99.999 -99.999 -99.999 -99.999 -99.999 -99.999 -99.999 -99.999 -99.999 -99.999 -99.999 8.644 -99.999 -99.999 -99.999 -99.999 -99.999 -99.999 -99.999 -99.999
123 D -99.999 -99.999 -99.999 7.288 -99.999 4.644 2.644 -99.999 -99.999 -99.999 -99.999 -99.999 -99.999 -99.999 -99.999 -99.999 -99.999 -99.999 -99.999 -99.999
124 F -99.999 -99.999 -99.999 -99.999 -99.999 -99.999 -99.999 -99.999 -99.999 -99.999 -99.999 -99.999 -99.999 8.644 -99.999 -99.999 -99.999 -99.999 -99.999 -99.999
125 F -99.999 -99.999 -99.999 -99.999 -99.999 -99.999 -99.999 -99.999 -99.999 -99.999 -99.999 -99.999 -99.999 8.644 -99.999 -99.999 -99.999 -99.999 -99.999 -99.999
126 N -99.999 2.644 6.644 -99.999 -99.999 -99.999 -99.999 -99.999 -99.999 -99.999 -99.999 2.644 -99.999 -99.999 -99.999 -99.999 -99.999 -99.999 -99.999 4.644
127 L -99.999 -99.999 -99.999 -99.999 -99.999 -99.999 -99.999 -99.999 -99.999 -99.999 7.814 -99.999 -99.999 4.644 -99.999 -99.999 -99.999 -99.999 -99.999 -99.999
128 L -99.999 -99.999 -99.999 -99.999 -99.999 -99.999 -99.999 -99.999 -99.999 -99.999 8.644 -99.999 -99.999 -99.999 -99.999 -99.999 -99.999 -99.999 -99.999 -99.999
129 L -99.999 -99.999 -99.999 -99.999 -99.999 -99.999 -99.999 -99.999 -99.999 -99.999 7.814 -99.999 -99.999 -99.999 -99.999 4.644 -99.999 -99.999 -99.999 -99.999
130 S -99.999 -99.999 4.644 -99.999 -99.999 -99.999 -99.999 -99.999 -99.999 -99.999 -99.999 -99.999 -99.999 -99.999 -99.999 7.089 -99.999 -99.999 -99.999 3.474
131 I -99.999 -99.999 -99.999 -99.999 -99.999 -99.999 -99.999 -99.999 -99.999 6.875 1.474 -99.999 -99.999 -99.999 -99.999 -99.999 -99.999 -99.999 -99.999 5.814
132 F -99.999 -99.999 -99.999 -99.999 -99.999 -99.999 -99.999 -99.999 -99.999 -99.999 -99.999 -99.999 -99.999 8.644 -99.999 -99.999 -99.999 -99.999 -99.999 -99.999
133 A 5.474 -99.999 -99.999 -99.999 -99.999 -99.999 -99.999 -99.999 -99.999 -99.999 1.474 -99.999 4.644 4.644 -99.999 1.474 -99.999 -99.999 -99.999 -99.999
134 L -99.999 -99.999 -99.999 -99.999 -99.999 -99.999 -99.999 -99.999 -99.999 6.644 6.644 -99.999 -99.999 -99.999 -99.999 -99.999 -99.999 -99.999 -99.999 -99.999
135 Q -99.999 -99.999 -99.999 -99.999 -99.999 8.644 -99.999 -99.999 -99.999 -99.999 -99.999 -99.999 -99.999 -99.999 -99.999 -99.999 -99.999 -99.999 -99.999 -99.999
136 A 5.474 -99.999 -99.999 -99.999 -99.999 -99.999 -99.999 -99.999 -99.999 -99.999 -99.999 -99.999 -99.999 -99.999 -99.999 4.644 5.474 -99.999 -99.999 1.474
137 I -99.999 -99.999 -99.999 -99.999 -99.999 -99.999 -99.999 -99.999 -99.999 6.644 4.644 -99.999 -99.999 -99.999 -99.999 -99.999 -99.999 -99.999 -99.999 4.644
138 I -99.999 -99.999 -99.999 -99.999 -99.999 -99.999 -99.999 -99.999 -99.999 6.644 6.644 -99.999 -99.999 -99.999 -99.999 -99.999 -99.999 -99.999 -99.999 -99.999
139 V -99.999 -99.999 -99.999 -99.999 -99.999 -99.999 -99.999 -99.999 -99.999 1.474 -99.999 -99.999 4.644 -99.999 -99.999 -99.999 -99.999 -99.999 -99.999 7.474
140 V -99.999 -99.999 -99.999 -99.999 -99.999 -99.999 -99.999 -99.999 -99.999 1.474 4.644 -99.999 -99.999 -99.999 -99.999 -99.999 -99.999 -99.999 -99.999 7.474
141 A 5.474 -99.999 -99.999 -99.999 4.644 -99.999 -99.999 1.474 -99.999 -99.999 -99.999 -99.999 -99.999 -99.999 -99.999 -99.999 1.474 -99.999 -99.999 4.644
142 M -99.999 -99.999 -99.999 -99.999 -99.999 -99.999 -99.999 -99.999 -99.999 -99.999 -99.999 -99.999 8.644 -99.999 -99.999 -99.999 -99.999 -99.999 -99.999 -99.999
143 L -99.999 -99.999 -99.999 -99.999 -99.999 -99.999 -99.999 -99.999 -99.999 -99.999 8.644 -99.999 -99.999 -99.999 -99.999 -99.999 -99.999 -99.999 -99.999 -99.999
144 I 1.474 -99.999 -99.999 -99.999 -99.999 -99.999 -99.999 -99.999 -99.999 5.474 4.644 -99.999 -99.999 -99.999 -99.999 -99.999 1.474 -99.999 -99.999 4.644
145 N -99.999 -99.999 7.814 4.644 -99.999 -99.999 -99.999 -99.999 -99.999 -99.999 -99.999 -99.999 -99.999 -99.999 -99.999 -99.999 -99.999 -99.999 -99.999 -99.999
146 S -99.999 -99.999 -99.999 -99.999 -99.999 -99.999 -99.999 -99.999 -99.999 -99.999 -99.999 -99.999 -99.999 -99.999 4.644 7.814 -99.999 -99.999 -99.999 -99.999
147 D -99.999 -99.999 4.644 6.644 -99.999 -99.999 -99.999 -99.999 -99.999 -99.999 -99.999 -99.999 -99.999 -99.999 -99.999 -99.999 4.644 -99.999 -99.999 -99.999
148 F -99.999 -99.999 -99.999 -99.999 -99.999 -99.999 -99.999 -99.999 -99.999 -99.999 3.474 -99.999 -99.999 7.089 -99.999 -99.999 -99.999 -99.999 -99.999 4.644
149 S 4.644 -99.999 -99.999 -99.999 -99.999 -99.999 -99.999 -99.999 -99.999 -99.999 -99.999 -99.999 -99.999 -99.999 -99.999 7.814 -99.999 -99.999 -99.999 -99.999
150 Q -99.999 -99.999 -99.999 4.644 -99.999 7.814 -99.999 -99.999 -99.999 -99.999 -99.999 -99.999 -99.999 -99.999 -99.999 -99.999 -99.999 -99.999 -99.999 -99.999
151 L 1.474 -99.999 -99.999 -99.999 -99.999 -99.999 -99.999 -99.999 -99.999 1.474 5.474 -99.999 -99.999 4.644 -99.999 -99.999 4.644 -99.999 -99.999 -99.999
152 I -99.999 -99.999 -99.999 -99.999 -99.999 -99.999 -99.999 -99.999 -99.999 7.474 -99.999 -99.999 -99.999 -99.999 -99.999 -99.999 -99.999 -99.999 -99.999 5.474
153 M -99.999 -99.999 -99.999 -99.999 -99.999 -99.999 -99.999 -99.999 -99.999 -99.999 -99.999 -99.999 6.644 -99.999 -99.999 -99.999 6.644 -99.999 -99.999 -99.999
154 S -99.999 -99.999 4.644 -99.999 -99.999 -99.999 -99.999 -99.999 -99.999 -99.999 -99.999 -99.999 -99.999 -99.999 -99.999 6.644 4.644 -99.999 -99.999 -99.999
155 Y -99.999 -99.999 -99.999 -99.999 -99.999 -99.999 -99.999 -99.999 -99.999 -99.999 -99.999 -99.999 -99.999 6.644 -99.999 -99.999 -99.999 -99.999 6.644 -99.999
156 T -99.999 -99.999 -99.999 -99.999 -99.999 -99.999 -99.999 -99.999 -99.999 -99.999 -99.999 -99.999 -99.999 -99.999 -99.999 -99.999 8.644 -99.999 -99.999 -99.999
157 R -99.999 7.814 -99.999 -99.999 -99.999 -99.999 -99.999 -99.999 -99.999 -99.999 -99.999 4.644 -99.999 -99.999 -99.999 -99.999 -99.999 -99.999 -99.999 -99.999
158 S -99.999 -99.999 3.474 4.644 -99.999 -99.999 -99.999 -99.999 -99.999 -99.999 -99.999 -99.999 -99.999 -99.999 -99.999 7.089 -99.999 -99.999 -99.999 -99.999
159 S -99.999 -99.999 -99.999 -99.999 -99.999 -99.999 -99.999 4.644 -99.999 -99.999 -99.999 -99.999 -99.999 -99.999 -99.999 6.644 4.644 -99.999 -99.999 -99.999
160 D 4.644 -99.999 -99.999 7.814 -99.999 -99.999 -99.999 -99.999 -99.999 -99.999 -99.999 -99.999 -99.999 -99.999 -99.999 -99.999 -99.999 -99.999 -99.999 -99.999
161 Q -99.999 -99.999 -99.999 -99.999 -99.999 6.644 -99.999 -99.999 -99.999 4.644 4.644 -99.999 -99.999 -99.999 -99.999 -99.999 -99.999 -99.999 -99.999 -99.999
162 G -99.999 -99.999 -99.999 -99.999 -99.999 -99.999 -99.999 7.814 -99.999 -99.999 -99.999 -99.999 -99.999 -99.999 -99.999 -99.999 4.644 -99.999 -99.999 -99.999
163 E 3.474 -99.999 -99.999 -99.999 -99.999 -99.999 6.644 -99.999 -99.999 -99.999 -99.999 -99.999 4.644 -99.999 -99.999 -99.999 1.474 -99.999 -99.999 -99.999
164 R -99.999 8.644 -99.999 -99.999 -99.999 -99.999 -99.999 -99.999 -99.999 -99.999 -99.999 -99.999 -99.999 -99.999 -99.999 -99.999 -99.999 -99.999 -99.999 -99.999
165 I -99.999 -99.999 -99.999 -99.999 -99.999 -99.999 -99.999 -99.999 -99.999 4.644 4.644 -99.999 4.644 -99.999 -99.999 -99.999 -99.999 -99.999 -99.999 4.644
166 L -99.999 -99.999 -99.999 -99.999 -99.999 -99.999 -99.999 -99.999 -99.999 -99.999 7.814 4.644 -99.999 -99.999 -99.999 -99.999 -99.999 -99.999 -99.999 -99.999
167 D -99.999 -99.999 -99.999 7.089 -99.999 -99.999 6.118 -99.999 -99.999 -99.999 -99.999 -99.999 -99.999 -99.999 -99.999 -99.999 -99.999 -99.999 -99.999 -99.999
168 S -99.999 -99.999 -99.999 -99.999 -99.999 -99.999 -99.999 -99.999 -99.999 -99.999 -99.999 -99.999 -99.999 -99.999 -99.999 8.393 1.474 -99.999 -99.999 -99.999
169 Y -99.999 -99.999 -99.999 -99.999 -99.999 -99.999 -99.999 -99.999 -99.999 -99.999 -99.999 -99.999 -99.999 -99.999 -99.999 -99.999 -99.999 -99.999 8.644 -99.999
170 A 6.644 -99.999 -99.999 4.644 -99.999 -99.999 -99.999 -99.999 -99.999 -99.999 -99.999 -99.999 -99.999 -99.999 -99.999 4.644 -99.999 -99.999 -99.999 -99.999
171 G -99.999 -99.999 -99.999 -99.999 -99.999 -99.999 -99.999 8.644 -99.999 -99.999 -99.999 -99.999 -99.999 -99.999 -99.999 -99.999 -99.999 -99.999 -99.999 -99.999
172 A 8.644 -99.999 -99.999 -99.999 -99.999 -99.999 -99.999 -99.999 -99.999 -99.999 -99.999 -99.999 -99.999 -99.999 -99.999 -99.999 -99.999 -99.999 -99.999 -99.999
173 R -99.999 8.644 -99.999 -99.999 -99.999 -99.999 -99.999 -99.999 -99.999 -99.999 -99.999 -99.999 -99.999 -99.999 -99.999 -99.999 -99.999 -99.999 -99.999 -99.999
174 G -99.999 -99.999 -99.999 -99.999 -99.999 -99.999 -99.999 8.644 -99.999 -99.999 -99.999 -99.999 -99.999 -99.999 -99.999 -99.999 -99.999 -99.999 -99.999 -99.999
175 L -99.999 -99.999 -99.999 -99.999 -99.999 -99.999 -99.999 -99.999 -99.999 -99.999 8.644 -99.999 -99.999 -99.999 -99.999 -99.999 -99.999 -99.999 -99.999 -99.999
176 G -99.999 -99.999 -99.999 -99.999 -99.999 -99.999 -99.999 8.644 -99.999 -99.999 -99.999 -99.999 -99.999 -99.999 -99.999 -99.999 -99.999 -99.999 -99.999 -99.999
177 I -99.999 -99.999 -99.999 -99.999 -99.999 -99.999 -99.999 -99.999 -99.999 6.644 4.644 -99.999 -99.999 -99.999 -99.999 -99.999 -99.999 -99.999 -99.999 4.644
178 A 8.644 -99.999 -99.999 -99.999 -99.999 -99.999 -99.999 -99.999 -99.999 -99.999 -99.999 -99.999 -99.999 -99.999 -99.999 -99.999 -99.999 -99.999 -99.999 -99.999
179 D -99.999 -99.999 -99.999 8.644 -99.999 -99.999 -99.999 -99.999 -99.999 -99.999 -99.999 -99.999 -99.999 -99.999 -99.999 -99.999 -99.999 -99.999 -99.999 -99.999
180 S -99.999 -99.999 -99.999 -99.999 -99.999 -99.999 -99.999 -99.999 -99.999 -99.999 -99.999 -99.999 -99.999 -99.999 -99.999 8.644 -99.999 -99.999 -99.999 -99.999
181 A 6.644 -99.999 -99.999 -99.999 -99.999 -99.999 -99.999 -99.999 -99.999 -99.999 -99.999 -99.999 -99.999 -99.999 -99.999 6.644 -99.999 -99.999 -99.999 -99.999
182 A 7.814 -99.999 -99.999 -99.999 -99.999 -99.999 -99.999 -99.999 -99.999 -99.999 -99.999 -99.999 -99.999 -99.999 -99.999 -99.999 -99.999 -99.999 -99.999 4.644
183 F -99.999 -99.999 -99.999 -99.999 -99.999 -99.999 -99.999 -99.999 -99.999 -99.999 -99.999 -99.999 -99.999 8.644 -99.999 -99.999 -99.999 -99.999 -99.999 -99.999
184 G -99.999 -99.999 -99.999 -99.999 -99.999 -99.999 -99.999 8.644 -99.999 -99.999 -99.999 -99.999 -99.999 -99.999 -99.999 -99.999 -99.999 -99.999 -99.999 -99.999
185 F -99.999 -99.999 -99.999 -99.999 -99.999 -99.999 -99.999 -99.999 -99.999 -99.999 4.644 -99.999 -99.999 7.814 -99.999 -99.999 -99.999 -99.999 -99.999 -99.999
186 A 7.814 -99.999 -99.999 -99.999 -99.999 -99.999 -99.999 -99.999 -99.999 -99.999 -99.999 -99.999 -99.999 -99.999 -99.999 4.644 -99.999 -99.999 -99.999 -99.999
187 I -99.999 -99.999 -99.999 -99.999 -99.999 -99.999 -99.999 -99.999 -99.999 7.814 -99.999 -99.999 -99.999 -99.999 -99.999 -99.999 -99.999 -99.999 -99.999 4.644
188 V -99.999 -99.999 -99.999 -99.999 -99.999 -99.999 -99.999 -99.999 -99.999 -99.999 -99.999 -99.999 -99.999 -99.999 -99.999 4.644 -99.999 -99.999 -99.999 7.814
189 M -99.999 -99.999 -99.999 -99.999 -99.999 -99.999 -99.999 -99.999 -99.999 -99.999 -99.999 -99.999 8.644 -99.999 -99.999 -99.999 -99.999 -99.999 -99.999 -99.999
190 G 4.644 -99.999 -99.999 -99.999 -99.999 -99.999 -99.999 7.814 -99.999 -99.999 -99.999 -99.999 -99.999 -99.999 -99.999 -99.999 -99.999 -99.999 -99.999 -99.999
191 L -99.999 -99.999 -99.999 -99.999 -99.999 -99.999 -99.999 -99.999 -99.999 -99.999 8.644 -99.999 -99.999 -99.999 -99.999 -99.999 -99.999 -99.999 -99.999 -99.999
192 F -99.999 -99.999 -99.999 -99.999 -99.999 -99.999 -99.999 -99.999 -99.999 -99.999 5.474 -99.999 -99.999 7.474 -99.999 -99.999 -99.999 -99.999 -99.999 -99.999
193 I -99.999 -99.999 -99.999 -99.999 -99.999 -99.999 -99.999 -99.999 -99.999 6.644 4.644 -99.999 -99.999 -99.999 -99.999 -99.999 -99.999 -99.999 -99.999 4.644
194 F -99.999 -99.999 -99.999 -99.999 -99.999 -99.999 -99.999 -99.999 -99.999 -99.999 4.644 -99.999 -99.999 7.814 -99.999 -99.999 -99.999 -99.999 -99.999 -99.999
195 L -99.999 -99.999 -99.999 -99.999 -99.999 -99.999 -99.999 -99.999 -99.999 -99.999 8.644 -99.999 -99.999 -99.999 -99.999 -99.999 -99.999 -99.999 -99.999 -99.999
196 T -99.999 -99.999 -99.999 -99.999 -99.999 -99.999 -99.999 -99.999 -99.999 -99.999 -99.999 -99.999 -99.999 -99.999 -99.999 -99.999 7.814 -99.999 -99.999 4.644
197 F -99.999 -99.999 -99.999 -99.999 -99.999 -99.999 -99.999 -99.999 -99.999 -99.999 -99.999 -99.999 -99.999 8.644 -99.999 -99.999 -99.999 -99.999 -99.999 -99.999
198 F -99.999 -99.999 -99.999 -99.999 -99.999 -99.999 -99.999 -99.999 -99.999 -99.999 -99.999 -99.999 -99.999 7.474 -99.999 -99.999 -99.999 -99.999 4.644 1.474
199 S 3.474 -99.999 -99.999 -99.999 4.644 -99.999 -99.999 -99.999 -99.999 -99.999 -99.999 -99.999 -99.999 -99.999 -99.999 7.089 -99.999 -99.999 -99.999 -99.999
200 Y -99.999 -99.999 -99.999 -99.999 -99.999 -99.999 -99.999 -99.999 -99.999 -99.999 -99.999 -99.999 -99.999 -99.999 -99.999 -99.999 -99.999 -99.999 8.644 -99.999
201 K -99.999 -99.999 -99.999 -99.999 -99.999 -99.999 -99.999 -99.999 -99.999 -99.999 -99.999 8.644 -99.999 -99.999 -99.999 -99.999 -99.999 -99.999 -99.999 -99.999
202 N -99.999 -99.999 7.814 -99.999 -99.999 -99.999 -99.999 -99.999 -99.999 -99.999 -99.999 4.644 -99.999 -99.999 -99.999 -99.999 -99.999 -99.999 -99.999 -99.999
203 K -99.999 2.644 6.118 -99.999 -99.999 -99.999 -99.999 -99.999 -99.999 -99.999 -99.999 6.393 -99.999 -99.999 -99.999 -99.999 -99.999 -99.999 -99.999 -99.999
204 F -99.999 -99.999 -99.999 -99.999 -99.999 -99.999 -99.999 -99.999 -99.999 1.474 -99.999 -99.999 -99.999 7.474 -99.999 -99.999 -99.999 -99.999 4.644 -99.999
205 I -99.999 -99.999 -99.999 -99.999 -99.999 -99.999 -99.999 -99.999 -99.999 8.644 -99.999 -99.999 -99.999 -99.999 -99.999 -99.999 -99.999 -99.999 -99.999 -99.999
206 N -99.999 -99.999 6.644 -99.999 -99.999 -99.999 -99.999 5.474 -99.999 -99.999 -99.999 -99.999 -99.999 -99.999 -99.999 3.474 -99.999 -99.999 -99.999 -99.999
207 F -99.999 -99.999 -99.999 -99.999 -99.999 -99.999 -99.999 4.644 -99.999 -99.999 5.474 -99.999 -99.999 6.118 -99.999 -99.999 -99.999 -99.999 -99.999 -99.999
208 K -99.999 2.644 4.644 -99.999 -99.999 -99.999 -99.999 -99.999 -99.999 4.644 -99.999 5.814 -99.999 -99.999 -99.999 -99.999 -99.999 -99.999 -99.999 -99.999
209 Y -99.999 -99.999 -99.999 -99.999 -99.999 -99.999 -99.999 -99.999 -99.999 -99.999 4.644 -99.999 -99.999 1.474 -99.999 -99.999 -99.999 -99.999 7.474 -99.999
210 F -99.999 -99.999 -99.999 -99.999 -99.999 -99.999 -99.999 -99.999 -99.999 -99.999 -99.999 -99.999 -99.999 8.644 -99.999 -99.999 -99.999 -99.999 -99.999 -99.999
211 I -99.999 -99.999 -99.999 -99.999 -99.999 -99.999 -99.999 -99.999 -99.999 5.474 4.644 -99.999 -99.999 1.474 -99.999 1.474 -99.999 -99.999 -99.999 4.644
212 L 1.474 -99.999 -99.999 -99.999 -99.999 -99.999 -99.999 -99.999 -99.999 1.474 6.644 -99.999 -99.999 4.644 -99.999 -99.999 -99.999 -99.999 -99.999 1.474
213 L -99.999 -99.999 -99.999 -99.999 -99.999 -99.999 -99.999 -99.999 -99.999 -99.999 7.814 -99.999 -99.999 -99.999 -99.999 -99.999 -99.999 -99.999 -99.999 4.644
214 L -99.999 -99.999 -99.999 -99.999 -99.999 -99.999 -99.999 -99.999 -99.999 5.474 7.474 -99.999 -99.999 -99.999 -99.999 -99.999 -99.999 -99.999 -99.999 -99.999
215 A 4.644 -99.999 -99.999 -99.999 4.644 -99.999 -99.999 -99.999 -99.999 -99.999 4.644 -99.999 -99.999 -99.999 -99.999 4.644 -99.999 -99.999 -99.999 -99.999
216 L -99.999 -99.999 -99.999 -99.999 -99.999 -99.999 -99.999 -99.999 -99.999 5.474 7.474 -99.999 -99.999 -99.999 -99.999 -99.999 -99.999 -99.999 -99.999 -99.999
217 G -99.999 -99.999 -99.999 -99.999 -99.999 -99.999 -99.999 8.644 -99.999 -99.999 -99.999 -99.999 -99.999 -99.999 -99.999 -99.999 -99.999 -99.999 -99.999 -99.999
218 S -99.999 -99.999 -99.999 -99.999 -99.999 -99.999 -99.999 3.474 -99.999 -99.999 4.644 -99.999 -99.999 -99.999 -99.999 5.474 -99.999 -99.999 -99.999 4.644
219 V -99.999 -99.999 -99.999 -99.999 -99.999 -99.999 -99.999 -99.999 -99.999 4.644 -99.999 -99.999 -99.999 -99.999 -99.999 -99.999 -99.999 -99.999 -99.999 7.814
220 A 8.644 -99.999 -99.999 -99.999 -99.999 -99.999 -99.999 -99.999 -99.999 -99.999 -99.999 -99.999 -99.999 -99.999 -99.999 -99.999 -99.999 -99.999 -99.999 -99.999
221 S -99.999 -99.999 -99.999 -99.999 -99.999 -99.999 -99.999 -99.999 -99.999 -99.999 -99.999 -99.999 -99.999 -99.999 -99.999 8.644 -99.999 -99.999 -99.999 -99.999
222 I -99.999 -99.999 -99.999 -99.999 -99.999 -99.999 -99.999 -99.999 -99.999 8.393 -99.999 -99.999 -99.999 -99.999 -99.999 -99.999 -99.999 -99.999 -99.999 1.474
223 S -99.999 -99.999 -99.999 -99.999 -99.999 -99.999 -99.999 -99.999 -99.999 -99.999 -99.999 -99.999 -99.999 -99.999 -99.999 8.644 -99.999 -99.999 -99.999 -99.999
224 A 8.644 -99.999 -99.999 -99.999 -99.999 -99.999 -99.999 -99.999 -99.999 -99.999 -99.999 -99.999 -99.999 -99.999 -99.999 -99.999 -99.999 -99.999 -99.999 -99.999
225 G -99.999 -99.999 -99.999 -99.999 -99.999 -99.999 -99.999 8.644 -99.999 -99.999 -99.999 -99.999 -99.999 -99.999 -99.999 -99.999 -99.999 -99.999 -99.999 -99.999
226 R -99.999 8.644 -99.999 -99.999 -99.999 -99.999 -99.999 -99.999 -99.999 -99.999 -99.999 -99.999 -99.999 -99.999 -99.999 -99.999 -99.999 -99.999 -99.999 -99.999
227 T -99.999 -99.999 -99.999 -99.999 -99.999 -99.999 -99.999 -99.999 -99.999 -99.999 -99.999 -99.999 -99.999 -99.999 -99.999 -99.999 7.814 -99.999 -99.999 4.644
228 A 7.814 -99.999 -99.999 -99.999 -99.999 -99.999 -99.999 -99.999 -99.999 -99.999 -99.999 -99.999 -99.999 -99.999 -99.999 4.644 -99.999 -99.999 -99.999 -99.999
229 I -99.999 -99.999 -99.999 -99.999 -99.999 -99.999 -99.999 -99.999 -99.999 6.118 4.644 -99.999 -99.999 -99.999 -99.999 -99.999 -99.999 -99.999 -99.999 5.474
230 L -99.999 -99.999 -99.999 -99.999 -99.999 -99.999 -99.999 -99.999 -99.999 4.644 7.814 -99.999 -99.999 -99.999 -99.999 -99.999 -99.999 -99.999 -99.999 -99.999
231 G -99.999 -99.999 -99.999 -99.999 -99.999 -99.999 -99.999 8.644 -99.999 -99.999 -99.999 -99.999 -99.999 -99.999 -99.999 -99.999 -99.999 -99.999 -99.999 -99.999
232 L -99.999 -99.999 -99.999 -99.999 -99.999 -99.999 -99.999 -99.999 -99.999 5.474 6.118 -99.999 -99.999 -99.999 -99.999 -99.999 -99.999 -99.999 -99.999 4.644
233 I -99.999 -99.999 -99.999 -99.999 -99.999 -99.999 -99.999 -99.999 -99.999 6.393 -99.999 -99.999 1.474 4.644 -99.999 -99.999 -99.999 -99.999 -99.999 4.118
234 F 4.644 -99.999 -99.999 -99.999 4.644 -99.999 -99.999 -99.999 -99.999 -99.999 1.474 -99.999 -99.999 6.118 -99.999 -99.999 -99.999 -99.999 -99.999 -99.999
235 G -99.999 -99.999 -99.999 -99.999 -99.999 -99.999 -99.999 8.644 -99.999 -99.999 -99.999 -99.999 -99.999 -99.999 -99.999 -99.999 -99.999 -99.999 -99.999 -99.999
236 F -99.999 -99.999 -99.999 -99.999 -99.999 -99.999 -99.999 -99.999 -99.999 1.474 6.118 -99.999 -99.999 6.644 -99.999 -99.999 -99.999 -99.999 -99.999 -99.999
237 L -99.999 -99.999 -99.999 -99.999 -99.999 -99.999 -99.999 -99.999 -99.999 1.474 6.644 -99.999 -99.999 4.644 -99.999 -99.999 -99.999 -99.999 -99.999 3.474
238 Y -99.999 -99.999 -99.999 -99.999 -99.999 -99.999 -99.999 -99.999 -99.999 -99.999 -99.999 -99.999 -99.999 4.644 -99.999 -99.999 -99.999 -99.999 7.814 -99.999
239 L -99.999 -99.999 -99.999 -99.999 -99.999 -99.999 -99.999 -99.999 -99.999 -99.999 7.474 -99.999 -99.999 -99.999 -99.999 1.474 -99.999 4.644 -99.999 -99.999
240 A 6.644 -99.999 -99.999 -99.999 -99.999 -99.999 -99.999 -99.999 -99.999 -99.999 3.474 -99.999 -99.999 5.474 -99.999 -99.999 -99.999 -99.999 -99.999 -99.999
241 I -99.999 -99.999 -99.999 -99.999 -99.999 -99.999 -99.999 -99.999 -99.999 6.644 6.644 -99.999 -99.999 -99.999 -99.999 -99.999 -99.999 -99.999 -99.999 -99.999
242 N -99.999 -99.999 7.814 -99.999 -99.999 -99.999 -99.999 -99.999 -99.999 -99.999 -99.999 -99.999 -99.999 -99.999 -99.999 -99.999 -99.999 -99.999 4.644 -99.999
243 F -99.999 -99.999 -99.999 -99.999 -99.999 -99.999 -99.999 -99.999 -99.999 -99.999 4.644 -99.999 -99.999 7.814 -99.999 -99.999 -99.999 -99.999 -99.999 -99.999
244 K -99.999 1.474 4.644 -99.999 -99.999 -99.999 -99.999 -99.999 -99.999 -99.999 -99.999 7.474 -99.999 -99.999 -99.999 -99.999 -99.999 -99.999 -99.999 -99.999
245 N -99.999 4.644 7.814 -99.999 -99.999 -99.999 -99.999 -99.999 -99.999 -99.999 -99.999 -99.999 -99.999 -99.999 -99.999 -99.999 -99.999 -99.999 -99.999 -99.999
246 I 1.474 -99.999 -99.999 -99.999 -99.999 -99.999 -99.999 -99.999 -99.999 5.474 -99.999 -99.999 -99.999 4.644 -99.999 -99.999 4.644 -99.999 1.474 -99.999
247 R -99.999 7.814 -99.999 -99.999 -99.999 -99.999 -99.999 -99.999 -99.999 -99.999 -99.999 4.644 -99.999 -99.999 -99.999 -99.999 -99.999 -99.999 -99.999 -99.999
248 A 6.644 -99.999 -99.999 -99.999 -99.999 -99.999 -99.999 -99.999 -99.999 4.644 -99.999 -99.999 -99.999 -99.999 -99.999 4.644 -99.999 -99.999 -99.999 -99.999
249 L -99.999 -99.999 -99.999 -99.999 -99.999 -99.999 -99.999 -99.999 -99.999 -99.999 7.474 -99.999 -99.999 5.474 -99.999 -99.999 -99.999 -99.999 -99.999 -99.999
250 R -99.999 4.644 -99.999 -99.999 -99.999 -99.999 -99.999 -99.999 -99.999 -99.999 3.474 1.474 -99.999 4.644 -99.999 -99.999 -99.999 -99.999 4.644 -99.999
251 T -99.999 -99.999 -99.999 -99.999 -99.999 -99.999 -99.999 -99.999 -99.999 1.474 4.644 -99.999 -99.999 -99.999 -99.999 -99.999 7.474 -99.999 -99.999 -99.999
252 L -99.999 -99.999 -99.999 -99.999 -99.999 -99.999 -99.999 -99.999 -99.999 4.644 7.814 -99.999 -99.999 -99.999 -99.999 -99.999 -99.999 -99.999 -99.999 -99.999
253 I -99.999 -99.999 -99.999 -99.999 -99.999 -99.999 -99.999 -99.999 -99.999 7.814 -99.999 -99.999 -99.999 4.644 -99.999 -99.999 -99.999 -99.999 -99.999 -99.999
254 L -99.999 -99.999 -99.999 -99.999 -99.999 -99.999 -99.999 -99.999 -99.999 -99.999 6.644 -99.999 -99.999 -99.999 -99.999 4.644 4.644 -99.999 -99.999 -99.999
255 T -99.999 -99.999 -99.999 -99.999 -99.999 -99.999 -99.999 -99.999 -99.999 5.474 -99.999 -99.999 -99.999 -99.999 -99.999 4.644 6.118 -99.999 -99.999 -99.999
256 F -99.999 -99.999 -99.999 -99.999 -99.999 -99.999 -99.999 -99.999 -99.999 -99.999 -99.999 -99.999 -99.999 6.644 -99.999 4.644 -99.999 -99.999 -99.999 4.644
257 V -99.999 -99.999 -99.999 -99.999 -99.999 -99.999 -99.999 -99.999 -99.999 4.644 3.474 -99.999 -99.999 4.644 -99.999 -99.999 -99.999 -99.999 -99.999 5.474
258 A 4.644 -99.999 -99.999 -99.999 -99.999 -99.999 -99.999 -99.999 -99.999 3.474 4.644 -99.999 -99.999 1.474 -99.999 4.644 -99.999 -99.999 -99.999 -99.999
259 L -99.999 -99.999 -99.999 -99.999 -99.999 -99.999 -99.999 -99.999 -99.999 1.474 8.118 -99.999 -99.999 1.474 -99.999 -99.999 -99.999 -99.999 -99.999 -99.999
260 F -99.999 -99.999 -99.999 -99.999 -99.999 -99.999 -99.999 -99.999 -99.999 3.474 2.644 -99.999 -99.999 6.393 -99.999 -99.999 -99.999 -99.999 -99.999 4.644
261 F -99.999 -99.999 -99.999 -99.999 -99.999 -99.999 -99.999 -99.999 -99.999 -99.999 1.474 -99.999 -99.999 6.644 -99.999 4.644 -99.999 -99.999 -99.999 3.474
262 I 3.474 -99.999 -99.999 -99.999 -99.999 -99.999 -99.999 -99.999 -99.999 5.474 -99.999 -99.999 -99.999 -99.999 -99.999 4.644 4.644 -99.999 -99.999 -99.999
263 L -99.999 -99.999 -99.999 -99.999 -99.999 -99.999 -99.999 4.644 -99.999 -99.999 7.814 -99.999 -99.999 -99.999 -99.999 -99.999 -99.999 -99.999 -99.999 -99.999
264 S -99.999 -99.999 -99.999 -99.999 -99.999 -99.999 -99.999 -99.999 -99.999 -99.999 4.644 -99.999 -99.999 -99.999 -99.999 5.474 -99.999 -99.999 5.474 1.474
265 F -99.999 -99.999 -99.999 -99.999 -99.999 -99.999 -99.999 -99.999 -99.999 1.474 1.474 -99.999 -99.999 7.089 -99.999 -99.999 -99.999 -99.999 4.644 -99.999
266 L -99.999 -99.999 -99.999 -99.999 -99.999 -99.999 -99.999 -99.999 -99.999 -99.999 8.644 -99.999 -99.999 -99.999 -99.999 -99.999 -99.999 -99.999 -99.999 -99.999
267 I -99.999 -99.999 -99.999 -99.999 -99.999 -99.999 -99.999 -99.999 -99.999 7.089 6.118 -99.999 -99.999 -99.999 -99.999 -99.999 -99.999 -99.999 -99.999 -99.999
268 S -99.999 -99.999 4.644 -99.999 -99.999 -99.999 -99.999 4.644 -99.999 -99.999 -99.999 -99.999 -99.999 -99.999 -99.999 6.644 -99.999 -99.999 -99.999 -99.999
269 I -99.999 -99.999 -99.999 -99.999 -99.999 -99.999 -99.999 -99.999 -99.999 7.288 -99.999 -99.999 -99.999 -99.999 -99.999 -99.999 -99.999 -99.999 -99.999 5.814
270 D -99.999 4.644 4.644 6.644 -99.999 -99.999 -99.999 -99.999 -99.999 -99.999 -99.999 -99.999 -99.999 -99.999 -99.999 -99.999 -99.999 -99.999 -99.999 -99.999
271 R -99.999 6.644 4.644 -99.999 -99.999 4.644 -99.999 -99.999 -99.999 -99.999 -99.999 -99.999 -99.999 -99.999 -99.999 -99.999 -99.999 -99.999 -99.999 -99.999
272 A 4.644 -99.999 3.474 1.474 -99.999 4.644 -99.999 -99.999 -99.999 -99.999 -99.999 -99.999 -99.999 -99.999 -99.999 4.644 -99.999 -99.999 -99.999 -99.999
273 S -99.999 -99.999 -99.999 -99.999 -99.999 -99.999 -99.999 -99.999 -99.999 -99.999 4.644 -99.999 -99.999 -99.999 -99.999 6.644 -99.999 -99.999 -99.999 4.644
274 I -99.999 -99.999 -99.999 -99.999 -99.999 -99.999 -99.999 -99.999 -99.999 8.644 -99.999 -99.999 -99.999 -99.999 -99.999 -99.999 -99.999 -99.999 -99.999 -99.999
275 E -99.999 -99.999 -99.999 -99.999 -99.999 3.474 7.649 -99.999 -99.999 -99.999 -99.999 2.644 -99.999 -99.999 -99.999 -99.999 -99.999 -99.999 -99.999 -99.999
276 N -99.999 -99.999 7.814 -99.999 -99.999 -99.999 -99.999 -99.999 -99.999 -99.999 -99.999 -99.999 -99.999 -99.999 4.644 -99.999 -99.999 -99.999 -99.999 -99.999
277 E 4.644 -99.999 -99.999 -99.999 -99.999 4.644 6.644 -99.999 -99.999 -99.999 -99.999 -99.999 -99.999 -99.999 -99.999 -99.999 -99.999 -99.999 -99.999 -99.999
278 T 4.644 -99.999 -99.999 -99.999 -99.999 -99.999 -99.999 -99.999 -99.999 -99.999 -99.999 -99.999 -99.999 -99.999 -99.999 -99.999 7.814 -99.999 -99.999 -99.999
279 L -99.999 -99.999 -99.999 -99.999 -99.999 -99.999 -99.999 -99.999 -99.999 -99.999 8.644 -99.999 -99.999 -99.999 -99.999 -99.999 -99.999 -99.999 -99.999 -99.999
280 S -99.999 -99.999 -99.999 -99.999 -99.999 -99.999 -99.999 6.644 -99.999 -99.999 -99.999 -99.999 -99.999 -99.999 -99.999 6.644 -99.999 -99.999 -99.999 -99.999
281 Y -99.999 -99.999 -99.999 -99.999 -99.999 -99.999 -99.999 -99.999 -99.999 -99.999 -99.999 -99.999 -99.999 -99.999 -99.999 -99.999 -99.999 -99.999 7.814 4.644
282 F -99.999 -99.999 -99.999 -99.999 -99.999 -99.999 -99.999 -99.999 -99.999 -99.999 4.644 -99.999 -99.999 7.814 -99.999 -99.999 -99.999 -99.999 -99.999 -99.999
283 Y -99.999 -99.999 -99.999 -99.999 -99.999 -99.999 -99.999 -99.999 -99.999 -99.999 -99.999 -99.999 -99.999 -99.999 -99.999 -99.999 -99.999 -99.999 8.644 -99.999
284 S -99.999 -99.999 4.644 -99.999 -99.999 -99.999 -99.999 -99.999 -99.999 -99.999 -99.999 -99.999 -99.999 -99.999 -99.999 7.814 -99.999 -99.999 -99.999 -99.999
285 Y -99.999 -99.999 -99.999 -99.999 -99.999 -99.999 -99.999 -99.999 -99.999 -99.999 -99.999 -99.999 -99.999 -99.999 -99.999 -99.999 -99.999 -99.999 8.644 -99.999
286 S -99.999 -99.999 -99.999 -99.999 -99.999 -99.999 -99.999 -99.999 -99.999 -99.999 -99.999 -99.999 -99.999 -99.999 -99.999 8.644 -99.999 -99.999 -99.999 -99.999
287 M -99.999 -99.999 -99.999 -99.999 -99.999 -99.999 -99.999 -99.999 -99.999 -99.999 -99.999 -99.999 8.644 -99.999 -99.999 -99.999 -99.999 -99.999 -99.999 -99.999
288 E -99.999 -99.999 -99.999 -99.999 -99.999 -99.999 8.644 -99.999 -99.999 -99.999 -99.999 -99.999 -99.999 -99.999 -99.999 -99.999 -99.999 -99.999 -99.999 -99.999
289 P -99.999 -99.999 -99.999 -99.999 -99.999 -99.999 -99.999 -99.999 -99.999 -99.999 -99.999 -99.999 -99.999 -99.999 8.644 -99.999 -99.999 -99.999 -99.999 -99.999
290 I -99.999 -99.999 -99.999 -99.999 -99.999 -99.999 -99.999 -99.999 -99.999 8.259 -99.999 -99.999 -99.999 -99.999 -99.999 -99.999 -99.999 -99.999 -99.999 2.644
291 L -99.999 -99.999 -99.999 -99.999 -99.999 -99.999 -99.999 -99.999 -99.999 -99.999 7.814 -99.999 -99.999 4.644 -99.999 -99.999 -99.999 -99.999 -99.999 -99.999
292 N -99.999 -99.999 8.644 -99.999 -99.999 -99.999 -99.999 -99.999 -99.999 -99.999 -99.999 -99.999 -99.999 -99.999 -99.999 -99.999 -99.999 -99.999 -99.999 -99.999
293 Y -99.999 -99.999 -99.999 -99.999 -99.999 -99.999 -99.999 -99.999 -99.999 -99.999 -99.999 -99.999 -99.999 -99.999 -99.999 -99.999 -99.999 -99.999 8.644 -99.999
294 I -99.999 -99.999 -99.999 -99.999 -99.999 -99.999 -99.999 -99.999 -99.999 7.474 1.474 -99.999 4.644 -99.999 -99.999 -99.999 -99.999 -99.999 -99.999 -99.999
295 N -99.999 -99.999 6.644 4.644 -99.999 -99.999 -99.999 -99.999 -99.999 -99.999 -99.999 -99.999 -99.999 -99.999 -99.999 -99.999 -99.999 -99.999 4.644 -99.999
296 Y -99.999 -99.999 -99.999 -99.999 -99.999 4.644 3.474 -99.999 -99.999 -99.999 -99.999 -99.999 -99.999 -99.999 -99.999 -99.999 1.474 -99.999 6.644 -99.999
297 G -99.999 -99.999 -99.999 -99.999 -99.999 -99.999 -99.999 8.644 -99.999 -99.999 -99.999 -99.999 -99.999 -99.999 -99.999 -99.999 -99.999 -99.999 -99.999 -99.999
298 E -99.999 -99.999 -99.999 -99.999 -99.999 -99.999 6.644 1.474 -99.999 -99.999 -99.999 -99.999 -99.999 -99.999 -99.999 6.118 -99.999 -99.999 -99.999 -99.999
299 L -99.999 -99.999 -99.999 -99.999 -99.999 -99.999 -99.999 -99.999 -99.999 -99.999 7.089 -99.999 -99.999 6.118 -99.999 -99.999 -99.999 -99.999 -99.999 -99.999
300 A 6.118 4.644 -99.999 -99.999 -99.999 -99.999 -99.999 -99.999 -99.999 -99.999 -99.999 -99.999 -99.999 -99.999 -99.999 5.474 -99.999 -99.999 -99.999 -99.999
301 S -99.999 -99.999 -99.999 -99.999 -99.999 -99.999 -99.999 -99.999 -99.999 -99.999 -99.999 -99.999 -99.999 -99.999 -99.999 7.814 4.644 -99.999 -99.999 -99.999
302 S -99.999 -99.999 -99.999 -99.999 -99.999 -99.999 -99.999 4.644 -99.999 -99.999 -99.999 -99.999 -99.999 -99.999 -99.999 6.118 5.474 -99.999 -99.999 -99.999
303 S -99.999 -99.999 -99.999 -99.999 -99.999 -99.999 -99.999 -99.999 -99.999 -99.999 -99.999 -99.999 -99.999 -99.999 -99.999 8.644 -99.999 -99.999 -99.999 -99.999
304 T -99.999 -99.999 -99.999 -99.999 -99.999 -99.999 -99.999 -99.999 -99.999 -99.999 -99.999 -99.999 -99.999 -99.999 -99.999 -99.999 8.644 -99.999 -99.999 -99.999
305 D -99.999 -99.999 -99.999 8.393 -99.999 -99.999 -99.999 -99.999 -99.999 -99.999 -99.999 -99.999 -99.999 -99.999 -99.999 1.474 -99.999 -99.999 -99.999 -99.999
306 I 6.118 -99.999 -99.999 -99.999 -99.999 -99.999 -99.999 1.474 -99.999 6.644 -99.999 -99.999 -99.999 -99.999 -99.999 -99.999 -99.999 -99.999 -99.999 -99.999
307 L -99.999 -99.999 -99.999 -99.999 -99.999 -99.999 -99.999 -99.999 -99.999 -99.999 8.644 -99.999 -99.999 -99.999 -99.999 -99.999 -99.999 -99.999 -99.999 -99.999
308 Q -99.999 -99.999 -99.999 -99.999 -99.999 6.118 -99.999 -99.999 5.474 4.644 -99.999 -99.999 -99.999 -99.999 -99.999 -99.999 -99.999 -99.999 -99.999 -99.999
309 A 4.644 1.474 3.474 4.644 -99.999 -99.999 -99.999 -99.999 -99.999 -99.999 -99.999 4.644 -99.999 -99.999 -99.999 -99.999 -99.999 -99.999 -99.999 -99.999
310 M -99.999 -99.999 -99.999 -99.999 -99.999 -99.999 -99.999 -99.999 -99.999 -99.999 -99.999 -99.999 8.644 -99.999 -99.999 -99.999 -99.999 -99.999 -99.999 -99.999
311 Y -99.999 -99.999 -99.999 -99.999 -99.999 -99.999 -99.999 -99.999 -99.999 -99.999 -99.999 -99.999 -99.999 -99.999 -99.999 -99.999 -99.999 -99.999 8.644 -99.999
312 F -99.999 -99.999 -99.999 -99.999 -99.999 -99.999 -99.999 -99.999 -99.999 -99.999 -99.999 -99.999 -99.999 8.644 -99.999 -99.999 -99.999 -99.999 -99.999 -99.999
313 P -99.999 -99.999 -99.999 -99.999 -99.999 -99.999 -99.999 -99.999 -99.999 -99.999 -99.999 -99.999 -99.999 -99.999 8.644 -99.999 -99.999 -99.999 -99.999 -99.999
314 L -99.999 -99.999 -99.999 -99.999 -99.999 -99.999 -99.999 -99.999 -99.999 -99.999 8.644 -99.999 -99.999 -99.999 -99.999 -99.999 -99.999 -99.999 -99.999 -99.999
315 T -99.999 -99.999 -99.999 -99.999 -99.999 -99.999 -99.999 -99.999 -99.999 -99.999 -99.999 -99.999 -99.999 -99.999 -99.999 4.644 7.814 -99.999 -99.999 -99.999
316 E -99.999 -99.999 -99.999 -99.999 -99.999 2.644 8.259 -99.999 -99.999 -99.999 -99.999 -99.999 -99.999 -99.999 -99.999 -99.999 -99.999 -99.999 -99.999 -99.999
317 Q -99.999 -99.999 -99.999 -99.999 -99.999 6.118 -99.999 -99.999 4.644 -99.999 -99.999 5.474 -99.999 -99.999 -99.999 -99.999 -99.999 -99.999 -99.999 -99.999
318 Q -99.999 -99.999 -99.999 -99.999 -99.999 8.644 -99.999 -99.999 -99.999 -99.999 -99.999 -99.999 -99.999 -99.999 -99.999 -99.999 -99.999 -99.999 -99.999 -99.999
319 F -99.999 -99.999 -99.999 -99.999 -99.999 -99.999 -99.999 -99.999 -99.999 4.644 4.644 -99.999 -99.999 5.474 -99.999 -99.999 -99.999 -99.999 3.474 -99.999
320 L -99.999 -99.999 -99.999 -99.999 -99.999 -99.999 -99.999 -99.999 -99.999 -99.999 7.814 -99.999 -99.999 4.644 -99.999 -99.999 -99.999 -99.999 -99.999 -99.999
321 I -99.999 -99.999 -99.999 -99.999 -99.999 -99.999 -99.999 -99.999 -99.999 8.644 -99.999 -99.999 -99.999 -99.999 -99.999 -99.999 -99.999 -99.999 -99.999 -99.999
322 G -99.999 -99.999 -99.999 -99.999 -99.999 -99.999 -99.999 8.644 -99.999 -99.999 -99.999 -99.999 -99.999 -99.999 -99.999 -99.999 -99.999 -99.999 -99.999 -99.999
323 D -99.999 -99.999 -99.999 8.644 -99.999 -99.999 -99.999 -99.999 -99.999 -99.999 -99.999 -99.999 -99.999 -99.999 -99.999 -99.999 -99.999 -99.999 -99.999 -99.999
324 G 4.644 -99.999 -99.999 -99.999 -99.999 -99.999 -99.999 7.814 -99.999 -99.999 -99.999 -99.999 -99.999 -99.999 -99.999 -99.999 -99.999 -99.999 -99.999 -99.999
325 R -99.999 7.814 -99.999 -99.999 -99.999 -99.999 -99.999 -99.999 -99.999 -99.999 -99.999 4.644 -99.999 -99.999 -99.999 -99.999 -99.999 -99.999 -99.999 -99.999
326 Y -99.999 -99.999 -99.999 -99.999 -99.999 -99.999 -99.999 -99.999 -99.999 -99.999 -99.999 -99.999 -99.999 -99.999 -99.999 -99.999 -99.999 -99.999 8.644 -99.999
327 M -99.999 -99.999 -99.999 -99.999 -99.999 -99.999 -99.999 -99.999 -99.999 -99.999 -99.999 -99.999 8.644 -99.999 -99.999 -99.999 -99.999 -99.999 -99.999 -99.999
328 D -99.999 -99.999 1.474 8.118 -99.999 -99.999 1.474 -99.999 -99.999 -99.999 -99.999 -99.999 -99.999 -99.999 -99.999 -99.999 -99.999 -99.999 -99.999 -99.999
329 G -99.999 -99.999 -99.999 -99.999 -99.999 -99.999 -99.999 8.644 -99.999 -99.999 -99.999 -99.999 -99.999 -99.999 -99.999 -99.999 -99.999 -99.999 -99.999 -99.999
330 Q -99.999 -99.999 4.644 2.644 -99.999 5.814 4.644 -99.999 -99.999 -99.999 -99.999 -99.999 -99.999 -99.999 -99.999 -99.999 -99.999 -99.999 -99.999 -99.999
331 S 5.814 -99.999 -99.999 -99.999 -99.999 -99.999 -99.999 2.644 -99.999 -99.999 -99.999 -99.999 -99.999 -99.999 -99.999 6.644 -99.999 -99.999 -99.999 -99.999
332 Y -99.999 -99.999 -99.999 -99.999 -99.999 -99.999 -99.999 -99.999 -99.999 -99.999 -99.999 -99.999 -99.999 -99.999 -99.999 -99.999 -99.999 -99.999 8.644 -99.999
333 Y -99.999 -99.999 -99.999 -99.999 -99.999 -99.999 -99.999 -99.999 -99.999 -99.999 -99.999 -99.999 -99.999 -99.999 -99.999 -99.999 -99.999 -99.999 8.644 -99.999
334 M -99.999 -99.999 -99.999 -99.999 -99.999 -99.999 -99.999 -99.999 -99.999 -99.999 -99.999 -99.999 8.644 -99.999 -99.999 -99.999 -99.999 -99.999 -99.999 -99.999
335 S 3.474 4.644 -99.999 -99.999 -99.999 -99.999 -99.999 -99.999 -99.999 -99.999 -99.999 4.644 -99.999 -99.999 -99.999 5.474 -99.999 -99.999 -99.999 -99.999
336 T -99.999 -99.999 -99.999 -99.999 -99.999 -99.999 -99.999 -99.999 -99.999 -99.999 -99.999 -99.999 -99.999 -99.999 -99.999 -99.999 8.644 -99.999 -99.999 -99.999
337 D -99.999 -99.999 -99.999 8.644 -99.999 -99.999 -99.999 -99.999 -99.999 -99.999 -99.999 -99.999 -99.999 -99.999 -99.999 -99.999 -99.999 -99.999 -99.999 -99.999
338 A 8.644 -99.999 -99.999 -99.999 -99.999 -99.999 -99.999 -99.999 -99.999 -99.999 -99.999 -99.999 -99.999 -99.999 -99.999 -99.999 -99.999 -99.999 -99.999 -99.999
339 G -99.999 -99.999 -99.999 -99.999 -99.999 -99.999 -99.999 8.644 -99.999 -99.999 -99.999 -99.999 -99.999 -99.999 -99.999 -99.999 -99.999 -99.999 -99.999 -99.999
340 Y -99.999 -99.999 -99.999 -99.999 -99.999 -99.999 -99.999 -99.999 -99.999 -99.999 -99.999 -99.999 -99.999 -99.999 -99.999 -99.999 -99.999 -99.999 8.644 -99.999
341 M -99.999 -99.999 -99.999 -99.999 -99.999 -99.999 -99.999 -99.999 -99.999 -99.999 -99.999 -99.999 8.644 -99.999 -99.999 -99.999 -99.999 -99.999 -99.999 -99.999
342 R -99.999 8.644 -99.999 -99.999 -99.999 -99.999 -99.999 -99.999 -99.999 -99.999 -99.999 -99.999 -99.999 -99.999 -99.999 -99.999 -99.999 -99.999 -99.999 -99.999
343 F -99.999 -99.999 -99.999 -99.999 -99.999 -99.999 -99.999 -99.999 -99.999 -99.999 -99.999 -99.999 -99.999 7.814 -99.999 -99.999 -99.999 -99.999 4.644 -99.999
344 A 7.474 -99.999 -99.999 -99.999 -99.999 -99.999 -99.999 -99.999 -99.999 -99.999 -99.999 -99.999 -99.999 -99.999 -99.999 -99.999 5.474 -99.999 -99.999 -99.999
345 L -99.999 -99.999 -99.999 -99.999 -99.999 -99.999 -99.999 -99.999 -99.999 -99.999 8.644 -99.999 -99.999 -99.999 -99.999 -99.999 -99.999 -99.999 -99.999 -99.999
346 F -99.999 -99.999 -99.999 -99.999 -99.999 -99.999 -99.999 -99.999 -99.999 -99.999 -99.999 -99.999 -99.999 8.644 -99.999 -99.999 -99.999 -99.999 -99.999 -99.999
347 Y -99.999 -99.999 -99.999 -99.999 -99.999 -99.999 -99.999 -99.999 -99.999 -99.999 -99.999 -99.999 -99.999 -99.999 -99.999 -99.999 -99.999 -99.999 8.644 -99.999
348 G -99.999 -99.999 -99.999 -99.999 -99.999 -99.999 -99.999 8.644 -99.999 -99.999 -99.999 -99.999 -99.999 -99.999 -99.999 -99.999 -99.999 -99.999 -99.999 -99.999
349 A 4.644 -99.999 -99.999 -99.999 -99.999 -99.999 -99.999 3.474 -99.999 4.644 -99.999 -99.999 -99.999 -99.999 -99.999 1.474 -99.999 -99.999 -99.999 4.644
350 I -99.999 -99.999 -99.999 -99.999 -99.999 -99.999 -99.999 -99.999 -99.999 6.118 -99.999 -99.999 -99.999 4.644 -99.999 -99.999 -99.999 -99.999 -99.999 5.474
351 F -99.999 -99.999 4.644 -99.999 -99.999 -99.999 -99.999 -99.999 -99.999 4.644 -99.999 -99.999 -99.999 6.644 -99.999 -99.999 -99.999 -99.999 -99.999 -99.999
352 S -99.999 -99.999 -99.999 -99.999 -99.999 -99.999 -99.999 -99.999 -99.999 -99.999 -99.999 -99.999 -99.999 -99.999 -99.999 8.644 -99.999 -99.999 -99.999 -99.999
353 S -99.999 -99.999 -99.999 -99.999 -99.999 -99.999 -99.999 -99.999 -99.999 4.644 3.474 -99.999 -99.999 1.474 -99.999 6.644 -99.999 -99.999 -99.999 -99.999
354 I -99.999 -99.999 -99.999 -99.999 -99.999 -99.999 -99.999 -99.999 -99.999 8.118 1.474 -99.999 1.474 -99.999 -99.999 -99.999 -99.999 -99.999 -99.999 -99.999
355 L -99.999 -99.999 -99.999 -99.999 -99.999 -99.999 -99.999 -99.999 -99.999 -99.999 6.644 -99.999 -99.999 6.118 -99.999 -99.999 -99.999 -99.999 -99.999 1.474
356 Y -99.999 -99.999 -99.999 -99.999 -99.999 -99.999 -99.999 -99.999 -99.999 -99.999 -99.999 -99.999 -99.999 -99.999 -99.999 -99.999 -99.999 -99.999 8.644 -99.999
357 F -99.999 -99.999 -99.999 -99.999 -99.999 -99.999 -99.999 -99.999 -99.999 -99.999 4.644 -99.999 -99.999 6.644 -99.999 3.474 -99.999 -99.999 -99.999 1.474
358 Y 4.644 -99.999 -99.999 -99.999 -99.999 -99.999 -99.999 -99.999 -99.999 -99.999 -99.999 -99.999 -99.999 4.644 -99.999 -99.999 -99.999 -99.999 6.644 -99.999
359 F -99.999 -99.999 -99.999 -99.999 -99.999 -99.999 -99.999 -99.999 -99.999 -99.999 -99.999 -99.999 -99.999 8.644 -99.999 -99.999 -99.999 -99.999 -99.999 -99.999
360 I 4.644 -99.999 -99.999 -99.999 -99.999 -99.999 -99.999 -99.999 -99.999 6.118 -99.999 -99.999 -99.999 -99.999 -99.999 1.474 -99.999 -99.999 -99.999 4.644
361 Y -99.999 -99.999 -99.999 -99.999 -99.999 -99.999 -99.999 -99.999 -99.999 -99.999 4.644 -99.999 -99.999 4.644 -99.999 -99.999 -99.999 -99.999 6.644 -99.999
362 F -99.999 -99.999 -99.999 -99.999 -99.999 -99.999 -99.999 -99.999 -99.999 -99.999 -99.999 -99.999 -99.999 8.644 -99.999 -99.999 -99.999 -99.999 -99.999 -99.999
363 L -99.999 -99.999 -99.999 -99.999 -99.999 -99.999 -99.999 -99.999 -99.999 -99.999 7.814 -99.999 -99.999 -99.999 -99.999 -99.999 1.474 -99.999 -99.999 3.474
364 M -99.999 -99.999 -99.999 -99.999 -99.999 -99.999 -99.999 -99.999 -99.999 4.644 4.644 -99.999 5.474 -99.999 -99.999 1.474 -99.999 -99.999 -99.999 1.474
365 K -99.999 5.474 -99.999 -99.999 -99.999 -99.999 -99.999 -99.999 -99.999 -99.999 -99.999 6.118 -99.999 4.644 -99.999 -99.999 -99.999 -99.999 -99.999 -99.999
366 V -99.999 -99.999 -99.999 -99.999 -99.999 -99.999 -99.999 -99.999 -99.999 1.474 1.474 -99.999 -99.999 -99.999 -99.999 -99.999 4.644 -99.999 -99.999 7.089
367 L 1.474 -99.999 -99.999 -99.999 -99.999 -99.999 -99.999 -99.999 -99.999 1.474 4.644 -99.999 -99.999 -99.999 -99.999 4.644 1.474 -99.999 4.644 -99.999
368 M -99.999 -99.999 -99.999 -99.999 -99.999 -99.999 -99.999 -99.999 -99.999 -99.999 -99.999 -99.999 6.644 6.644 -99.999 -99.999 -99.999 -99.999 -99.999 -99.999
369 K -99.999 -99.999 -99.999 -99.999 -99.999 -99.999 -99.999 -99.999 -99.999 -99.999 -99.999 8.644 -99.999 -99.999 -99.999 -99.999 -99.999 -99.999 -99.999 -99.999
370 L -99.999 -99.999 -99.999 -99.999 -99.999 -99.999 -99.999 -99.999 -99.999 1.474 7.288 -99.999 -99.999 1.474 -99.999 1.474 -99.999 -99.999 -99.999 2.644
371 N -99.999 -99.999 5.814 -99.999 -99.999 -99.999 -99.999 -99.999 2.644 1.474 5.474 -99.999 -99.999 1.474 -99.999 -99.999 -99.999 -99.999 -99.999 -99.999
372 D -99.999 -99.999 3.474 6.644 -99.999 -99.999 -99.999 -99.999 -99.999 -99.999 -99.999 1.474 -99.999 -99.999 -99.999 4.644 -99.999 -99.999 -99.999 -99.999
373 K -99.999 2.644 -99.999 -99.999 -99.999 4.644 -99.999 -99.999 -99.999 -99.999 -99.999 7.288 -99.999 -99.999 -99.999 -99.999 -99.999 -99.999 -99.999 -99.999
374 K -99.999 2.644 3.474 4.644 -99.999 -99.999 -99.999 -99.999 -99.999 -99.999 -99.999 6.393 -99.999 -99.999 -99.999 -99.999 -99.999 -99.999 -99.999 -99.999
375 Y -99.999 -99.999 1.474 -99.999 -99.999 -99.999 4.644 -99.999 -99.999 -99.999 -99.999 -99.999 -99.999 -99.999 -99.999 -99.999 -99.999 -99.999 7.474 -99.999
376 L 1.474 -99.999 -99.999 -99.999 -99.999 -99.999 -99.999 -99.999 -99.999 1.474 4.644 4.644 1.474 4.644 -99.999 -99.999 -99.999 -99.999 -99.999 -99.999
377 I -99.999 -99.999 -99.999 -99.999 -99.999 -99.999 -99.999 -99.999 -99.999 5.474 1.474 4.644 -99.999 -99.999 -99.999 -99.999 -99.999 4.644 -99.999 1.474
378 L -99.999 -99.999 -99.999 -99.999 -99.999 -99.999 -99.999 -99.999 -99.999 -99.999 7.474 -99.999 -99.999 4.644 1.474 -99.999 -99.999 -99.999 -99.999 -99.999
379 L -99.999 -99.999 -99.999 -99.999 -99.999 -99.999 -99.999 -99.999 -99.999 5.474 6.118 -99.999 -99.999 -99.999 -99.999 -99.999 -99.999 -99.999 -99.999 4.644
380 I -99.999 -99.999 -99.999 -99.999 -99.999 -99.999 -99.999 -99.999 -99.999 6.644 5.474 -99.999 -99.999 3.474 -99.999 -99.999 -99.999 -99.999 -99.999 -99.999
381 F -99.999 -99.999 -99.999 -99.999 -99.999 -99.999 -99.999 -99.999 -99.999 -99.999 4.644 -99.999 -99.999 7.814 -99.999 -99.999 -99.999 -99.999 -99.999 -99.999
382 L -99.999 -99.999 -99.999 -99.999 -99.999 -99.999 -99.999 -99.999 -99.999 4.644 6.644 -99.999 -99.999 4.644 -99.999 -99.999 -99.999 -99.999 -99.999 -99.999
383 A 4.644 -99.999 -99.999 -99.999 -99.999 -99.999 -99.999 4.644 -99.999 4.644 4.644 -99.999 -99.999 -99.999 -99.999 -99.999 -99.999 -99.999 -99.999 -99.999
384 V -99.999 -99.999 -99.999 -99.999 -99.999 -99.999 -99.999 -99.999 -99.999 4.644 3.474 -99.999 -99.999 -99.999 -99.999 -99.999 -99.999 -99.999 -99.999 7.089
385 L -99.999 -99.999 -99.999 -99.999 -99.999 -99.999 -99.999 -99.999 -99.999 1.474 5.814 -99.999 4.644 5.089 -99.999 -99.999 -99.999 -99.999 -99.999 -99.999
386 S -99.999 -99.999 -99.999 -99.999 -99.999 -99.999 -99.999 -99.999 -99.999 -99.999 -99.999 -99.999 -99.999 -99.999 -99.999 8.644 -99.999 -99.999 -99.999 -99.999
387 F -99.999 -99.999 -99.999 -99.999 -99.999 -99.999 -99.999 -99.999 -99.999 -99.999 1.474 -99.999 -99.999 8.393 -99.999 -99.999 -99.999 -99.999 -99.999 -99.999
388 I 4.644 -99.999 -99.999 -99.999 -99.999 -99.999 -99.999 -99.999 -99.999 6.644 4.644 -99.999 -99.999 -99.999 -99.999 -99.999 -99.999 -99.999 -99.999 -99.999
389 L -99.999 -99.999 -99.999 -99.999 -99.999 -99.999 -99.999 -99.999 -99.999 -99.999 7.814 -99.999 -99.999 4.644 -99.999 -99.999 -99.999 -99.999 -99.999 -99.999
390 H -99.999 -99.999 -99.999 -99.999 -99.999 -99.999 -99.999 -99.999 8.644 -99.999 -99.999 -99.999 -99.999 -99.999 -99.999 -99.999 -99.999 -99.999 -99.999 -99.999
391 Y -99.999 -99.999 -99.999 -99.999 -99.999 -99.999 -99.999 -99.999 -99.999 -99.999 -99.999 -99.999 -99.999 -99.999 -99.999 -99.999 -99.999 -99.999 8.644 -99.999
392 K -99.999 -99.999 -99.999 -99.999 -99.999 -99.999 -99.999 -99.999 -99.999 -99.999 -99.999 8.644 -99.999 -99.999 -99.999 -99.999 -99.999 -99.999 -99.999 -99.999
393 G -99.999 -99.999 -99.999 -99.999 -99.999 -99.999 -99.999 8.644 -99.999 -99.999 -99.999 -99.999 -99.999 -99.999 -99.999 -99.999 -99.999 -99.999 -99.999 -99.999
394 E -99.999 -99.999 -99.999 -99.999 -99.999 -99.999 8.644 -99.999 -99.999 -99.999 -99.999 -99.999 -99.999 -99.999 -99.999 -99.999 -99.999 -99.999 -99.999 -99.999
395 V -99.999 -99.999 -99.999 -99.999 -99.999 -99.999 -99.999 -99.999 -99.999 5.474 -99.999 -99.999 -99.999 -99.999 -99.999 -99.999 4.644 -99.999 -99.999 6.118
396 V -99.999 -99.999 -99.999 -99.999 -99.999 -99.999 -99.999 -99.999 -99.999 5.814 -99.999 -99.999 -99.999 -99.999 -99.999 -99.999 -99.999 -99.999 -99.999 7.288
397 L -99.999 -99.999 -99.999 -99.999 -99.999 -99.999 -99.999 -99.999 -99.999 -99.999 8.393 -99.999 -99.999 1.474 -99.999 -99.999 -99.999 -99.999 -99.999 -99.999
398 F -99.999 -99.999 -99.999 -99.999 -99.999 -99.999 -99.999 -99.999 -99.999 -99.999 4.644 -99.999 -99.999 7.814 -99.999 -99.999 -99.999 -99.999 -99.999 -99.999
399 A 8.118 -99.999 -99.999 -99.999 -99.999 -99.999 -99.999 -99.999 -99.999 -99.999 -99.999 -99.999 -99.999 -99.999 -99.999 3.474 -99.999 -99.999 -99.999 -99.999
400 V -99.999 -99.999 -99.999 -99.999 -99.999 -99.999 -99.999 -99.999 -99.999 6.644 -99.999 -99.999 -99.999 -99.999 -99.999 -99.999 -99.999 -99.999 -99.999 6.644
401 S -99.999 -99.999 -99.999 -99.999 -99.999 -99.999 -99.999 -99.999 -99.999 -99.999 -99.999 -99.999 -99.999 -99.999 -99.999 8.644 -99.999 -99.999 -99.999 -99.999
402 Y -99.999 -99.999 -99.999 -99.999 -99.999 -99.999 -99.999 -99.999 -99.999 -99.999 -99.999 -99.999 -99.999 -99.999 -99.999 -99.999 -99.999 -99.999 8.644 -99.999
403 N -99.999 -99.999 7.474 -99.999 -99.999 -99.999 -99.999 4.644 -99.999 -99.999 -99.999 -99.999 -99.999 -99.999 -99.999 1.474 -99.999 -99.999 -99.999 -99.999
404 K -99.999 -99.999 -99.999 -99.999 -99.999 -99.999 -99.999 -99.999 -99.999 -99.999 -99.999 8.644 -99.999 -99.999 -99.999 -99.999 -99.999 -99.999 -99.999 -99.999
405 L -99.999 -99.999 -99.999 -99.999 -99.999 -99.999 -99.999 -99.999 -99.999 4.644 6.644 -99.999 -99.999 -99.999 -99.999 -99.999 -99.999 -99.999 -99.999 4.644
406 L -99.999 -99.999 -99.999 -99.999 -99.999 -99.999 -99.999 -99.999 -99.999 -99.999 8.644 -99.999 -99.999 -99.999 -99.999 -99.999 -99.999 -99.999 -99.999 -99.999
407 F -99.999 -99.999 -99.999 -99.999 -99.999 -99.999 -99.999 -99.999 -99.999 -99.999 4.644 -99.999 -99.999 7.814 -99.999 -99.999 -99.999 -99.999 -99.999 -99.999
408 L -99.999 -99.999 -99.999 -99.999 -99.999 -99.999 -99.999 -99.999 -99.999 -99.999 8.644 -99.999 -99.999 -99.999 -99.999 -99.999 -99.999 -99.999 -99.999 -99.999
409 I -99.999 -99.999 -99.999 -99.999 -99.999 -99.999 -99.999 -99.999 -99.999 7.814 -99.999 -99.999 -99.999 -99.999 -99.999 -99.999 -99.999 -99.999 -99.999 4.644
410 L -99.999 -99.999 -99.999 -99.999 -99.999 -99.999 -99.999 -99.999 -99.999 4.644 6.644 -99.999 -99.999 -99.999 -99.999 -99.999 -99.999 -99.999 -99.999 4.644
411 F -99.999 -99.999 -99.999 -99.999 -99.999 -99.999 -99.999 -99.999 -99.999 -99.999 -99.999 -99.999 -99.999 8.644 -99.999 -99.999 -99.999 -99.999 -99.999 -99.999
412 Y -99.999 -99.999 -99.999 -99.999 -99.999 -99.999 -99.999 -99.999 -99.999 -99.999 -99.999 -99.999 -99.999 6.118 -99.999 -99.999 -99.999 -99.999 7.089 -99.999
413 I -99.999 -99.999 -99.999 -99.999 -99.999 -99.999 -99.999 -99.999 -99.999 7.474 5.474 -99.999 -99.999 -99.999 -99.999 -99.999 -99.999 -99.999 -99.999 -99.999
414 Y -99.999 -99.999 -99.999 -99.999 -99.999 -99.999 -99.999 -99.999 -99.999 -99.999 -99.999 -99.999 -99.999 -99.999 -99.999 -99.999 -99.999 -99.999 8.644 -99.999
415 L -99.999 -99.999 -99.999 -99.999 -99.999 -99.999 -99.999 -99.999 -99.999 1.474 7.089 -99.999 1.474 4.644 -99.999 -99.999 -99.999 -99.999 -99.999 -99.999
416 K -99.999 1.474 -99.999 -99.999 -99.999 -99.999 -99.999 -99.999 -99.999 -99.999 -99.999 7.089 -99.999 -99.999 -99.999 1.474 -99.999 -99.999 4.644 -99.999
417 S -99.999 -99.999 4.644 -99.999 -99.999 -99.999 -99.999 -99.999 1.474 -99.999 4.644 -99.999 -99.999 -99.999 -99.999 6.118 -99.999 -99.999 -99.999 -99.999
418 M 1.474 -99.999 -99.999 -99.999 -99.999 -99.999 -99.999 -99.999 -99.999 3.474 -99.999 -99.999 4.644 4.644 -99.999 4.644 -99.999 -99.999 -99.999 -99.999
419 K 2.644 1.474 -99.999 -99.999 -99.999 -99.999 -99.999 3.474 -99.999 -99.999 -99.999 4.644 -99.999 -99.999 -99.999 -99.999 -99.999 -99.999 4.644 2.644
420 L -99.999 -99.999 -99.999 4.644 -99.999 -99.999 -99.999 -99.999 -99.999 3.474 7.089 -99.999 -99.999 -99.999 -99.999 -99.999 -99.999 -99.999 -99.999 -99.999
421 N 4.644 -99.999 5.474 -99.999 -99.999 -99.999 1.474 -99.999 -99.999 -99.999 -99.999 5.474 -99.999 -99.999 -99.999 -99.999 -99.999 -99.999 -99.999 -99.999
422 E -99.999 -99.999 -99.999 -99.999 -99.999 -99.999 5.814 -99.999 -99.999 2.644 5.814 2.644 -99.999 -99.999 -99.999 -99.999 -99.999 -99.999 -99.999 -99.999
423 I -99.999 -99.999 -99.999 -99.999 -99.999 -99.999 -99.999 -99.999 -99.999 6.644 -99.999 6.644 -99.999 -99.999 -99.999 -99.999 -99.999 -99.999 -99.999 -99.999
424 K -99.999 -99.999 -99.999 -99.999 -99.999 -99.999 -99.999 4.644 -99.999 -99.999 -99.999 6.644 -99.999 -99.999 -99.999 4.644 -99.999 -99.999 -99.999 -99.999
425 K -99.999 -99.999 -99.999 -99.999 -99.999 -99.999 -99.999 -99.999 -99.999 -99.999 -99.999 6.644 4.644 -99.999 -99.999 -99.999 -99.999 -99.999 -99.999 4.644
426 E -99.999 -99.999 -99.999 -99.999 -99.999 -99.999 5.814 5.814 -99.999 -99.999 2.644 -99.999 -99.999 -99.999 -99.999 -99.999 -99.999 -99.999 -99.999 2.644
427 R -99.999 6.644 1.474 -99.999 -99.999 -99.999 -99.999 -99.999 -99.999 -99.999 -99.999 1.474 -99.999 -99.999 -99.999 4.644 1.474 -99.999 -99.999 -99.999
428 L -99.999 4.644 -99.999 -99.999 -99.999 -99.999 -99.999 4.644 -99.999 -99.999 5.474 1.474 -99.999 -99.999 -99.999 -99.999 -99.999 -99.999 -99.999 1.474
429 G 1.474 -99.999 -99.999 -99.999 -99.999 -99.999 -99.999 4.644 -99.999 4.644 -99.999 4.118 2.644 -99.999 -99.999 1.474 -99.999 -99.999 -99.999 -99.999