#Seq2Logo.py -f /work3/idamei/ssn-clusterings/2206011120/clusters/0002_332/sequences.afa -m 0.0001 -b 50 -o /work3/idamei/ssn-clusterings/2206011120/clusters/0002_332/sequences.logo -p 640x1000 -l 30
Last position-specific scoring matrix computed, values are in halfbits
A R N D C Q E G H I L K M F P S T W Y V
0 L -1.123 -1.426 -2.403 -2.857 -0.211 -1.094 -2.396 -2.626 -1.011 1.56 2.092 -1.495 5.818 0.425 -3.285 -2.059 -1.089 -1.349 -0.875 0.947
1 I -1.362 -3.086 -3.248 -3.166 -0.136 -3.195 -3.672 -3.465 -2.697 4.483 1.691 -2.664 1.286 0.232 -3.49 -3.062 -1.06 -2.17 -1.271 2.875
2 N -1.645 -0.4 5.612 1.296 -1.832 -0.512 -0.711 -0.14 0.983 -2.698 -3.137 -0.281 -2.147 -2.36 -2.573 -0.104 -0.437 -2.952 -2.054 -2.546
3 D -1.763 -1.574 1.213 5.811 -2.358 -0.858 1.065 -1.109 -0.522 -2.711 -3.477 -0.815 -2.683 -2.905 -2.275 -0.938 -1.398 -3.517 -3.029 -2.85
4 Q -0.868 1.022 -0.078 -0.342 -1.897 4.831 1.406 -1.465 0.784 -2.226 -1.976 1.236 -0.389 -2.944 -2.137 -0.74 -0.961 -2.17 -1.271 -1.773
5 R -1.52 5.483 -0.448 -1.549 -2.245 0.532 -0.546 -2.114 0.113 -2.597 -2.013 2.033 -1.209 -2.458 -2.69 -1.392 -1.439 -2.22 -1.758 -2.147
6 I -1.362 -3.086 -3.248 -3.166 -0.136 -3.195 -3.672 -3.465 -2.697 4.483 1.691 -2.664 1.286 0.232 -3.49 -3.062 -1.06 -2.17 -1.271 2.875
7 V -0.219 -2.472 -2.915 -3.15 0.354 -2.573 -2.879 -2.941 -2.9 3.044 0.96 -2.374 0.846 -0.384 -3.157 -2.27 -0.437 -2.373 -1.271 4.086
8 E -0.905 -0.107 -0.324 1.532 -2.397 1.361 4.46 -1.935 0.407 -2.75 -2.688 0.691 -1.739 -2.593 -1.867 -0.777 -1.286 -2.373 -1.893 -2.12
9 K -0.812 2.108 -0.254 -0.708 -1.963 0.821 0.328 -1.328 -0.229 -2.109 -2.226 4.453 -1.209 -2.791 -1.673 -0.867 -1.068 -2.535 -1.774 -1.984
10 I -1.42 -3.143 -3.305 -3.223 -0.193 -3.252 -3.729 -3.522 -2.754 4.631 1.634 -2.721 1.228 0.175 -3.547 -3.119 -1.117 -2.227 -1.328 2.817
11 Y -1.855 -1.82 -2.168 -3.065 -1.794 -1.826 -2.406 -2.975 2.062 -0.846 -0.953 -1.916 -0.725 3.306 -3.376 -2.48 -2.132 2.266 6.743 -1.022
12 V -0.276 -2.529 -2.972 -3.207 0.297 -2.63 -2.936 -2.998 -2.958 2.987 0.903 -2.431 0.789 -0.441 -3.214 -2.327 -0.494 -2.43 -1.328 4.236
13 A 2.894 -1.131 -0.428 -0.922 0.349 -0.963 -0.946 0.101 -0.854 -1.363 -1.824 -0.596 -1.069 -1.938 -1.518 2.281 0.34 -2.537 -1.798 -0.532
14 L -1.953 -2.562 -3.143 -3.506 -0.741 -3.231 -3.435 -3.16 -1.519 1.226 2.838 -2.904 1.283 4.944 -4.038 -3.137 -1.991 -0.179 1.535 0.368
15 L -1.666 -1.172 -0.903 -2.037 -1.083 -1.188 -1.618 -2.461 6.149 0.484 2.372 -1.539 0.865 0.069 -3.188 -2.305 -1.928 -1.593 0.573 -0.321
16 C -0.381 -2.924 -2.99 -3.331 7.832 -3.033 -3.406 -2.575 -2.975 1.68 0.07 -2.771 -0.011 -1.142 -3.232 -2.004 -0.894 -2.823 -1.986 2.755
17 P -0.495 -1.559 -0.942 -1.319 -0.604 -1.531 -1.54 -1.621 -1.551 -1.128 -1.824 -0.967 -1.361 -2.369 4.857 -0.219 2.737 -3.174 -2.177 -0.768
18 C -1.282 -3.152 -2.955 -3.409 7.784 -3.697 -3.738 -2.54 -1.741 -0.226 -0.178 -3.25 -0.411 4.721 -3.804 -2.314 -1.838 -0.564 1.26 -0.501
19 F -2.32 -2.882 -2.846 -3.3 -1.36 -3.85 -3.468 -2.86 -0.814 0.291 0.579 -3.29 0.216 6.492 -4.434 -3.016 -2.356 0.866 2.945 -0.493
20 L -1.526 -2.172 -3.348 -3.606 -0.136 -2.626 -3.291 -3.368 -2.299 2.019 4.014 -2.464 2.147 0.847 -3.59 -3.144 -1.566 -1.636 -1.042 1.12
21 L 0.006 -1.417 -0.873 -1.51 -0.08 -1.466 -1.657 -1.345 -1.283 0.623 2.397 -1.221 0.883 -0.276 -2.391 1.684 -0.046 -2.108 -1.427 0.106
22 G -0.052 -1.699 -0.328 -1.207 -0.553 -1.641 -1.976 4.076 -1.487 -1.391 -2.058 -1.232 -1.449 -2.12 -2.225 -0.067 2.674 -2.352 -2.381 -0.964
23 I -1.42 -3.143 -3.305 -3.223 -0.193 -3.252 -3.729 -3.522 -2.754 4.631 1.634 -2.721 1.228 0.175 -3.547 -3.119 -1.117 -2.227 -1.328 2.817
24 L -0.856 -2.375 -3.181 -3.426 0.063 -2.656 -3.135 -3.204 -2.641 2.52 2.928 -2.475 1.512 0.24 -3.423 -2.731 -1.004 -2.038 -1.211 3.065
25 A 2.894 -1.131 -0.428 -0.922 0.349 -0.963 -0.946 0.101 -0.854 -1.363 -1.824 -0.596 -1.069 -1.938 -1.518 2.281 0.34 -2.537 -1.798 -0.532
26 I -1.42 -3.143 -3.305 -3.223 -0.193 -3.252 -3.729 -3.522 -2.754 4.631 1.634 -2.721 1.228 0.175 -3.547 -3.119 -1.117 -2.227 -1.328 2.817
27 F -2.377 -2.939 -2.903 -3.357 -1.417 -3.907 -3.525 -2.917 -0.871 0.234 0.522 -3.347 0.159 6.58 -4.491 -3.073 -2.413 0.809 2.888 -0.55
28 Q -1.022 0.01 -1.052 -1.374 -0.953 3.357 0.046 -2.021 -0.013 0.236 0.711 0.141 4.13 -0.807 -2.688 -1.36 -1.053 -1.755 -1.092 -0.12
29 L -1.5 -2.65 -3.355 -3.435 -0.193 -2.954 -3.533 -3.473 -2.548 3.595 3.127 -2.619 1.691 0.499 -3.597 -3.16 -1.359 -1.948 -1.211 2.072
30 S 1.082 -0.727 0.511 -0.234 0.087 -0.555 -0.541 -0.092 -0.446 -1.897 -2.314 -0.271 -1.172 -1.929 -1.461 3.212 1.025 -2.535 -1.741 -1.278
31 L -1.256 -1.016 -1.514 -0.075 -1.107 -0.05 2.77 -2.621 -0.697 0.468 2.363 -0.532 0.757 -0.445 -2.659 -1.781 -1.48 -2.038 -1.493 -0.124
32 S 1.025 -0.784 0.454 -0.291 0.03 -0.613 -0.598 -0.149 -0.503 -1.954 -2.371 -0.328 -1.229 -1.986 -1.518 3.406 0.968 -2.592 -1.798 -1.335
33 K -0.869 2.051 -0.311 -0.765 -2.02 0.764 0.271 -1.385 -0.286 -2.166 -2.283 4.596 -1.266 -2.848 -1.73 -0.924 -1.125 -2.592 -1.831 -2.042
34 R -1.233 4.118 -0.314 -0.94 -2.123 3.571 0.535 -1.828 0.411 -2.463 -2.052 1.605 -0.827 -2.748 -2.457 -1.105 -1.247 -2.252 -1.561 -2.011
35 L -1.716 -2.017 -2.721 -3.348 -0.884 -2.223 -2.839 -3.191 0.627 0.887 2.567 -2.202 1.013 2.314 -3.508 -2.818 -1.867 0.918 4.928 0.205
36 A 2.426 -2.223 -2.395 -2.381 0.252 -2.155 -2.295 -0.995 -1.907 3.03 0.508 -1.664 0.351 -0.677 -2.358 -0.844 -0.773 -2.352 -1.553 1.766
37 G 0.047 -2.4 -0.483 -1.365 -1.363 -2.238 -2.665 5.849 -1.519 -3.258 -3.503 -1.693 -2.71 -2.721 -2.822 -1.045 -1.962 -2.483 -3.191 -2.907
38 E -0.962 -0.165 -0.381 1.475 -2.454 1.304 4.591 -1.992 0.35 -2.807 -2.746 0.634 -1.796 -2.651 -1.924 -0.834 -1.344 -2.43 -1.951 -2.177
39 L -1.583 -2.229 -3.405 -3.663 -0.193 -2.683 -3.348 -3.425 -2.356 1.962 4.106 -2.521 2.09 0.79 -3.647 -3.201 -1.623 -1.693 -1.099 1.063
40 D -0.06 -1.176 0.827 4.215 -0.941 -0.76 0.315 -0.613 -0.541 -2.332 -2.894 -0.587 -1.887 -2.433 -1.896 1.974 0.004 -3.041 -2.371 -2.015
41 G -0.398 -0.253 -0.304 -0.842 -1.643 3.254 -0.01 4.065 -0.183 -2.73 -2.676 0.086 -1.361 -2.858 -2.491 -0.919 -1.451 -2.352 -2.111 -2.318
42 F -2.377 -2.939 -2.903 -3.357 -1.417 -3.907 -3.525 -2.917 -0.871 0.234 0.522 -3.347 0.159 6.58 -4.491 -3.073 -2.413 0.809 2.888 -0.55
43 A 2.497 -0.02 -0.815 -0.989 -0.377 3.329 0.307 -0.449 -0.097 -1.493 -1.679 0.326 -0.671 -2.393 -1.836 -0.13 -0.728 -2.352 -1.553 -0.709
44 C -0.985 -2.748 -3.199 -3.56 7.815 -3.063 -3.641 -2.752 -2.657 0.907 2.545 -2.821 0.91 -0.299 -3.441 -2.362 -1.488 -2.378 -1.84 0.404
45 R -1.52 5.483 -0.448 -1.549 -2.245 0.532 -0.546 -2.114 0.113 -2.597 -2.013 2.033 -1.209 -2.458 -2.69 -1.392 -1.439 -2.22 -1.758 -2.147
46 Y -1.855 -1.82 -2.168 -3.065 -1.794 -1.826 -2.406 -2.975 2.062 -0.846 -0.953 -1.916 -0.725 3.306 -3.376 -2.48 -2.132 2.266 6.743 -1.022
47 I -1.42 -3.143 -3.305 -3.223 -0.193 -3.252 -3.729 -3.522 -2.754 4.631 1.634 -2.721 1.228 0.175 -3.547 -3.119 -1.117 -2.227 -1.328 2.817
48 G -0.052 -1.699 -0.328 -1.207 -0.553 -1.641 -1.976 4.076 -1.487 -1.391 -2.058 -1.232 -1.449 -2.12 -2.225 -0.067 2.674 -2.352 -2.381 -0.964
49 G -0.052 -1.699 -0.328 -1.207 -0.553 -1.641 -1.976 4.076 -1.487 -1.391 -2.058 -1.232 -1.449 -2.12 -2.225 -0.067 2.674 -2.352 -2.381 -0.964
50 E -1.182 -1.285 -1.488 -0.008 -1.107 -0.155 2.748 -2.657 -0.803 2.842 0.206 -0.581 0.095 -0.905 -2.623 -1.756 -1.228 -2.327 -1.622 1.288
51 D -1.359 -0.805 0.489 4.46 -2.434 0.403 3.323 -1.55 -0.077 -2.787 -3.113 -0.022 -2.23 -2.802 -2.121 -0.913 -1.399 -2.946 -2.463 -2.519
52 L -1.5 -2.65 -3.355 -3.435 -0.193 -2.954 -3.533 -3.473 -2.548 3.595 3.127 -2.619 1.691 0.499 -3.597 -3.16 -1.359 -1.948 -1.211 2.072
53 F 2.317 -2.147 -2.242 -2.43 -0.211 -2.363 -2.231 -0.858 -1.056 -0.267 -0.27 -1.865 -0.329 4.729 -2.637 -0.834 -1.278 -0.391 1.407 -0.209
54 L -1.5 -2.65 -3.355 -3.435 -0.193 -2.954 -3.533 -3.473 -2.548 3.595 3.127 -2.619 1.691 0.499 -3.597 -3.16 -1.359 -1.948 -1.211 2.072
55 L -1.526 -2.172 -3.348 -3.606 -0.136 -2.626 -3.291 -3.368 -2.299 2.019 4.014 -2.464 2.147 0.847 -3.59 -3.144 -1.566 -1.636 -1.042 1.12
56 L -1.526 -2.172 -3.348 -3.606 -0.136 -2.626 -3.291 -3.368 -2.299 2.019 4.014 -2.464 2.147 0.847 -3.59 -3.144 -1.566 -1.636 -1.042 1.12
57 W -2.243 -2.107 -2.642 -3.348 -2.071 -2.3 -2.693 -2.678 0.875 -1.324 -1.299 -2.338 -1.008 2.404 -4.231 -2.902 -2.419 8.807 5.274 -1.579
58 F -1.859 -3.039 -3.097 -3.289 -0.741 -3.561 -3.625 -3.204 -1.661 3.2 1.131 -3.017 0.743 4.878 -3.981 -3.096 -1.693 -0.327 1.49 1.599
59 A 2.894 -1.131 -0.428 -0.922 0.349 -0.963 -0.946 0.101 -0.854 -1.363 -1.824 -0.596 -1.069 -1.938 -1.518 2.281 0.34 -2.537 -1.798 -0.532
60 A 2.426 -2.223 -2.395 -2.381 0.252 -2.155 -2.295 -0.995 -1.907 3.03 0.508 -1.664 0.351 -0.677 -2.358 -0.844 -0.773 -2.352 -1.553 1.766
61 N -0.902 -1.311 3.869 -0.201 -0.594 -1.42 -1.653 -1.27 -0.407 1.356 -0.473 -1.199 -0.336 -1.263 -2.907 -1.045 -0.494 -2.705 -1.693 2.494
62 G -0.594 -2.748 -1.562 -2.147 -0.719 -2.701 -3.148 3.959 -2.071 2.812 0.084 -2.162 -0.115 -0.924 -3.162 -1.9 -1.509 -2.352 -2.111 1.189
63 F -2.377 -2.939 -2.903 -3.357 -1.417 -3.907 -3.525 -2.917 -0.871 0.234 0.522 -3.347 0.159 6.58 -4.491 -3.073 -2.413 0.809 2.888 -0.55
64 V -0.219 -2.472 -2.915 -3.15 0.354 -2.573 -2.879 -2.941 -2.9 3.044 0.96 -2.374 0.846 -0.384 -3.157 -2.27 -0.437 -2.373 -1.271 4.086
65 V -0.792 -2.82 -3.134 -3.215 0.063 -2.924 -3.306 -3.248 -2.854 3.924 1.291 -2.573 1.017 -0.117 -3.376 -2.696 -0.789 -2.327 -1.328 3.613
66 G 0.577 -1.48 0.024 -0.779 -0.583 -1.312 -1.45 4.189 -0.966 -2.533 -2.882 -0.931 -1.876 -2.33 -2.097 1.965 -0.14 -2.537 -2.411 -2.015
67 Y -0.959 -2.153 -2.542 -3.135 -0.563 -2.2 -2.659 -2.986 0.529 1.665 0.121 -2.162 0.13 2.002 -3.294 -2.402 -1.198 0.783 4.914 2.668
68 F -2.377 -2.939 -2.903 -3.357 -1.417 -3.907 -3.525 -2.917 -0.871 0.234 0.522 -3.347 0.159 6.58 -4.491 -3.073 -2.413 0.809 2.888 -0.55
69 L -1.953 -2.562 -3.143 -3.506 -0.741 -3.231 -3.435 -3.16 -1.519 1.226 2.838 -2.904 1.283 4.944 -4.038 -3.137 -1.991 -0.179 1.535 0.368
70 W -2.243 -2.107 -2.642 -3.348 -2.071 -2.3 -2.693 -2.678 0.875 -1.324 -1.299 -2.338 -1.008 2.404 -4.231 -2.902 -2.419 8.807 5.274 -1.579
71 V -0.276 -2.529 -2.972 -3.207 0.297 -2.63 -2.936 -2.998 -2.958 2.987 0.903 -2.431 0.789 -0.441 -3.214 -2.327 -0.494 -2.43 -1.328 4.236
72 I -1.362 -3.086 -3.248 -3.166 -0.136 -3.195 -3.672 -3.465 -2.697 4.483 1.691 -2.664 1.286 0.232 -3.49 -3.062 -1.06 -2.17 -1.271 2.875
73 T -0.098 -1.078 -0.124 -1.0 0.136 -1.089 -1.363 -1.314 -1.399 -0.21 -1.043 -0.776 -0.517 -1.566 -1.673 0.719 4.201 -2.17 -1.692 0.244
74 K -0.812 2.108 -0.254 -0.708 -1.963 0.821 0.328 -1.328 -0.229 -2.109 -2.226 4.453 -1.209 -2.791 -1.673 -0.867 -1.068 -2.535 -1.774 -1.984
75 N -1.645 -0.4 5.612 1.296 -1.832 -0.512 -0.711 -0.14 0.983 -2.698 -3.137 -0.281 -2.147 -2.36 -2.573 -0.104 -0.437 -2.952 -2.054 -2.546
76 K -0.812 2.108 -0.254 -0.708 -1.963 0.821 0.328 -1.328 -0.229 -2.109 -2.226 4.453 -1.209 -2.791 -1.673 -0.867 -1.068 -2.535 -1.774 -1.984
77 K -0.812 2.108 -0.254 -0.708 -1.963 0.821 0.328 -1.328 -0.229 -2.109 -2.226 4.453 -1.209 -2.791 -1.673 -0.867 -1.068 -2.535 -1.774 -1.984
78 V -0.792 -2.82 -3.134 -3.215 0.063 -2.924 -3.306 -3.248 -2.854 3.924 1.291 -2.573 1.017 -0.117 -3.376 -2.696 -0.789 -2.327 -1.328 3.613
79 F -2.104 -2.326 -2.512 -3.207 -1.599 -2.683 -2.912 -2.946 0.953 -0.256 -0.122 -2.544 -0.249 5.384 -3.88 -2.761 -2.269 1.628 5.417 -0.776
80 I -1.162 -0.413 -1.305 -1.479 -0.941 3.19 -0.193 -2.352 -0.518 2.882 0.348 -0.157 0.511 -0.996 -2.792 -1.731 -1.067 -2.227 -1.328 1.343
81 F -2.104 -2.326 -2.512 -3.207 -1.599 -2.683 -2.912 -2.946 0.953 -0.256 -0.122 -2.544 -0.249 5.384 -3.88 -2.761 -2.269 1.628 5.417 -0.776
82 L -1.5 -2.65 -3.355 -3.435 -0.193 -2.954 -3.533 -3.473 -2.548 3.595 3.127 -2.619 1.691 0.499 -3.597 -3.16 -1.359 -1.948 -1.211 2.072
83 L 2.405 -1.856 -2.431 -2.538 0.252 -1.948 -2.174 -0.975 -1.753 0.88 2.51 -1.593 0.962 -0.25 -2.391 -0.863 -0.986 -2.061 -1.427 0.62
84 P -0.874 0.674 -1.025 -1.155 -1.748 -0.292 -0.538 -1.629 -0.888 -2.261 -2.527 2.971 -1.796 -3.101 4.857 -1.195 -1.255 -3.422 -2.224 -2.122
85 L -1.953 -2.562 -3.143 -3.506 -0.741 -3.231 -3.435 -3.16 -1.519 1.226 2.838 -2.904 1.283 4.944 -4.038 -3.137 -1.991 -0.179 1.535 0.368
86 R -1.577 5.589 -0.505 -1.606 -2.302 0.475 -0.603 -2.171 0.056 -2.654 -2.071 1.976 -1.266 -2.515 -2.747 -1.449 -1.497 -2.277 -1.815 -2.204
87 V -0.792 -2.82 -3.134 -3.215 0.063 -2.924 -3.306 -3.248 -2.854 3.924 1.291 -2.573 1.017 -0.117 -3.376 -2.696 -0.789 -2.327 -1.328 3.613
88 R -1.577 5.589 -0.505 -1.606 -2.302 0.475 -0.603 -2.171 0.056 -2.654 -2.071 1.976 -1.266 -2.515 -2.747 -1.449 -1.497 -2.277 -1.815 -2.204
89 P -0.879 -2.056 -1.976 -1.606 -1.5 -1.976 -1.665 -1.895 -1.65 -2.36 -2.793 -1.107 -2.446 -3.378 6.706 -1.495 -1.391 -4.592 -2.678 -2.204
90 K -0.812 2.108 -0.254 -0.708 -1.963 0.821 0.328 -1.328 -0.229 -2.109 -2.226 4.453 -1.209 -2.791 -1.673 -0.867 -1.068 -2.535 -1.774 -1.984
91 W -2.635 -2.368 -3.152 -3.606 -2.32 -2.81 -2.954 -2.351 -1.12 -1.839 -1.636 -2.776 -1.266 1.143 -5.394 -3.34 -2.68 10.596 2.184 -2.213
92 G 0.104 -2.343 -0.426 -1.308 -1.306 -2.181 -2.608 5.796 -1.462 -3.201 -3.446 -1.636 -2.652 -2.664 -2.765 -0.988 -1.905 -2.426 -3.134 -2.85
93 I -1.362 -3.086 -3.248 -3.166 -0.136 -3.195 -3.672 -3.465 -2.697 4.483 1.691 -2.664 1.286 0.232 -3.49 -3.062 -1.06 -2.17 -1.271 2.875
94 V -0.219 -2.472 -2.915 -3.15 0.354 -2.573 -2.879 -2.941 -2.9 3.044 0.96 -2.374 0.846 -0.384 -3.157 -2.27 -0.437 -2.373 -1.271 4.086
95 D -1.763 -1.574 1.213 5.811 -2.358 -0.858 1.065 -1.109 -0.522 -2.711 -3.477 -0.815 -2.683 -2.905 -2.275 -0.938 -1.398 -3.517 -3.029 -2.85
96 I -1.362 -3.086 -3.248 -3.166 -0.136 -3.195 -3.672 -3.465 -2.697 4.483 1.691 -2.664 1.286 0.232 -3.49 -3.062 -1.06 -2.17 -1.271 2.875
97 F 2.317 -2.147 -2.242 -2.43 -0.211 -2.363 -2.231 -0.858 -1.056 -0.267 -0.27 -1.865 -0.329 4.729 -2.637 -0.834 -1.278 -0.391 1.407 -0.209
98 R -1.577 5.589 -0.505 -1.606 -2.302 0.475 -0.603 -2.171 0.056 -2.654 -2.071 1.976 -1.266 -2.515 -2.747 -1.449 -1.497 -2.277 -1.815 -2.204
99 L -1.583 -2.229 -3.405 -3.663 -0.193 -2.683 -3.348 -3.425 -2.356 1.962 4.106 -2.521 2.09 0.79 -3.647 -3.201 -1.623 -1.693 -1.099 1.063
100 T -0.155 -1.135 -0.182 -1.057 0.079 -1.146 -1.421 -1.372 -1.456 -0.267 -1.1 -0.834 -0.575 -1.623 -1.73 0.662 4.369 -2.227 -1.749 0.187
101 L -1.642 -1.209 3.851 -0.277 -0.918 -1.437 -1.779 -1.382 -0.272 0.476 2.327 -1.228 0.677 -0.389 -3.094 -1.298 -1.004 -2.277 -1.561 -0.223
102 V -0.792 -2.82 -3.134 -3.215 0.063 -2.924 -3.306 -3.248 -2.854 3.924 1.291 -2.573 1.017 -0.117 -3.376 -2.696 -0.789 -2.327 -1.328 3.613
103 F -2.377 -2.939 -2.903 -3.357 -1.417 -3.907 -3.525 -2.917 -0.871 0.234 0.522 -3.347 0.159 6.58 -4.491 -3.073 -2.413 0.809 2.888 -0.55
104 F -1.859 -3.039 -3.097 -3.289 -0.741 -3.561 -3.625 -3.204 -1.661 3.2 1.131 -3.017 0.743 4.878 -3.981 -3.096 -1.693 -0.327 1.49 1.599
105 C -0.918 -3.26 -3.152 -3.34 7.815 -3.374 -3.846 -2.79 -2.871 3.043 0.578 -2.931 0.286 -0.734 -3.394 -2.331 -1.236 -2.705 -1.986 1.623
106 L -0.856 -2.375 -3.181 -3.426 0.063 -2.656 -3.135 -3.204 -2.641 2.52 2.928 -2.475 1.512 0.24 -3.423 -2.731 -1.004 -2.038 -1.211 3.065
107 L -0.856 -2.375 -3.181 -3.426 0.063 -2.656 -3.135 -3.204 -2.641 2.52 2.928 -2.475 1.512 0.24 -3.423 -2.731 -1.004 -2.038 -1.211 3.065
108 L -1.583 -2.229 -3.405 -3.663 -0.193 -2.683 -3.348 -3.425 -2.356 1.962 4.106 -2.521 2.09 0.79 -3.647 -3.201 -1.623 -1.693 -1.099 1.063
109 C -0.985 -2.748 -3.199 -3.56 7.815 -3.063 -3.641 -2.752 -2.657 0.907 2.545 -2.821 0.91 -0.299 -3.441 -2.362 -1.488 -2.378 -1.84 0.404
110 H -1.308 0.362 0.154 -0.686 -2.158 3.466 0.555 -1.629 6.29 -2.486 -2.32 0.353 -0.843 -1.76 -2.477 -1.18 -1.576 -1.839 0.51 -2.387
111 L -1.5 -2.65 -3.355 -3.435 -0.193 -2.954 -3.533 -3.473 -2.548 3.595 3.127 -2.619 1.691 0.499 -3.597 -3.16 -1.359 -1.948 -1.211 2.072
112 A 2.606 -1.984 -2.269 -2.375 0.472 -1.927 -2.03 -0.878 -1.982 1.659 -0.014 -1.56 0.06 -1.076 -2.243 -0.644 -0.479 -2.456 -1.553 2.852
113 F -2.377 -2.939 -2.903 -3.357 -1.417 -3.907 -3.525 -2.917 -0.871 0.234 0.522 -3.347 0.159 6.58 -4.491 -3.073 -2.413 0.809 2.888 -0.55
114 L -0.782 -1.631 -1.365 -2.075 -0.054 -1.813 -2.226 -2.219 -1.871 1.058 2.546 -1.556 1.055 -0.171 -2.532 -0.666 2.71 -1.948 -1.406 0.658
115 L -1.583 -2.229 -3.405 -3.663 -0.193 -2.683 -3.348 -3.425 -2.356 1.962 4.106 -2.521 2.09 0.79 -3.647 -3.201 -1.623 -1.693 -1.099 1.063
116 V -0.669 -1.925 -2.673 -3.027 0.054 -1.761 -2.653 -2.806 -1.823 2.361 1.558 -1.925 4.284 0.024 -3.249 -2.19 -0.776 -1.839 -1.092 3.037
117 T -0.155 -1.135 -0.182 -1.057 0.079 -1.146 -1.421 -1.372 -1.456 -0.267 -1.1 -0.834 -0.575 -1.623 -1.73 0.662 4.369 -2.227 -1.749 0.187
118 G -0.738 -1.99 0.452 4.12 -1.841 -1.501 -0.28 4.093 -1.011 -3.003 -3.519 -1.254 -2.725 -2.839 -2.567 -1.02 -1.698 -2.977 -3.138 -2.907
119 V -0.276 -2.529 -2.972 -3.207 0.297 -2.63 -2.936 -2.998 -2.958 2.987 0.903 -2.431 0.789 -0.441 -3.214 -2.327 -0.494 -2.43 -1.328 4.236
120 G 0.047 -2.4 -0.483 -1.365 -1.363 -2.238 -2.665 5.849 -1.519 -3.258 -3.503 -1.693 -2.71 -2.721 -2.822 -1.045 -1.962 -2.483 -3.191 -2.907
121 R -0.854 3.757 -1.482 -2.297 -0.719 -0.679 -1.54 -2.555 -1.074 1.369 -0.217 0.543 -0.06 -1.296 -2.971 -1.855 -0.952 -2.352 -1.561 2.53
122 V -0.276 -2.529 -2.972 -3.207 0.297 -2.63 -2.936 -2.998 -2.958 2.987 0.903 -2.431 0.789 -0.441 -3.214 -2.327 -0.494 -2.43 -1.328 4.236
123 G -0.655 -2.313 -1.589 -2.291 -0.719 -2.452 -2.986 3.963 -1.907 0.4 2.306 -2.078 0.59 -0.461 -3.205 -1.926 -1.788 -2.061 -1.959 -0.287
124 S 1.025 -0.784 0.454 -0.291 0.03 -0.613 -0.598 -0.149 -0.503 -1.954 -2.371 -0.328 -1.229 -1.986 -1.518 3.406 0.968 -2.592 -1.798 -1.335
125 D -1.338 -0.051 0.582 4.204 -2.175 3.376 1.183 -1.339 0.147 -2.515 -2.687 0.332 -1.371 -2.982 -2.262 -0.894 -1.228 -2.823 -2.075 -2.318
126 A 2.894 -1.131 -0.428 -0.922 0.349 -0.963 -0.946 0.101 -0.854 -1.363 -1.824 -0.596 -1.069 -1.938 -1.518 2.281 0.34 -2.537 -1.798 -0.532
127 T -0.155 -1.135 -0.182 -1.057 0.079 -1.146 -1.421 -1.372 -1.456 -0.267 -1.1 -0.834 -0.575 -1.623 -1.73 0.662 4.369 -2.227 -1.749 0.187
128 S 1.025 -0.784 0.454 -0.291 0.03 -0.613 -0.598 -0.149 -0.503 -1.954 -2.371 -0.328 -1.229 -1.986 -1.518 3.406 0.968 -2.592 -1.798 -1.335
129 P -0.879 -2.056 -1.976 -1.606 -1.5 -1.976 -1.665 -1.895 -1.65 -2.36 -2.793 -1.107 -2.446 -3.378 6.706 -1.495 -1.391 -4.592 -2.678 -2.204
130 F -2.104 -2.326 -2.512 -3.207 -1.599 -2.683 -2.912 -2.946 0.953 -0.256 -0.122 -2.544 -0.249 5.384 -3.88 -2.761 -2.269 1.628 5.417 -0.776
131 S 1.025 -0.784 0.454 -0.291 0.03 -0.613 -0.598 -0.149 -0.503 -1.954 -2.371 -0.328 -1.229 -1.986 -1.518 3.406 0.968 -2.592 -1.798 -1.335
132 P 0.227 -1.35 -0.512 -0.875 -0.635 -1.214 -1.082 -0.892 -1.02 -2.15 -2.574 -0.691 -1.774 -2.599 4.868 1.891 0.023 -3.422 -2.205 -1.737
133 L -1.5 -2.65 -3.355 -3.435 -0.193 -2.954 -3.533 -3.473 -2.548 3.595 3.127 -2.619 1.691 0.499 -3.597 -3.16 -1.359 -1.948 -1.211 2.072
134 F -2.377 -2.939 -2.903 -3.357 -1.417 -3.907 -3.525 -2.917 -0.871 0.234 0.522 -3.347 0.159 6.58 -4.491 -3.073 -2.413 0.809 2.888 -0.55
135 A 2.894 -1.131 -0.428 -0.922 0.349 -0.963 -0.946 0.101 -0.854 -1.363 -1.824 -0.596 -1.069 -1.938 -1.518 2.281 0.34 -2.537 -1.798 -0.532
136 L -1.344 -1.8 -2.861 -3.232 -0.202 -1.78 -2.833 -2.998 -1.606 1.768 3.272 -1.963 4.519 0.613 -3.46 -2.574 -1.344 -1.516 -0.985 1.006
137 L -1.583 -2.229 -3.405 -3.663 -0.193 -2.683 -3.348 -3.425 -2.356 1.962 4.106 -2.521 2.09 0.79 -3.647 -3.201 -1.623 -1.693 -1.099 1.063
138 N -1.703 -0.458 5.732 1.239 -1.889 -0.569 -0.768 -0.197 0.926 -2.755 -3.194 -0.338 -2.204 -2.417 -2.63 -0.161 -0.494 -3.009 -2.111 -2.603
139 P -1.137 -2.549 -2.565 -2.303 -0.773 -2.544 -2.516 -2.595 -2.15 2.876 0.197 -1.803 -0.06 -1.086 4.787 -2.194 -1.251 -3.174 -1.925 1.284
140 D 2.377 -1.578 0.067 4.094 -0.503 -1.13 0.066 -0.322 -0.897 -1.668 -2.25 -0.882 -1.687 -2.377 -1.896 -0.207 -0.918 -2.977 -2.371 -1.031
141 C 2.567 -2.307 -2.283 -2.468 7.845 -2.238 -2.365 -0.667 -1.994 -0.823 -1.231 -1.807 -1.017 -1.979 -2.256 -0.459 -0.878 -2.853 -2.272 -0.165
142 F -1.859 -3.039 -3.097 -3.289 -0.741 -3.561 -3.625 -3.204 -1.661 3.2 1.131 -3.017 0.743 4.878 -3.981 -3.096 -1.693 -0.327 1.49 1.599
143 F -2.377 -2.939 -2.903 -3.357 -1.417 -3.907 -3.525 -2.917 -0.871 0.234 0.522 -3.347 0.159 6.58 -4.491 -3.073 -2.413 0.809 2.888 -0.55
144 G -0.379 -2.223 -1.134 -1.483 -1.431 -2.104 -2.122 4.04 -1.584 -2.774 -3.126 -1.385 -2.575 -3.031 4.81 -1.261 -1.662 -3.349 -2.923 -2.534
145 F -1.859 -3.039 -3.097 -3.289 -0.741 -3.561 -3.625 -3.204 -1.661 3.2 1.131 -3.017 0.743 4.878 -3.981 -3.096 -1.693 -0.327 1.49 1.599
146 W -2.53 -2.671 -3.052 -3.506 -1.857 -3.34 -3.257 -2.652 -1.02 -0.639 -0.378 -3.079 -0.488 4.981 -4.931 -3.231 -2.571 8.747 2.532 -1.284
147 Y -1.855 -1.82 -2.168 -3.065 -1.794 -1.826 -2.406 -2.975 2.062 -0.846 -0.953 -1.916 -0.725 3.306 -3.376 -2.48 -2.132 2.266 6.743 -1.022
148 F -1.859 -3.039 -3.097 -3.289 -0.741 -3.561 -3.625 -3.204 -1.661 3.2 1.131 -3.017 0.743 4.878 -3.981 -3.096 -1.693 -0.327 1.49 1.599
149 L -1.583 -2.229 -3.405 -3.663 -0.193 -2.683 -3.348 -3.425 -2.356 1.962 4.106 -2.521 2.09 0.79 -3.647 -3.201 -1.623 -1.693 -1.099 1.063
150 A 2.628 -1.324 -0.844 -1.374 0.371 -1.252 -1.381 -0.396 -1.353 -0.554 -1.229 -0.862 -0.74 -1.754 -1.622 0.54 2.864 -2.352 -1.774 0.142
151 R -1.577 5.589 -0.505 -1.606 -2.302 0.475 -0.603 -2.171 0.056 -2.654 -2.071 1.976 -1.266 -2.515 -2.747 -1.449 -1.497 -2.277 -1.815 -2.204
152 K -0.897 1.558 -0.222 -0.576 -1.987 3.623 0.86 -1.453 0.265 -2.224 -2.156 3.367 -0.827 -2.924 -1.952 -0.86 -1.071 -2.404 -1.569 -1.934
153 Y -0.07 -1.256 -0.569 -1.357 -0.741 -1.156 -1.363 -1.229 1.056 -1.347 -1.576 -1.014 -0.966 1.733 -2.3 1.759 -0.184 0.757 4.889 -1.174
154 D -1.785 -0.95 0.81 4.148 -2.396 -0.54 0.335 -1.439 6.213 -2.736 -3.051 -0.84 -1.934 -1.748 -2.553 -1.292 -1.834 -2.352 0.139 -2.991
155 Q -0.868 1.022 -0.078 -0.342 -1.897 4.831 1.406 -1.465 0.784 -2.226 -1.976 1.236 -0.389 -2.944 -2.137 -0.74 -0.961 -2.17 -1.271 -1.773
156 V -0.219 -2.472 -2.915 -3.15 0.354 -2.573 -2.879 -2.941 -2.9 3.044 0.96 -2.374 0.846 -0.384 -3.157 -2.27 -0.437 -2.373 -1.271 4.086
157 K -0.812 2.108 -0.254 -0.708 -1.963 0.821 0.328 -1.328 -0.229 -2.109 -2.226 4.453 -1.209 -2.791 -1.673 -0.867 -1.068 -2.535 -1.774 -1.984
158 K -0.869 2.051 -0.311 -0.765 -2.02 0.764 0.271 -1.385 -0.286 -2.166 -2.283 4.596 -1.266 -2.848 -1.73 -0.924 -1.125 -2.592 -1.831 -2.042
159 I 0.054 -1.729 -0.852 -1.4 -0.08 -1.641 -1.758 -1.368 -1.414 2.911 0.277 -1.283 0.254 -0.708 -2.358 1.692 0.11 -2.404 -1.553 1.431
160 Y -1.353 -0.104 -0.976 -1.435 -1.873 3.287 0.044 -2.158 1.471 -1.476 -1.443 0.028 -0.582 1.613 -2.725 -1.518 -1.521 0.818 4.914 -1.398
161 F 2.317 -2.147 -2.242 -2.43 -0.211 -2.363 -2.231 -0.858 -1.056 -0.267 -0.27 -1.865 -0.329 4.729 -2.637 -0.834 -1.278 -0.391 1.407 -0.209
162 W -2.692 -2.426 -3.209 -3.663 -2.377 -2.867 -3.012 -2.408 -1.177 -1.896 -1.693 -2.834 -1.323 1.086 -5.451 -3.398 -2.738 10.653 2.127 -2.27
163 L -0.856 -2.375 -3.181 -3.426 0.063 -2.656 -3.135 -3.204 -2.641 2.52 2.928 -2.475 1.512 0.24 -3.423 -2.731 -1.004 -2.038 -1.211 3.065
164 V -0.792 -2.82 -3.134 -3.215 0.063 -2.924 -3.306 -3.248 -2.854 3.924 1.291 -2.573 1.017 -0.117 -3.376 -2.696 -0.789 -2.327 -1.328 3.613
165 V -0.219 -2.472 -2.915 -3.15 0.354 -2.573 -2.879 -2.941 -2.9 3.044 0.96 -2.374 0.846 -0.384 -3.157 -2.27 -0.437 -2.373 -1.271 4.086
166 G 0.104 -2.343 -0.426 -1.308 -1.306 -2.181 -2.608 5.796 -1.462 -3.201 -3.446 -1.636 -2.652 -2.664 -2.765 -0.988 -1.905 -2.426 -3.134 -2.85
167 L -0.856 -2.375 -3.181 -3.426 0.063 -2.656 -3.135 -3.204 -2.641 2.52 2.928 -2.475 1.512 0.24 -3.423 -2.731 -1.004 -2.038 -1.211 3.065
168 I -1.42 -3.143 -3.305 -3.223 -0.193 -3.252 -3.729 -3.522 -2.754 4.631 1.634 -2.721 1.228 0.175 -3.547 -3.119 -1.117 -2.227 -1.328 2.817
169 L -0.782 -1.631 -1.365 -2.075 -0.054 -1.813 -2.226 -2.219 -1.871 1.058 2.546 -1.556 1.055 -0.171 -2.532 -0.666 2.71 -1.948 -1.406 0.658
170 Y -1.855 -1.82 -2.168 -3.065 -1.794 -1.826 -2.406 -2.975 2.062 -0.846 -0.953 -1.916 -0.725 3.306 -3.376 -2.48 -2.132 2.266 6.743 -1.022
171 L 0.006 -1.417 -0.873 -1.51 -0.08 -1.466 -1.657 -1.345 -1.283 0.623 2.397 -1.221 0.883 -0.276 -2.391 1.684 -0.046 -2.108 -1.427 0.106
172 V -0.792 -2.82 -3.134 -3.215 0.063 -2.924 -3.306 -3.248 -2.854 3.924 1.291 -2.573 1.017 -0.117 -3.376 -2.696 -0.789 -2.327 -1.328 3.613
173 L -1.953 -2.562 -3.143 -3.506 -0.741 -3.231 -3.435 -3.16 -1.519 1.226 2.838 -2.904 1.283 4.944 -4.038 -3.137 -1.991 -0.179 1.535 0.368
174 K -0.869 2.051 -0.311 -0.765 -2.02 0.764 0.271 -1.385 -0.286 -2.166 -2.283 4.596 -1.266 -2.848 -1.73 -0.924 -1.125 -2.592 -1.831 -2.042
175 L -1.5 -2.65 -3.355 -3.435 -0.193 -2.954 -3.533 -3.473 -2.548 3.595 3.127 -2.619 1.691 0.499 -3.597 -3.16 -1.359 -1.948 -1.211 2.072
176 L -1.344 -1.8 -2.861 -3.232 -0.202 -1.78 -2.833 -2.998 -1.606 1.768 3.272 -1.963 4.519 0.613 -3.46 -2.574 -1.344 -1.516 -0.985 1.006
177 Q -0.925 0.964 -0.135 -0.4 -1.954 5.03 1.349 -1.522 0.727 -2.283 -2.034 1.179 -0.446 -3.001 -2.194 -0.797 -1.018 -2.227 -1.328 -1.83
178 G 0.047 -2.4 -0.483 -1.365 -1.363 -2.238 -2.665 5.849 -1.519 -3.258 -3.503 -1.693 -2.71 -2.721 -2.822 -1.045 -1.962 -2.483 -3.191 -2.907
179 W -2.692 -2.426 -3.209 -3.663 -2.377 -2.867 -3.012 -2.408 -1.177 -1.896 -1.693 -2.834 -1.323 1.086 -5.451 -3.398 -2.738 10.653 2.127 -2.27
180 T 0.495 -0.954 0.154 -0.649 0.054 -0.867 -0.98 -0.696 -0.94 -0.989 -1.666 -0.57 -0.883 -1.799 -1.622 2.348 3.143 -2.404 -1.774 -0.475
181 G 0.047 -2.4 -0.483 -1.365 -1.363 -2.238 -2.665 5.849 -1.519 -3.258 -3.503 -1.693 -2.71 -2.721 -2.822 -1.045 -1.962 -2.483 -3.191 -2.907
182 F -1.859 -3.039 -3.097 -3.289 -0.741 -3.561 -3.625 -3.204 -1.661 3.2 1.131 -3.017 0.743 4.878 -3.981 -3.096 -1.693 -0.327 1.49 1.599
183 L -1.5 -2.65 -3.355 -3.435 -0.193 -2.954 -3.533 -3.473 -2.548 3.595 3.127 -2.619 1.691 0.499 -3.597 -3.16 -1.359 -1.948 -1.211 2.072
184 L -1.5 -2.65 -3.355 -3.435 -0.193 -2.954 -3.533 -3.473 -2.548 3.595 3.127 -2.619 1.691 0.499 -3.597 -3.16 -1.359 -1.948 -1.211 2.072
185 V -0.276 -2.529 -2.972 -3.207 0.297 -2.63 -2.936 -2.998 -2.958 2.987 0.903 -2.431 0.789 -0.441 -3.214 -2.327 -0.494 -2.43 -1.328 4.236
186 V -0.792 -2.82 -3.134 -3.215 0.063 -2.924 -3.306 -3.248 -2.854 3.924 1.291 -2.573 1.017 -0.117 -3.376 -2.696 -0.789 -2.327 -1.328 3.613
187 F -2.377 -2.939 -2.903 -3.357 -1.417 -3.907 -3.525 -2.917 -0.871 0.234 0.522 -3.347 0.159 6.58 -4.491 -3.073 -2.413 0.809 2.888 -0.55
188 F -0.201 -1.665 -0.761 -1.435 -0.604 -1.813 -1.705 -1.213 -0.681 -0.657 -0.576 -1.459 -0.453 4.725 -2.637 1.696 -0.253 -0.417 1.407 -0.916
189 F -1.859 -3.039 -3.097 -3.289 -0.741 -3.561 -3.625 -3.204 -1.661 3.2 1.131 -3.017 0.743 4.878 -3.981 -3.096 -1.693 -0.327 1.49 1.599
190 E -0.962 -0.165 -0.381 1.475 -2.454 1.304 4.591 -1.992 0.35 -2.807 -2.746 0.634 -1.796 -2.651 -1.924 -0.834 -1.344 -2.43 -1.951 -2.177
191 L -1.583 -2.229 -3.405 -3.663 -0.193 -2.683 -3.348 -3.425 -2.356 1.962 4.106 -2.521 2.09 0.79 -3.647 -3.201 -1.623 -1.693 -1.099 1.063
192 F -2.104 -2.326 -2.512 -3.207 -1.599 -2.683 -2.912 -2.946 0.953 -0.256 -0.122 -2.544 -0.249 5.384 -3.88 -2.761 -2.269 1.628 5.417 -0.776
193 F -1.859 -3.039 -3.097 -3.289 -0.741 -3.561 -3.625 -3.204 -1.661 3.2 1.131 -3.017 0.743 4.878 -3.981 -3.096 -1.693 -0.327 1.49 1.599
194 Y 2.373 -1.67 -1.927 -2.321 -0.33 -1.585 -1.825 -0.872 0.856 -0.86 -1.151 -1.358 -0.819 1.747 -2.3 -0.686 -1.18 0.775 4.889 -0.409
195 F -2.377 -2.939 -2.903 -3.357 -1.417 -3.907 -3.525 -2.917 -0.871 0.234 0.522 -3.347 0.159 6.58 -4.491 -3.073 -2.413 0.809 2.888 -0.55
196 K -0.869 2.051 -0.311 -0.765 -2.02 0.764 0.271 -1.385 -0.286 -2.166 -2.283 4.596 -1.266 -2.848 -1.73 -0.924 -1.125 -2.592 -1.831 -2.042
197 Y -0.07 -1.256 -0.569 -1.357 -0.741 -1.156 -1.363 -1.229 1.056 -1.347 -1.576 -1.014 -0.966 1.733 -2.3 1.759 -0.184 0.757 4.889 -1.174
198 R -1.577 5.589 -0.505 -1.606 -2.302 0.475 -0.603 -2.171 0.056 -2.654 -2.071 1.976 -1.266 -2.515 -2.747 -1.449 -1.497 -2.277 -1.815 -2.204
199 K -0.869 2.051 -0.311 -0.765 -2.02 0.764 0.271 -1.385 -0.286 -2.166 -2.283 4.596 -1.266 -2.848 -1.73 -0.924 -1.125 -2.592 -1.831 -2.042
200 E -1.182 -1.285 -1.488 -0.008 -1.107 -0.155 2.748 -2.657 -0.803 2.842 0.206 -0.581 0.095 -0.905 -2.623 -1.756 -1.228 -2.327 -1.622 1.288
201 K -0.812 2.108 -0.254 -0.708 -1.963 0.821 0.328 -1.328 -0.229 -2.109 -2.226 4.453 -1.209 -2.791 -1.673 -0.867 -1.068 -2.535 -1.774 -1.984
202 I -1.362 -3.086 -3.248 -3.166 -0.136 -3.195 -3.672 -3.465 -2.697 4.483 1.691 -2.664 1.286 0.232 -3.49 -3.062 -1.06 -2.17 -1.271 2.875
203 R -1.639 3.923 4.046 0.153 -2.088 -0.0 -0.685 -1.018 0.523 -2.704 -2.578 1.045 -1.697 -2.465 -2.688 -0.733 -0.952 -2.62 -1.959 -2.397
204 P 2.504 -1.779 -1.837 -1.668 -0.238 -1.653 -1.499 -0.572 -1.445 -1.522 -1.991 -0.997 -1.581 -2.54 4.868 -0.387 -0.891 -3.349 -2.205 -0.831
205 W -2.081 3.763 -1.551 -2.455 -2.339 -0.737 -1.563 -2.287 -0.495 -2.251 -1.876 0.475 -1.295 -0.186 -3.793 -2.262 -2.051 8.686 0.782 -2.237
206 R -1.713 3.802 -1.218 -2.245 -2.037 -0.452 -1.366 -2.545 1.23 -1.611 -1.458 0.642 -0.983 1.666 -3.044 -1.919 -1.797 0.809 4.888 -1.553
207 R 0.008 3.889 0.014 -0.875 -0.907 -0.018 -0.601 -0.986 -0.21 -2.283 -2.217 1.048 -1.248 -2.238 -2.068 1.898 -0.009 -2.43 -1.807 -1.737
208 W -1.238 -2.477 -3.088 -3.426 -0.741 -2.746 -2.974 -2.688 -1.932 1.474 -0.113 -2.625 -0.078 0.422 -4.121 -2.813 -1.403 8.684 0.888 2.524
209 L 2.405 -1.856 -2.431 -2.538 0.252 -1.948 -2.174 -0.975 -1.753 0.88 2.51 -1.593 0.962 -0.25 -2.391 -0.863 -0.986 -2.061 -1.427 0.62
210 F -1.859 -3.039 -3.097 -3.289 -0.741 -3.561 -3.625 -3.204 -1.661 3.2 1.131 -3.017 0.743 4.878 -3.981 -3.096 -1.693 -0.327 1.49 1.599
211 V -0.792 -2.82 -3.134 -3.215 0.063 -2.924 -3.306 -3.248 -2.854 3.924 1.291 -2.573 1.017 -0.117 -3.376 -2.696 -0.789 -2.327 -1.328 3.613
212 C -0.985 -2.748 -3.199 -3.56 7.815 -3.063 -3.641 -2.752 -2.657 0.907 2.545 -2.821 0.91 -0.299 -3.441 -2.362 -1.488 -2.378 -1.84 0.404
213 F -0.201 -1.665 -0.761 -1.435 -0.604 -1.813 -1.705 -1.213 -0.681 -0.657 -0.576 -1.459 -0.453 4.725 -2.637 1.696 -0.253 -0.417 1.407 -0.916
214 L -1.583 -2.229 -3.405 -3.663 -0.193 -2.683 -3.348 -3.425 -2.356 1.962 4.106 -2.521 2.09 0.79 -3.647 -3.201 -1.623 -1.693 -1.099 1.063
215 P 0.227 -1.35 -0.512 -0.875 -0.635 -1.214 -1.082 -0.892 -1.02 -2.15 -2.574 -0.691 -1.774 -2.599 4.868 1.891 0.023 -3.422 -2.205 -1.737
216 L -1.953 -2.562 -3.143 -3.506 -0.741 -3.231 -3.435 -3.16 -1.519 1.226 2.838 -2.904 1.283 4.944 -4.038 -3.137 -1.991 -0.179 1.535 0.368
217 L -1.5 -2.65 -3.355 -3.435 -0.193 -2.954 -3.533 -3.473 -2.548 3.595 3.127 -2.619 1.691 0.499 -3.597 -3.16 -1.359 -1.948 -1.211 2.072
218 L -1.583 -2.229 -3.405 -3.663 -0.193 -2.683 -3.348 -3.425 -2.356 1.962 4.106 -2.521 2.09 0.79 -3.647 -3.201 -1.623 -1.693 -1.099 1.063
219 I -1.42 -3.143 -3.305 -3.223 -0.193 -3.252 -3.729 -3.522 -2.754 4.631 1.634 -2.721 1.228 0.175 -3.547 -3.119 -1.117 -2.227 -1.328 2.817
220 P -1.21 -2.141 -2.603 -2.455 -0.773 -2.308 -2.386 -2.56 -1.982 0.544 2.359 -1.728 0.634 -0.599 4.784 -2.223 -1.505 -2.793 -1.782 -0.131
221 A 2.426 -2.223 -2.395 -2.381 0.252 -2.155 -2.295 -0.995 -1.907 3.03 0.508 -1.664 0.351 -0.677 -2.358 -0.844 -0.773 -2.352 -1.553 1.766
222 G 0.047 -2.4 -0.483 -1.365 -1.363 -2.238 -2.665 5.849 -1.519 -3.258 -3.503 -1.693 -2.71 -2.721 -2.822 -1.045 -1.962 -2.483 -3.191 -2.907
223 G 2.668 -1.93 -1.029 -1.542 -0.193 -1.767 -1.928 4.247 -1.383 -1.826 -2.24 -1.265 -1.676 -2.276 -2.097 -0.226 -1.117 -2.483 -2.411 -1.031
224 K -1.131 0.492 -1.436 -1.74 -0.964 -0.595 -1.086 -2.26 -1.264 2.892 0.295 2.816 0.243 -0.958 -2.498 -1.818 -1.121 -2.404 -1.569 1.309
225 A 2.606 -1.984 -2.269 -2.375 0.472 -1.927 -2.03 -0.878 -1.982 1.659 -0.014 -1.56 0.06 -1.076 -2.243 -0.644 -0.479 -2.456 -1.553 2.852
226 Y -1.855 -1.82 -2.168 -3.065 -1.794 -1.826 -2.406 -2.975 2.062 -0.846 -0.953 -1.916 -0.725 3.306 -3.376 -2.48 -2.132 2.266 6.743 -1.022
227 Q -0.925 0.964 -0.135 -0.4 -1.954 5.03 1.349 -1.522 0.727 -2.283 -2.034 1.179 -0.446 -3.001 -2.194 -0.797 -1.018 -2.227 -1.328 -1.83
228 Y 2.373 -1.67 -1.927 -2.321 -0.33 -1.585 -1.825 -0.872 0.856 -0.86 -1.151 -1.358 -0.819 1.747 -2.3 -0.686 -1.18 0.775 4.889 -0.409
229 V -0.669 -1.925 -2.673 -3.027 0.054 -1.761 -2.653 -2.806 -1.823 2.361 1.558 -1.925 4.284 0.024 -3.249 -2.19 -0.776 -1.839 -1.092 3.037
230 L -1.716 -2.017 -2.721 -3.348 -0.884 -2.223 -2.839 -3.191 0.627 0.887 2.567 -2.202 1.013 2.314 -3.508 -2.818 -1.867 0.918 4.928 0.205
231 P -0.879 -2.056 -1.976 -1.606 -1.5 -1.976 -1.665 -1.895 -1.65 -2.36 -2.793 -1.107 -2.446 -3.378 6.706 -1.495 -1.391 -4.592 -2.678 -2.204
232 F -1.682 -2.084 -2.642 -3.096 -0.751 -2.17 -2.906 -2.768 -0.94 0.973 1.413 -2.275 4.198 4.903 -3.825 -2.522 -1.676 -0.073 1.581 0.294
233 K -0.869 2.051 -0.311 -0.765 -2.02 0.764 0.271 -1.385 -0.286 -2.166 -2.283 4.596 -1.266 -2.848 -1.73 -0.924 -1.125 -2.592 -1.831 -2.042
234 F -1.682 -2.084 -2.642 -3.096 -0.751 -2.17 -2.906 -2.768 -0.94 0.973 1.413 -2.275 4.198 4.903 -3.825 -2.522 -1.676 -0.073 1.581 0.294
235 A 2.491 -0.766 -0.968 0.297 -0.513 0.268 2.939 -0.603 -0.342 -1.681 -1.973 -0.029 -1.323 -2.246 -1.714 -0.144 -0.871 -2.456 -1.873 -0.822
236 A 2.467 -1.476 -2.033 -2.239 0.244 -1.225 -1.821 -0.784 -1.13 0.593 0.853 -1.177 4.085 -0.507 -2.268 -0.567 -0.76 -1.861 -1.3 0.553
237 R -1.577 5.589 -0.505 -1.606 -2.302 0.475 -0.603 -2.171 0.056 -2.654 -2.071 1.976 -1.266 -2.515 -2.747 -1.449 -1.497 -2.277 -1.815 -2.204
238 G 0.047 -2.4 -0.483 -1.365 -1.363 -2.238 -2.665 5.849 -1.519 -3.258 -3.503 -1.693 -2.71 -2.721 -2.822 -1.045 -1.962 -2.483 -3.191 -2.907
239 L -0.856 -2.375 -3.181 -3.426 0.063 -2.656 -3.135 -3.204 -2.641 2.52 2.928 -2.475 1.512 0.24 -3.423 -2.731 -1.004 -2.038 -1.211 3.065
240 S 0.147 -1.087 -0.634 -1.298 -0.088 -0.843 -1.359 -1.129 -0.746 0.308 0.649 -0.853 4.059 -0.536 -2.268 1.81 0.119 -1.904 -1.3 0.026
241 L -0.856 -2.375 -3.181 -3.426 0.063 -2.656 -3.135 -3.204 -2.641 2.52 2.928 -2.475 1.512 0.24 -3.423 -2.731 -1.004 -2.038 -1.211 3.065
242 E -0.53 -0.609 -0.28 0.478 -0.918 0.331 2.93 -1.665 -0.414 -1.266 -1.807 -0.008 -1.121 -2.091 -1.825 0.01 2.742 -2.327 -1.848 -0.76
243 E -0.943 0.455 -0.256 0.688 -2.193 3.731 3.404 -1.747 0.544 -2.533 -2.368 0.919 -1.043 -2.821 -2.056 -0.815 -1.176 -2.327 -1.622 -1.998
244 P -1.137 -2.549 -2.565 -2.303 -0.773 -2.544 -2.516 -2.595 -2.15 2.876 0.197 -1.803 -0.06 -1.086 4.787 -2.194 -1.251 -3.174 -1.925 1.284
245 N -0.826 -0.777 4.081 0.313 -0.741 -0.843 -1.076 -0.725 -0.026 -1.251 -1.961 -0.575 -1.276 -1.993 -2.145 0.28 2.86 -2.592 -1.925 -0.883
246 Y -1.855 -1.82 -2.168 -3.065 -1.794 -1.826 -2.406 -2.975 2.062 -0.846 -0.953 -1.916 -0.725 3.306 -3.376 -2.48 -2.132 2.266 6.743 -1.022
247 T 0.495 -0.954 0.154 -0.649 0.054 -0.867 -0.98 -0.696 -0.94 -0.989 -1.666 -0.57 -0.883 -1.799 -1.622 2.348 3.143 -2.404 -1.774 -0.475
248 E -0.962 -0.165 -0.381 1.475 -2.454 1.304 4.591 -1.992 0.35 -2.807 -2.746 0.634 -1.796 -2.651 -1.924 -0.834 -1.344 -2.43 -1.951 -2.177
249 S 1.025 -0.784 0.454 -0.291 0.03 -0.613 -0.598 -0.149 -0.503 -1.954 -2.371 -0.328 -1.229 -1.986 -1.518 3.406 0.968 -2.592 -1.798 -1.335
250 L -0.856 -2.375 -3.181 -3.426 0.063 -2.656 -3.135 -3.204 -2.641 2.52 2.928 -2.475 1.512 0.24 -3.423 -2.731 -1.004 -2.038 -1.211 3.065
251 V -0.276 -2.529 -2.972 -3.207 0.297 -2.63 -2.936 -2.998 -2.958 2.987 0.903 -2.431 0.789 -0.441 -3.214 -2.327 -0.494 -2.43 -1.328 4.236
252 N -1.256 1.061 4.067 0.407 -1.954 0.174 -0.202 -0.73 0.383 -2.445 -2.703 3.076 -1.697 -2.625 -2.145 -0.517 -0.792 -2.793 -1.968 -2.309
253 L -1.583 -2.229 -3.405 -3.663 -0.193 -2.683 -3.348 -3.425 -2.356 1.962 4.106 -2.521 2.09 0.79 -3.647 -3.201 -1.623 -1.693 -1.099 1.063
254 T -0.155 -1.135 -0.182 -1.057 0.079 -1.146 -1.421 -1.372 -1.456 -0.267 -1.1 -0.834 -0.575 -1.623 -1.73 0.662 4.369 -2.227 -1.749 0.187
255 D -1.761 -0.985 4.269 4.42 -2.14 -0.737 0.254 -0.641 0.27 -2.762 -3.359 -0.593 -2.46 -2.677 -2.477 -0.548 -0.935 -3.278 -2.558 -2.751
256 R -1.577 5.589 -0.505 -1.606 -2.302 0.475 -0.603 -2.171 0.056 -2.654 -2.071 1.976 -1.266 -2.515 -2.747 -1.449 -1.497 -2.277 -1.815 -2.204
257 L -1.953 -2.562 -3.143 -3.506 -0.741 -3.231 -3.435 -3.16 -1.519 1.226 2.838 -2.904 1.283 4.944 -4.038 -3.137 -1.991 -0.179 1.535 0.368
258 T -0.155 -1.135 -0.182 -1.057 0.079 -1.146 -1.421 -1.372 -1.456 -0.267 -1.1 -0.834 -0.575 -1.623 -1.73 0.662 4.369 -2.227 -1.749 0.187
259 F -2.377 -2.939 -2.903 -3.357 -1.417 -3.907 -3.525 -2.917 -0.871 0.234 0.522 -3.347 0.159 6.58 -4.491 -3.073 -2.413 0.809 2.888 -0.55
260 F -1.14 -2.727 -2.937 -3.281 -0.434 -3.198 -3.216 -2.957 -1.73 1.927 0.719 -2.853 0.491 4.823 -3.782 -2.676 -1.297 -0.378 1.49 2.739
261 P -0.879 -2.056 -1.976 -1.606 -1.5 -1.976 -1.665 -1.895 -1.65 -2.36 -2.793 -1.107 -2.446 -3.378 6.706 -1.495 -1.391 -4.592 -2.678 -2.204
262 V -0.669 -1.925 -2.673 -3.027 0.054 -1.761 -2.653 -2.806 -1.823 2.361 1.558 -1.925 4.284 0.024 -3.249 -2.19 -0.776 -1.839 -1.092 3.037
263 A 4.018 -1.526 -1.705 -1.73 0.637 -1.363 -1.341 0.331 -1.254 -0.873 -1.364 -0.891 -0.916 -1.891 -1.518 0.412 -0.465 -2.483 -1.798 0.096
264 L -0.856 -2.375 -3.181 -3.426 0.063 -2.656 -3.135 -3.204 -2.641 2.52 2.928 -2.475 1.512 0.24 -3.423 -2.731 -1.004 -2.038 -1.211 3.065
265 G 0.047 -2.4 -0.483 -1.365 -1.363 -2.238 -2.665 5.849 -1.519 -3.258 -3.503 -1.693 -2.71 -2.721 -2.822 -1.045 -1.962 -2.483 -3.191 -2.907
266 A 4.018 -1.526 -1.705 -1.73 0.637 -1.363 -1.341 0.331 -1.254 -0.873 -1.364 -0.891 -0.916 -1.891 -1.518 0.412 -0.465 -2.483 -1.798 0.096
267 Y -1.466 -1.616 -2.283 -2.959 -0.895 -1.437 -2.401 -2.795 0.917 0.601 0.954 -1.698 4.103 2.211 -3.33 -2.262 -1.563 0.991 4.942 0.127
268 D -1.359 -0.805 0.489 4.46 -2.434 0.403 3.323 -1.55 -0.077 -2.787 -3.113 -0.022 -2.23 -2.802 -2.121 -0.913 -1.399 -2.946 -2.463 -2.519
269 K 0.231 0.968 0.097 -0.518 -0.817 0.157 -0.131 -0.701 -0.392 -2.058 -2.327 3.078 -1.248 -2.385 -1.622 1.987 0.108 -2.592 -1.815 -1.667
270 N -0.902 -1.311 3.869 -0.201 -0.594 -1.42 -1.653 -1.27 -0.407 1.356 -0.473 -1.199 -0.336 -1.263 -2.907 -1.045 -0.494 -2.705 -1.693 2.494
271 R -1.201 4.331 -0.406 -1.155 -2.158 0.623 -0.133 -1.751 -0.11 -2.4 -2.175 3.574 -1.266 -2.677 -2.194 -1.174 -1.305 -2.43 -1.823 -2.122
272 E -0.962 -0.165 -0.381 1.475 -2.454 1.304 4.591 -1.992 0.35 -2.807 -2.746 0.634 -1.796 -2.651 -1.924 -0.834 -1.344 -2.43 -1.951 -2.177
273 I -1.42 -3.143 -3.305 -3.223 -0.193 -3.252 -3.729 -3.522 -2.754 4.631 1.634 -2.721 1.228 0.175 -3.547 -3.119 -1.117 -2.227 -1.328 2.817
274 I 0.054 -1.729 -0.852 -1.4 -0.08 -1.641 -1.758 -1.368 -1.414 2.911 0.277 -1.283 0.254 -0.708 -2.358 1.692 0.11 -2.404 -1.553 1.431
275 D -2.085 -2.211 -0.212 4.01 -1.873 -2.039 -0.448 -1.911 -0.721 -0.893 -0.845 -1.852 -0.941 4.684 -3.214 -1.851 -1.895 -0.62 1.231 -1.494
276 F -2.02 -1.439 3.873 -0.227 -1.643 -1.78 -1.829 -1.248 0.165 -0.89 -0.775 -1.467 -0.787 4.705 -3.413 -1.264 -1.297 -0.51 1.358 -1.398
277 Y -0.882 -1.457 -1.007 -1.89 -0.708 -1.466 -1.871 -2.063 0.809 -0.542 -1.025 -1.324 -0.649 1.786 -2.437 -0.501 2.657 0.818 4.891 -0.355
278 L -1.236 -0.211 -1.33 -1.593 -0.941 3.223 -0.133 -2.319 -0.421 0.559 2.431 -0.114 1.092 -0.523 -2.83 -1.756 -1.305 -1.948 -1.211 -0.035
279 H -0.92 -1.273 -0.806 -1.9 -0.741 -1.172 -1.499 -2.301 6.135 1.363 -0.356 -1.507 -0.072 -0.659 -2.995 -1.953 -1.247 -1.926 0.51 2.456
280 D -1.761 -0.985 4.269 4.42 -2.14 -0.737 0.254 -0.641 0.27 -2.762 -3.359 -0.593 -2.46 -2.677 -2.477 -0.548 -0.935 -3.278 -2.558 -2.751
281 D -1.82 -1.631 1.156 5.896 -2.415 -0.915 1.007 -1.166 -0.579 -2.768 -3.534 -0.872 -2.74 -2.962 -2.332 -0.995 -1.455 -3.574 -3.086 -2.907
282 Y -0.882 -1.457 -1.007 -1.89 -0.708 -1.466 -1.871 -2.063 0.809 -0.542 -1.025 -1.324 -0.649 1.786 -2.437 -0.501 2.657 0.818 4.891 -0.355
283 E 0.2 -0.458 0.067 0.725 -0.953 0.502 3.033 -0.926 -0.045 -2.349 -2.552 0.193 -1.499 -2.299 -1.714 2.003 0.038 -2.51 -1.873 -1.725
284 F -2.377 -2.939 -2.903 -3.357 -1.417 -3.907 -3.525 -2.917 -0.871 0.234 0.522 -3.347 0.159 6.58 -4.491 -3.073 -2.413 0.809 2.888 -0.55
285 R -1.639 3.923 4.046 0.153 -2.088 -0.0 -0.685 -1.018 0.523 -2.704 -2.578 1.045 -1.697 -2.465 -2.688 -0.733 -0.952 -2.62 -1.959 -2.397
286 E -0.962 -0.165 -0.381 1.475 -2.454 1.304 4.591 -1.992 0.35 -2.807 -2.746 0.634 -1.796 -2.651 -1.924 -0.834 -1.344 -2.43 -1.951 -2.177
287 I -0.719 -1.968 -1.34 -1.942 -0.054 -2.011 -2.35 -2.251 -2.032 3.116 0.58 -1.626 0.466 -0.586 -2.498 -0.649 2.771 -2.227 -1.531 1.792
288 K -0.869 2.051 -0.311 -0.765 -2.02 0.764 0.271 -1.385 -0.286 -2.166 -2.283 4.596 -1.266 -2.848 -1.73 -0.924 -1.125 -2.592 -1.831 -2.042
289 G -0.052 -1.699 -0.328 -1.207 -0.553 -1.641 -1.976 4.076 -1.487 -1.391 -2.058 -1.232 -1.449 -2.12 -2.225 -0.067 2.674 -2.352 -2.381 -0.964
290 L -1.5 -2.65 -3.355 -3.435 -0.193 -2.954 -3.533 -3.473 -2.548 3.595 3.127 -2.619 1.691 0.499 -3.597 -3.16 -1.359 -1.948 -1.211 2.072
291 L -1.953 -2.562 -3.143 -3.506 -0.741 -3.231 -3.435 -3.16 -1.519 1.226 2.838 -2.904 1.283 4.944 -4.038 -3.137 -1.991 -0.179 1.535 0.368
292 R -1.577 5.589 -0.505 -1.606 -2.302 0.475 -0.603 -2.171 0.056 -2.654 -2.071 1.976 -1.266 -2.515 -2.747 -1.449 -1.497 -2.277 -1.815 -2.204
293 P -0.879 -2.056 -1.976 -1.606 -1.5 -1.976 -1.665 -1.895 -1.65 -2.36 -2.793 -1.107 -2.446 -3.378 6.706 -1.495 -1.391 -4.592 -2.678 -2.204
294 L -1.953 -2.562 -3.143 -3.506 -0.741 -3.231 -3.435 -3.16 -1.519 1.226 2.838 -2.904 1.283 4.944 -4.038 -3.137 -1.991 -0.179 1.535 0.368
295 L -0.856 -2.375 -3.181 -3.426 0.063 -2.656 -3.135 -3.204 -2.641 2.52 2.928 -2.475 1.512 0.24 -3.423 -2.731 -1.004 -2.038 -1.211 3.065
296 P 0.227 -1.35 -0.512 -0.875 -0.635 -1.214 -1.082 -0.892 -1.02 -2.15 -2.574 -0.691 -1.774 -2.599 4.868 1.891 0.023 -3.422 -2.205 -1.737
297 K 0.231 0.968 0.097 -0.518 -0.817 0.157 -0.131 -0.701 -0.392 -2.058 -2.327 3.078 -1.248 -2.385 -1.622 1.987 0.108 -2.592 -1.815 -1.667
298 F -0.201 -1.665 -0.761 -1.435 -0.604 -1.813 -1.705 -1.213 -0.681 -0.657 -0.576 -1.459 -0.453 4.725 -2.637 1.696 -0.253 -0.417 1.407 -0.916
299 L -1.344 -1.8 -2.861 -3.232 -0.202 -1.78 -2.833 -2.998 -1.606 1.768 3.272 -1.963 4.519 0.613 -3.46 -2.574 -1.344 -1.516 -0.985 1.006
300 L -1.123 -1.426 -2.403 -2.857 -0.211 -1.094 -2.396 -2.626 -1.011 1.56 2.092 -1.495 5.818 0.425 -3.285 -2.059 -1.089 -1.349 -0.875 0.947
301 P -1.137 -2.549 -2.565 -2.303 -0.773 -2.544 -2.516 -2.595 -2.15 2.876 0.197 -1.803 -0.06 -1.086 4.787 -2.194 -1.251 -3.174 -1.925 1.284
302 D -1.761 -0.985 4.269 4.42 -2.14 -0.737 0.254 -0.641 0.27 -2.762 -3.359 -0.593 -2.46 -2.677 -2.477 -0.548 -0.935 -3.278 -2.558 -2.751
303 K -0.869 2.051 -0.311 -0.765 -2.02 0.764 0.271 -1.385 -0.286 -2.166 -2.283 4.596 -1.266 -2.848 -1.73 -0.924 -1.125 -2.592 -1.831 -2.042
304 E -0.53 -0.609 -0.28 0.478 -0.918 0.331 2.93 -1.665 -0.414 -1.266 -1.807 -0.008 -1.121 -2.091 -1.825 0.01 2.742 -2.327 -1.848 -0.76
305 F -2.377 -2.939 -2.903 -3.357 -1.417 -3.907 -3.525 -2.917 -0.871 0.234 0.522 -3.347 0.159 6.58 -4.491 -3.073 -2.413 0.809 2.888 -0.55
306 R -1.577 5.589 -0.505 -1.606 -2.302 0.475 -0.603 -2.171 0.056 -2.654 -2.071 1.976 -1.266 -2.515 -2.747 -1.449 -1.497 -2.277 -1.815 -2.204
307 S 1.025 -0.784 0.454 -0.291 0.03 -0.613 -0.598 -0.149 -0.503 -1.954 -2.371 -0.328 -1.229 -1.986 -1.518 3.406 0.968 -2.592 -1.798 -1.335
308 L -1.5 -2.65 -3.355 -3.435 -0.193 -2.954 -3.533 -3.473 -2.548 3.595 3.127 -2.619 1.691 0.499 -3.597 -3.16 -1.359 -1.948 -1.211 2.072
309 N -1.703 -0.458 5.732 1.239 -1.889 -0.569 -0.768 -0.197 0.926 -2.755 -3.194 -0.338 -2.204 -2.417 -2.63 -0.161 -0.494 -3.009 -2.111 -2.603
310 N -1.703 -0.458 5.732 1.239 -1.889 -0.569 -0.768 -0.197 0.926 -2.755 -3.194 -0.338 -2.204 -2.417 -2.63 -0.161 -0.494 -3.009 -2.111 -2.603
311 L -1.583 -2.229 -3.405 -3.663 -0.193 -2.683 -3.348 -3.425 -2.356 1.962 4.106 -2.521 2.09 0.79 -3.647 -3.201 -1.623 -1.693 -1.099 1.063
312 V -0.276 -2.529 -2.972 -3.207 0.297 -2.63 -2.936 -2.998 -2.958 2.987 0.903 -2.431 0.789 -0.441 -3.214 -2.327 -0.494 -2.43 -1.328 4.236
313 V -0.669 -1.925 -2.673 -3.027 0.054 -1.761 -2.653 -2.806 -1.823 2.361 1.558 -1.925 4.284 0.024 -3.249 -2.19 -0.776 -1.839 -1.092 3.037
314 Y -1.353 -0.104 -0.976 -1.435 -1.873 3.287 0.044 -2.158 1.471 -1.476 -1.443 0.028 -0.582 1.613 -2.725 -1.518 -1.521 0.818 4.914 -1.398
315 A 2.894 -1.131 -0.428 -0.922 0.349 -0.963 -0.946 0.101 -0.854 -1.363 -1.824 -0.596 -1.069 -1.938 -1.518 2.281 0.34 -2.537 -1.798 -0.532
316 F -2.104 -2.326 -2.512 -3.207 -1.599 -2.683 -2.912 -2.946 0.953 -0.256 -0.122 -2.544 -0.249 5.384 -3.88 -2.761 -2.269 1.628 5.417 -0.776
317 Y -1.855 -1.82 -2.168 -3.065 -1.794 -1.826 -2.406 -2.975 2.062 -0.846 -0.953 -1.916 -0.725 3.306 -3.376 -2.48 -2.132 2.266 6.743 -1.022
318 P -1.262 -1.148 3.924 0.153 -1.688 -1.188 -1.182 -0.923 -0.084 -2.551 -2.987 -0.697 -2.322 -2.858 4.817 -0.751 -0.908 -3.693 -2.381 -2.397
319 D -1.696 3.816 0.444 4.102 -2.358 -0.137 0.313 -1.625 -0.244 -2.711 -2.711 0.89 -1.91 -2.73 -2.532 -1.213 -1.476 -2.853 -2.381 -2.534
320 V -0.792 -2.82 -3.134 -3.215 0.063 -2.924 -3.306 -3.248 -2.854 3.924 1.291 -2.573 1.017 -0.117 -3.376 -2.696 -0.789 -2.327 -1.328 3.613
321 D -0.869 -1.372 0.564 4.144 -0.907 -1.028 0.042 -1.267 -0.984 -1.254 -2.067 -0.853 -1.459 -2.216 -2.015 -0.049 2.729 -2.823 -2.341 -0.964
322 N 2.391 -0.943 3.943 0.12 -0.358 -0.939 -1.04 0.079 0.037 -1.663 -2.136 -0.602 -1.489 -2.142 -2.021 0.14 -0.479 -2.734 -1.951 -0.949
323 T -0.155 -1.135 -0.182 -1.057 0.079 -1.146 -1.421 -1.372 -1.456 -0.267 -1.1 -0.834 -0.575 -1.623 -1.73 0.662 4.369 -2.227 -1.749 0.187
324 T -0.155 -1.135 -0.182 -1.057 0.079 -1.146 -1.421 -1.372 -1.456 -0.267 -1.1 -0.834 -0.575 -1.623 -1.73 0.662 4.369 -2.227 -1.749 0.187
325 S 1.025 -0.784 0.454 -0.291 0.03 -0.613 -0.598 -0.149 -0.503 -1.954 -2.371 -0.328 -1.229 -1.986 -1.518 3.406 0.968 -2.592 -1.798 -1.335
326 S 1.025 -0.784 0.454 -0.291 0.03 -0.613 -0.598 -0.149 -0.503 -1.954 -2.371 -0.328 -1.229 -1.986 -1.518 3.406 0.968 -2.592 -1.798 -1.335
327 D -1.82 -1.631 1.156 5.896 -2.415 -0.915 1.007 -1.166 -0.579 -2.768 -3.534 -0.872 -2.74 -2.962 -2.332 -0.995 -1.455 -3.574 -3.086 -2.907
328 L -0.856 -2.375 -3.181 -3.426 0.063 -2.656 -3.135 -3.204 -2.641 2.52 2.928 -2.475 1.512 0.24 -3.423 -2.731 -1.004 -2.038 -1.211 3.065
329 G 0.047 -2.4 -0.483 -1.365 -1.363 -2.238 -2.665 5.849 -1.519 -3.258 -3.503 -1.693 -2.71 -2.721 -2.822 -1.045 -1.962 -2.483 -3.191 -2.907
330 L -1.583 -2.229 -3.405 -3.663 -0.193 -2.683 -3.348 -3.425 -2.356 1.962 4.106 -2.521 2.09 0.79 -3.647 -3.201 -1.623 -1.693 -1.099 1.063
331 V -0.792 -2.82 -3.134 -3.215 0.063 -2.924 -3.306 -3.248 -2.854 3.924 1.291 -2.573 1.017 -0.117 -3.376 -2.696 -0.789 -2.327 -1.328 3.613
332 A 2.467 -1.476 -2.033 -2.239 0.244 -1.225 -1.821 -0.784 -1.13 0.593 0.853 -1.177 4.085 -0.507 -2.268 -0.567 -0.76 -1.861 -1.3 0.553
333 Y -1.855 -1.82 -2.168 -3.065 -1.794 -1.826 -2.406 -2.975 2.062 -0.846 -0.953 -1.916 -0.725 3.306 -3.376 -2.48 -2.132 2.266 6.743 -1.022
334 L 2.405 -1.856 -2.431 -2.538 0.252 -1.948 -2.174 -0.975 -1.753 0.88 2.51 -1.593 0.962 -0.25 -2.391 -0.863 -0.986 -2.061 -1.427 0.62
335 Y -1.629 -2.407 -2.681 -3.143 -0.884 -2.452 -2.993 -3.235 0.56 3.034 0.621 -2.291 0.414 2.146 -3.46 -2.782 -1.58 0.818 4.914 1.494
336 V -0.215 -1.749 -1.252 -1.936 0.19 -1.793 -2.08 -2.072 -2.11 1.796 0.072 -1.523 0.187 -0.972 -2.377 -0.461 2.86 -2.327 -1.531 2.87
337 L -1.583 -2.229 -3.405 -3.663 -0.193 -2.683 -3.348 -3.425 -2.356 1.962 4.106 -2.521 2.09 0.79 -3.647 -3.201 -1.623 -1.693 -1.099 1.063
338 F -2.104 -2.326 -2.512 -3.207 -1.599 -2.683 -2.912 -2.946 0.953 -0.256 -0.122 -2.544 -0.249 5.384 -3.88 -2.761 -2.269 1.628 5.417 -0.776
339 K 0.231 0.968 0.097 -0.518 -0.817 0.157 -0.131 -0.701 -0.392 -2.058 -2.327 3.078 -1.248 -2.385 -1.622 1.987 0.108 -2.592 -1.815 -1.667
340 C 0.366 -1.8 -0.786 -1.461 7.823 -1.71 -1.816 -0.998 -1.487 -1.304 -1.669 -1.408 -1.175 -2.028 -2.256 1.858 0.033 -2.914 -2.272 -0.86
341 N -0.028 -0.616 4.161 0.574 -0.773 -0.591 -0.682 -0.173 0.299 -2.327 -2.753 -0.333 -1.676 -2.193 -2.021 2.142 0.329 -2.793 -1.951 -1.9
342 P -1.21 -2.141 -2.603 -2.455 -0.773 -2.308 -2.386 -2.56 -1.982 0.544 2.359 -1.728 0.634 -0.599 4.784 -2.223 -1.505 -2.793 -1.782 -0.131
343 A 2.606 -1.984 -2.269 -2.375 0.472 -1.927 -2.03 -0.878 -1.982 1.659 -0.014 -1.56 0.06 -1.076 -2.243 -0.644 -0.479 -2.456 -1.553 2.852
344 D -1.359 -0.805 0.489 4.46 -2.434 0.403 3.323 -1.55 -0.077 -2.787 -3.113 -0.022 -2.23 -2.802 -2.121 -0.913 -1.399 -2.946 -2.463 -2.519
345 G -0.655 -2.313 -1.589 -2.291 -0.719 -2.452 -2.986 3.963 -1.907 0.4 2.306 -2.078 0.59 -0.461 -3.205 -1.926 -1.788 -2.061 -1.959 -0.287
346 L -1.583 -2.229 -3.405 -3.663 -0.193 -2.683 -3.348 -3.425 -2.356 1.962 4.106 -2.521 2.09 0.79 -3.647 -3.201 -1.623 -1.693 -1.099 1.063
347 L -0.856 -2.375 -3.181 -3.426 0.063 -2.656 -3.135 -3.204 -2.641 2.52 2.928 -2.475 1.512 0.24 -3.423 -2.731 -1.004 -2.038 -1.211 3.065
348 W -2.692 -2.426 -3.209 -3.663 -2.377 -2.867 -3.012 -2.408 -1.177 -1.896 -1.693 -2.834 -1.323 1.086 -5.451 -3.398 -2.738 10.653 2.127 -2.27
349 F -1.859 -3.039 -3.097 -3.289 -0.741 -3.561 -3.625 -3.204 -1.661 3.2 1.131 -3.017 0.743 4.878 -3.981 -3.096 -1.693 -0.327 1.49 1.599
350 L -1.953 -2.562 -3.143 -3.506 -0.741 -3.231 -3.435 -3.16 -1.519 1.226 2.838 -2.904 1.283 4.944 -4.038 -3.137 -1.991 -0.179 1.535 0.368
351 F -1.682 -2.084 -2.642 -3.096 -0.751 -2.17 -2.906 -2.768 -0.94 0.973 1.413 -2.275 4.198 4.903 -3.825 -2.522 -1.676 -0.073 1.581 0.294
352 C -0.318 -2.045 -1.262 -2.016 7.824 -2.089 -2.422 -1.759 -2.123 -0.509 -1.102 -1.767 -0.835 -1.838 -2.391 -0.288 2.74 -2.705 -2.243 -0.115
353 P -0.998 -1.724 -2.182 -2.164 -0.784 -1.501 -2.007 -2.237 -1.313 0.22 0.58 -1.294 3.978 -0.891 4.795 -1.763 -1.236 -2.537 -1.638 -0.218
354 V -0.792 -2.82 -3.134 -3.215 0.063 -2.924 -3.306 -3.248 -2.854 3.924 1.291 -2.573 1.017 -0.117 -3.376 -2.696 -0.789 -2.327 -1.328 3.613
355 L -1.583 -2.229 -3.405 -3.663 -0.193 -2.683 -3.348 -3.425 -2.356 1.962 4.106 -2.521 2.09 0.79 -3.647 -3.201 -1.623 -1.693 -1.099 1.063
356 L -1.583 -2.229 -3.405 -3.663 -0.193 -2.683 -3.348 -3.425 -2.356 1.962 4.106 -2.521 2.09 0.79 -3.647 -3.201 -1.623 -1.693 -1.099 1.063
357 V -0.792 -2.82 -3.134 -3.215 0.063 -2.924 -3.306 -3.248 -2.854 3.924 1.291 -2.573 1.017 -0.117 -3.376 -2.696 -0.789 -2.327 -1.328 3.613
358 F -1.859 -3.039 -3.097 -3.289 -0.741 -3.561 -3.625 -3.204 -1.661 3.2 1.131 -3.017 0.743 4.878 -3.981 -3.096 -1.693 -0.327 1.49 1.599
359 N -0.028 -0.616 4.161 0.574 -0.773 -0.591 -0.682 -0.173 0.299 -2.327 -2.753 -0.333 -1.676 -2.193 -2.021 2.142 0.329 -2.793 -1.951 -1.9
360 K -0.869 2.051 -0.311 -0.765 -2.02 0.764 0.271 -1.385 -0.286 -2.166 -2.283 4.596 -1.266 -2.848 -1.73 -0.924 -1.125 -2.592 -1.831 -2.042
361 A 2.426 -2.223 -2.395 -2.381 0.252 -2.155 -2.295 -0.995 -1.907 3.03 0.508 -1.664 0.351 -0.677 -2.358 -0.844 -0.773 -2.352 -1.553 1.766
362 L 2.405 -1.856 -2.431 -2.538 0.252 -1.948 -2.174 -0.975 -1.753 0.88 2.51 -1.593 0.962 -0.25 -2.391 -0.863 -0.986 -2.061 -1.427 0.62
363 L -1.5 -2.65 -3.355 -3.435 -0.193 -2.954 -3.533 -3.473 -2.548 3.595 3.127 -2.619 1.691 0.499 -3.597 -3.16 -1.359 -1.948 -1.211 2.072
364 D -1.761 -0.985 4.269 4.42 -2.14 -0.737 0.254 -0.641 0.27 -2.762 -3.359 -0.593 -2.46 -2.677 -2.477 -0.548 -0.935 -3.278 -2.558 -2.751
365 G 0.577 -1.48 0.024 -0.779 -0.583 -1.312 -1.45 4.189 -0.966 -2.533 -2.882 -0.931 -1.876 -2.33 -2.097 1.965 -0.14 -2.537 -2.411 -2.015
366 F -2.377 -2.939 -2.903 -3.357 -1.417 -3.907 -3.525 -2.917 -0.871 0.234 0.522 -3.347 0.159 6.58 -4.491 -3.073 -2.413 0.809 2.888 -0.55
367 E -0.962 -0.165 -0.381 1.475 -2.454 1.304 4.591 -1.992 0.35 -2.807 -2.746 0.634 -1.796 -2.651 -1.924 -0.834 -1.344 -2.43 -1.951 -2.177
368 V -0.583 -0.283 -1.218 -1.475 -0.614 3.227 -0.062 -2.166 -0.564 1.418 -0.207 -0.095 0.237 -1.446 -2.659 -1.462 -0.744 -2.327 -1.328 2.569
369 Y -1.32 0.721 -1.093 -1.691 -1.905 -0.25 -0.768 -2.072 1.12 -1.431 -1.542 2.884 -0.983 1.629 -2.437 -1.598 -1.585 0.757 4.887 -1.487
370 P -0.874 0.674 -1.025 -1.155 -1.748 -0.292 -0.538 -1.629 -0.888 -2.261 -2.527 2.971 -1.796 -3.101 4.857 -1.195 -1.255 -3.422 -2.224 -2.122
371 G -0.697 -1.268 4.048 0.221 -1.614 -1.285 -1.563 4.184 -0.045 -2.996 -3.345 -0.937 -2.446 -2.565 -2.725 -0.569 -1.136 -2.734 -2.601 -2.751
372 D -1.338 -0.051 0.582 4.204 -2.175 3.376 1.183 -1.339 0.147 -2.515 -2.687 0.332 -1.371 -2.982 -2.262 -0.894 -1.228 -2.823 -2.075 -2.318
373 C -0.985 -2.748 -3.199 -3.56 7.815 -3.063 -3.641 -2.752 -2.657 0.907 2.545 -2.821 0.91 -0.299 -3.441 -2.362 -1.488 -2.378 -1.84 0.404
374 N -1.558 -1.499 3.855 -0.204 -0.918 -1.61 -1.884 -1.405 -0.363 2.846 0.13 -1.291 -0.005 -0.839 -3.053 -1.276 -0.789 -2.592 -1.693 1.228
375 F -2.377 -2.939 -2.903 -3.357 -1.417 -3.907 -3.525 -2.917 -0.871 0.234 0.522 -3.347 0.159 6.58 -4.491 -3.073 -2.413 0.809 2.888 -0.55
376 L -1.583 -2.229 -3.405 -3.663 -0.193 -2.683 -3.348 -3.425 -2.356 1.962 4.106 -2.521 2.09 0.79 -3.647 -3.201 -1.623 -1.693 -1.099 1.063
377 Y -0.882 -1.457 -1.007 -1.89 -0.708 -1.466 -1.871 -2.063 0.809 -0.542 -1.025 -1.324 -0.649 1.786 -2.437 -0.501 2.657 0.818 4.891 -0.355
378 F -2.377 -2.939 -2.903 -3.357 -1.417 -3.907 -3.525 -2.917 -0.871 0.234 0.522 -3.347 0.159 6.58 -4.491 -3.073 -2.413 0.809 2.888 -0.55
379 L -1.953 -2.562 -3.143 -3.506 -0.741 -3.231 -3.435 -3.16 -1.519 1.226 2.838 -2.904 1.283 4.944 -4.038 -3.137 -1.991 -0.179 1.535 0.368
380 L -0.782 -1.631 -1.365 -2.075 -0.054 -1.813 -2.226 -2.219 -1.871 1.058 2.546 -1.556 1.055 -0.171 -2.532 -0.666 2.71 -1.948 -1.406 0.658
381 L -0.856 -2.375 -3.181 -3.426 0.063 -2.656 -3.135 -3.204 -2.641 2.52 2.928 -2.475 1.512 0.24 -3.423 -2.731 -1.004 -2.038 -1.211 3.065
382 F -1.682 -2.084 -2.642 -3.096 -0.751 -2.17 -2.906 -2.768 -0.94 0.973 1.413 -2.275 4.198 4.903 -3.825 -2.522 -1.676 -0.073 1.581 0.294
383 K -0.897 1.558 -0.222 -0.576 -1.987 3.623 0.86 -1.453 0.265 -2.224 -2.156 3.367 -0.827 -2.924 -1.952 -0.86 -1.071 -2.404 -1.569 -1.934
384 L -1.5 -2.65 -3.355 -3.435 -0.193 -2.954 -3.533 -3.473 -2.548 3.595 3.127 -2.619 1.691 0.499 -3.597 -3.16 -1.359 -1.948 -1.211 2.072
385 Y -1.855 -1.82 -2.168 -3.065 -1.794 -1.826 -2.406 -2.975 2.062 -0.846 -0.953 -1.916 -0.725 3.306 -3.376 -2.48 -2.132 2.266 6.743 -1.022
386 Y -1.855 -1.82 -2.168 -3.065 -1.794 -1.826 -2.406 -2.975 2.062 -0.846 -0.953 -1.916 -0.725 3.306 -3.376 -2.48 -2.132 2.266 6.743 -1.022
387 T -0.155 -1.135 -0.182 -1.057 0.079 -1.146 -1.421 -1.372 -1.456 -0.267 -1.1 -0.834 -0.575 -1.623 -1.73 0.662 4.369 -2.227 -1.749 0.187
388 A 2.894 -1.131 -0.428 -0.922 0.349 -0.963 -0.946 0.101 -0.854 -1.363 -1.824 -0.596 -1.069 -1.938 -1.518 2.281 0.34 -2.537 -1.798 -0.532
389 S 1.025 -0.784 0.454 -0.291 0.03 -0.613 -0.598 -0.149 -0.503 -1.954 -2.371 -0.328 -1.229 -1.986 -1.518 3.406 0.968 -2.592 -1.798 -1.335
390 P -1.137 -2.549 -2.565 -2.303 -0.773 -2.544 -2.516 -2.595 -2.15 2.876 0.197 -1.803 -0.06 -1.086 4.787 -2.194 -1.251 -3.174 -1.925 1.284
391 E -0.962 -0.165 -0.381 1.475 -2.454 1.304 4.591 -1.992 0.35 -2.807 -2.746 0.634 -1.796 -2.651 -1.924 -0.834 -1.344 -2.43 -1.951 -2.177
392 Q -1.022 0.01 -1.052 -1.374 -0.953 3.357 0.046 -2.021 -0.013 0.236 0.711 0.141 4.13 -0.807 -2.688 -1.36 -1.053 -1.755 -1.092 -0.12
393 V -0.276 -2.529 -2.972 -3.207 0.297 -2.63 -2.936 -2.998 -2.958 2.987 0.903 -2.431 0.789 -0.441 -3.214 -2.327 -0.494 -2.43 -1.328 4.236
394 F -2.377 -2.939 -2.903 -3.357 -1.417 -3.907 -3.525 -2.917 -0.871 0.234 0.522 -3.347 0.159 6.58 -4.491 -3.073 -2.413 0.809 2.888 -0.55
395 S 1.025 -0.784 0.454 -0.291 0.03 -0.613 -0.598 -0.149 -0.503 -1.954 -2.371 -0.328 -1.229 -1.986 -1.518 3.406 0.968 -2.592 -1.798 -1.335
396 Y -1.855 -1.82 -2.168 -3.065 -1.794 -1.826 -2.406 -2.975 2.062 -0.846 -0.953 -1.916 -0.725 3.306 -3.376 -2.48 -2.132 2.266 6.743 -1.022
397 G 0.047 -2.4 -0.483 -1.365 -1.363 -2.238 -2.665 5.849 -1.519 -3.258 -3.503 -1.693 -2.71 -2.721 -2.822 -1.045 -1.962 -2.483 -3.191 -2.907
398 Y -0.07 -1.256 -0.569 -1.357 -0.741 -1.156 -1.363 -1.229 1.056 -1.347 -1.576 -1.014 -0.966 1.733 -2.3 1.759 -0.184 0.757 4.889 -1.174
399 V -0.792 -2.82 -3.134 -3.215 0.063 -2.924 -3.306 -3.248 -2.854 3.924 1.291 -2.573 1.017 -0.117 -3.376 -2.696 -0.789 -2.327 -1.328 3.613
400 G 0.047 -2.4 -0.483 -1.365 -1.363 -2.238 -2.665 5.849 -1.519 -3.258 -3.503 -1.693 -2.71 -2.721 -2.822 -1.045 -1.962 -2.483 -3.191 -2.907
401 L -0.856 -2.375 -3.181 -3.426 0.063 -2.656 -3.135 -3.204 -2.641 2.52 2.928 -2.475 1.512 0.24 -3.423 -2.731 -1.004 -2.038 -1.211 3.065
402 L -1.953 -2.562 -3.143 -3.506 -0.741 -3.231 -3.435 -3.16 -1.519 1.226 2.838 -2.904 1.283 4.944 -4.038 -3.137 -1.991 -0.179 1.535 0.368
403 F -2.104 -2.326 -2.512 -3.207 -1.599 -2.683 -2.912 -2.946 0.953 -0.256 -0.122 -2.544 -0.249 5.384 -3.88 -2.761 -2.269 1.628 5.417 -0.776
404 W -2.085 -2.326 -3.305 -3.663 -1.083 -2.773 -3.175 -2.872 -1.707 0.635 2.469 -2.673 0.861 0.942 -4.41 -3.298 -2.127 8.693 0.943 -0.147
405 L -1.344 -1.8 -2.861 -3.232 -0.202 -1.78 -2.833 -2.998 -1.606 1.768 3.272 -1.963 4.519 0.613 -3.46 -2.574 -1.344 -1.516 -0.985 1.006
406 P -0.879 -2.056 -1.976 -1.606 -1.5 -1.976 -1.665 -1.895 -1.65 -2.36 -2.793 -1.107 -2.446 -3.378 6.706 -1.495 -1.391 -4.592 -2.678 -2.204
407 L -0.782 -1.631 -1.365 -2.075 -0.054 -1.813 -2.226 -2.219 -1.871 1.058 2.546 -1.556 1.055 -0.171 -2.532 -0.666 2.71 -1.948 -1.406 0.658
408 L -1.583 -2.229 -3.405 -3.663 -0.193 -2.683 -3.348 -3.425 -2.356 1.962 4.106 -2.521 2.09 0.79 -3.647 -3.201 -1.623 -1.693 -1.099 1.063
409 F -1.859 -3.039 -3.097 -3.289 -0.741 -3.561 -3.625 -3.204 -1.661 3.2 1.131 -3.017 0.743 4.878 -3.981 -3.096 -1.693 -0.327 1.49 1.599
410 L -1.5 -2.65 -3.355 -3.435 -0.193 -2.954 -3.533 -3.473 -2.548 3.595 3.127 -2.619 1.691 0.499 -3.597 -3.16 -1.359 -1.948 -1.211 2.072
411 F -1.057 -1.898 -1.233 -1.984 -0.573 -2.208 -2.285 -2.042 -1.149 -0.006 -0.176 -1.825 -0.185 4.744 -2.792 -0.639 2.632 -0.327 1.415 -0.158
412 R 2.406 3.824 -1.043 -1.668 -0.473 -0.3 -0.949 -0.657 -0.525 -1.628 -1.696 0.885 -1.086 -2.186 -2.068 -0.371 -0.935 -2.378 -1.807 -0.831
413 A 2.894 -1.131 -0.428 -0.922 0.349 -0.963 -0.946 0.101 -0.854 -1.363 -1.824 -0.596 -1.069 -1.938 -1.518 2.281 0.34 -2.537 -1.798 -0.532
414 F -2.377 -2.939 -2.903 -3.357 -1.417 -3.907 -3.525 -2.917 -0.871 0.234 0.522 -3.347 0.159 6.58 -4.491 -3.073 -2.413 0.809 2.888 -0.55
415 R -1.201 4.331 -0.406 -1.155 -2.158 0.623 -0.133 -1.751 -0.11 -2.4 -2.175 3.574 -1.266 -2.677 -2.194 -1.174 -1.305 -2.43 -1.823 -2.122
416 R -0.854 3.757 -1.482 -2.297 -0.719 -0.679 -1.54 -2.555 -1.074 1.369 -0.217 0.543 -0.06 -1.296 -2.971 -1.855 -0.952 -2.352 -1.561 2.53
417 K -0.812 2.108 -0.254 -0.708 -1.963 0.821 0.328 -1.328 -0.229 -2.109 -2.226 4.453 -1.209 -2.791 -1.673 -0.867 -1.068 -2.535 -1.774 -1.984
418 K -0.812 2.108 -0.254 -0.708 -1.963 0.821 0.328 -1.328 -0.229 -2.109 -2.226 4.453 -1.209 -2.791 -1.673 -0.867 -1.068 -2.535 -1.774 -1.984
419 K -0.812 2.108 -0.254 -0.708 -1.963 0.821 0.328 -1.328 -0.229 -2.109 -2.226 4.453 -1.209 -2.791 -1.673 -0.867 -1.068 -2.535 -1.774 -1.984
420 K -0.812 2.108 -0.254 -0.708 -1.963 0.821 0.328 -1.328 -0.229 -2.109 -2.226 4.453 -1.209 -2.791 -1.673 -0.867 -1.068 -2.535 -1.774 -1.984
421 T -0.098 -1.078 -0.124 -1.0 0.136 -1.089 -1.363 -1.314 -1.399 -0.21 -1.043 -0.776 -0.517 -1.566 -1.673 0.719 4.201 -2.17 -1.692 0.244
422 S 1.082 -0.727 0.511 -0.234 0.087 -0.555 -0.541 -0.092 -0.446 -1.897 -2.314 -0.271 -1.172 -1.929 -1.461 3.212 1.025 -2.535 -1.741 -1.278
423 G 0.104 -2.343 -0.426 -1.308 -1.306 -2.181 -2.608 5.796 -1.462 -3.201 -3.446 -1.636 -2.652 -2.664 -2.765 -0.988 -1.905 -2.426 -3.134 -2.85
424 Y -1.798 -1.763 -2.111 -3.008 -1.737 -1.769 -2.349 -2.918 2.119 -0.789 -0.896 -1.859 -0.668 3.363 -3.319 -2.423 -2.075 2.323 6.624 -0.965
425 I -1.362 -3.086 -3.248 -3.166 -0.136 -3.195 -3.672 -3.465 -2.697 4.483 1.691 -2.664 1.286 0.232 -3.49 -3.062 -1.06 -2.17 -1.271 2.875