#Seq2Logo.py -f /work3/idamei/ssn-clusterings/clustering/2205111253/clusters/0002_405/sequences.afa -o /work3/idamei/ssn-clusterings/clustering/2205111253/clusters/0002_405/sequences.logo
Last position-specific scoring matrix computed, values are in halfbits
A R N D C Q E G H I L K M F P S T W Y V
0 L -1.08 -1.383 -2.36 -2.814 -0.168 -1.051 -2.353 -2.583 -0.968 1.603 2.135 -1.452 5.611 0.468 -3.242 -2.016 -1.046 -1.306 -0.832 0.99
1 V -0.749 -2.777 -3.091 -3.173 0.105 -2.882 -3.263 -3.205 -2.811 3.871 1.334 -2.53 1.06 -0.074 -3.333 -2.653 -0.746 -2.284 -1.285 3.561
2 N -1.245 0.383 4.013 0.577 -1.878 3.294 0.523 -0.741 0.871 -2.467 -2.513 0.562 -1.15 -2.652 -2.361 -0.419 -0.701 -2.549 -1.65 -2.148
3 Q -0.868 1.022 -0.078 -0.342 -1.897 4.831 1.406 -1.465 0.784 -2.226 -1.976 1.236 -0.389 -2.944 -2.137 -0.74 -0.961 -2.17 -1.271 -1.773
4 A 2.532 -1.942 -2.227 -2.332 0.515 -1.885 -1.987 -0.835 -1.939 1.702 0.029 -1.517 0.103 -1.033 -2.2 -0.601 -0.437 -2.414 -1.511 2.772
5 Q -0.883 1.007 -0.093 -0.357 -1.911 4.883 1.392 -1.479 0.769 -2.24 -1.991 1.222 -0.403 -2.959 -2.151 -0.755 -0.975 -2.185 -1.285 -1.787
6 F -1.015 -1.856 -1.19 -1.941 -0.53 -2.165 -2.242 -1.999 -1.106 0.037 -0.134 -1.782 -0.142 4.684 -2.749 -0.596 2.522 -0.284 1.458 -0.116
7 R -1.534 5.51 -0.462 -1.564 -2.259 0.518 -0.561 -2.128 0.098 -2.612 -2.028 2.018 -1.224 -2.472 -2.704 -1.406 -1.454 -2.234 -1.772 -2.162
8 G -0.612 -2.271 -1.546 -2.249 -0.676 -2.409 -2.944 3.926 -1.865 0.443 2.244 -2.035 0.633 -0.419 -3.163 -1.883 -1.745 -2.018 -1.917 -0.244
9 D -1.263 0.804 0.558 4.116 -2.168 0.088 0.705 -1.231 -0.386 -2.408 -2.798 2.914 -1.868 -2.862 -1.972 -0.916 -1.243 -2.998 -2.348 -2.399
10 F -1.541 -1.188 -1.332 0.014 -1.846 -0.215 2.67 -2.375 -0.154 -0.86 -0.629 -0.676 -0.614 4.634 -2.888 -1.699 -1.786 -0.335 1.425 -1.208
11 L -1.458 -2.607 -3.312 -3.392 -0.15 -2.911 -3.49 -3.43 -2.505 3.529 3.092 -2.577 1.734 0.542 -3.554 -3.117 -1.317 -1.905 -1.168 2.114
12 R -1.159 4.281 -0.363 -1.112 -2.115 0.666 -0.091 -1.708 -0.067 -2.357 -2.132 3.511 -1.224 -2.634 -2.151 -1.132 -1.262 -2.387 -1.78 -2.079
13 T -0.112 -1.093 -0.139 -1.014 0.122 -1.103 -1.378 -1.329 -1.413 -0.224 -1.057 -0.791 -0.532 -1.58 -1.687 0.705 4.245 -2.185 -1.706 0.229
14 D -1.777 -1.588 1.199 5.833 -2.372 -0.872 1.05 -1.124 -0.536 -2.725 -3.491 -0.829 -2.698 -2.92 -2.289 -0.952 -1.413 -3.531 -3.043 -2.864
15 E -0.919 -0.122 -0.338 1.518 -2.411 1.346 4.494 -1.95 0.392 -2.764 -2.703 0.677 -1.754 -2.608 -1.882 -0.791 -1.301 -2.387 -1.908 -2.134
16 L -1.91 -2.52 -3.1 -3.463 -0.698 -3.188 -3.393 -3.117 -1.476 1.268 2.795 -2.862 1.326 4.892 -3.996 -3.094 -1.949 -0.136 1.577 0.411
17 L -1.541 -2.186 -3.362 -3.62 -0.15 -2.64 -3.306 -3.383 -2.314 2.005 4.037 -2.478 2.132 0.833 -3.604 -3.158 -1.581 -1.65 -1.056 1.106
18 F -2.334 -2.896 -2.86 -3.314 -1.374 -3.864 -3.482 -2.875 -0.828 0.277 0.565 -3.304 0.201 6.515 -4.448 -3.031 -2.371 0.852 2.931 -0.507
19 F -2.334 -2.896 -2.86 -3.314 -1.374 -3.864 -3.482 -2.875 -0.828 0.277 0.565 -3.304 0.201 6.515 -4.448 -3.031 -2.371 0.852 2.931 -0.507
20 L -1.301 -1.757 -2.818 -3.189 -0.159 -1.738 -2.79 -2.955 -1.563 1.811 3.24 -1.92 4.367 0.656 -3.418 -2.531 -1.301 -1.473 -0.942 1.048
21 G 0.62 -1.438 0.066 -0.736 -0.541 -1.27 -1.407 4.159 -0.924 -2.49 -2.839 -0.888 -1.833 -2.287 -2.054 1.855 -0.097 -2.494 -2.369 -1.973
22 F -2.334 -2.896 -2.86 -3.314 -1.374 -3.864 -3.482 -2.875 -0.828 0.277 0.565 -3.304 0.201 6.515 -4.448 -3.031 -2.371 0.852 2.931 -0.507
23 V -0.749 -2.777 -3.091 -3.173 0.105 -2.882 -3.263 -3.205 -2.811 3.871 1.334 -2.53 1.06 -0.074 -3.333 -2.653 -0.746 -2.284 -1.285 3.561
24 P -0.836 -2.014 -1.934 -1.564 -1.457 -1.933 -1.622 -1.852 -1.608 -2.318 -2.75 -1.064 -2.403 -3.336 6.663 -1.452 -1.348 -4.549 -2.636 -2.162
25 Y -1.812 -1.777 -2.126 -3.022 -1.752 -1.784 -2.363 -2.932 2.105 -0.804 -0.91 -1.873 -0.682 3.348 -3.333 -2.437 -2.089 2.309 6.655 -0.979
26 L -1.541 -2.186 -3.362 -3.62 -0.15 -2.64 -3.306 -3.383 -2.314 2.005 4.037 -2.478 2.132 0.833 -3.604 -3.158 -1.581 -1.65 -1.056 1.106
27 I -1.377 -3.101 -3.263 -3.181 -0.15 -3.209 -3.687 -3.479 -2.711 4.521 1.677 -2.679 1.271 0.218 -3.505 -3.076 -1.075 -2.185 -1.285 2.86
28 I -1.377 -3.101 -3.263 -3.181 -0.15 -3.209 -3.687 -3.479 -2.711 4.521 1.677 -2.679 1.271 0.218 -3.505 -3.076 -1.075 -2.185 -1.285 2.86
29 E -0.556 -1.068 -1.352 0.038 -0.719 0.004 2.709 -2.409 -0.811 1.393 -0.337 -0.467 -0.181 -1.297 -2.455 -1.442 -0.845 -2.387 -1.58 2.437
30 L -1.08 -1.383 -2.36 -2.814 -0.168 -1.051 -2.353 -2.583 -0.968 1.603 2.135 -1.452 5.611 0.468 -3.242 -2.016 -1.046 -1.306 -0.832 0.99
31 L -1.91 -2.52 -3.1 -3.463 -0.698 -3.188 -3.393 -3.117 -1.476 1.268 2.795 -2.862 1.326 4.892 -3.996 -3.094 -1.949 -0.136 1.577 0.411
32 G 0.09 -2.358 -0.44 -1.323 -1.32 -2.195 -2.622 5.809 -1.476 -3.215 -3.461 -1.651 -2.667 -2.678 -2.779 -1.002 -1.919 -2.44 -3.148 -2.864
33 T -0.112 -1.093 -0.139 -1.014 0.122 -1.103 -1.378 -1.329 -1.413 -0.224 -1.057 -0.791 -0.532 -1.58 -1.687 0.705 4.245 -2.185 -1.706 0.229
34 T -0.112 -1.093 -0.139 -1.014 0.122 -1.103 -1.378 -1.329 -1.413 -0.224 -1.057 -0.791 -0.532 -1.58 -1.687 0.705 4.245 -2.185 -1.706 0.229
35 L -1.08 -1.383 -2.36 -2.814 -0.168 -1.051 -2.353 -2.583 -0.968 1.603 2.135 -1.452 5.611 0.468 -3.242 -2.016 -1.046 -1.306 -0.832 0.99
36 F -2.334 -2.896 -2.86 -3.314 -1.374 -3.864 -3.482 -2.875 -0.828 0.277 0.565 -3.304 0.201 6.515 -4.448 -3.031 -2.371 0.852 2.931 -0.507
37 P -0.836 -2.014 -1.934 -1.564 -1.457 -1.933 -1.622 -1.852 -1.608 -2.318 -2.75 -1.064 -2.403 -3.336 6.663 -1.452 -1.348 -4.549 -2.636 -2.162
38 V -0.626 -1.882 -2.631 -2.984 0.097 -1.718 -2.611 -2.763 -1.78 2.404 1.601 -1.882 4.115 0.067 -3.207 -2.147 -0.733 -1.796 -1.05 2.964
39 P -0.836 -2.014 -1.934 -1.564 -1.457 -1.933 -1.622 -1.852 -1.608 -2.318 -2.75 -1.064 -2.403 -3.336 6.663 -1.452 -1.348 -4.549 -2.636 -2.162
40 R -1.67 3.732 -1.176 -2.202 -1.994 -0.409 -1.323 -2.502 1.272 -1.568 -1.415 0.684 -0.94 1.709 -3.002 -1.876 -1.754 0.852 4.806 -1.51
41 F -2.334 -2.896 -2.86 -3.314 -1.374 -3.864 -3.482 -2.875 -0.828 0.277 0.565 -3.304 0.201 6.515 -4.448 -3.031 -2.371 0.852 2.931 -0.507
42 L -1.541 -2.186 -3.362 -3.62 -0.15 -2.64 -3.306 -3.383 -2.314 2.005 4.037 -2.478 2.132 0.833 -3.604 -3.158 -1.581 -1.65 -1.056 1.106
43 F -2.004 -1.356 -0.747 -1.904 -1.814 -1.458 -1.622 -2.226 6.13 -0.834 -0.603 -1.764 -0.438 4.731 -3.475 -2.215 -2.298 -0.077 2.368 -1.503
44 A 2.831 -1.089 -0.385 -0.879 0.392 -0.921 -0.903 0.144 -0.811 -1.32 -1.781 -0.553 -1.026 -1.895 -1.475 2.187 0.383 -2.494 -1.756 -0.489
45 V -0.234 -2.486 -2.929 -3.164 0.34 -2.587 -2.894 -2.955 -2.915 3.03 0.945 -2.388 0.832 -0.398 -3.171 -2.284 -0.451 -2.387 -1.285 4.125
46 G 2.597 -1.888 -0.987 -1.499 -0.15 -1.725 -1.885 4.218 -1.341 -1.783 -2.197 -1.222 -1.633 -2.233 -2.054 -0.183 -1.075 -2.44 -2.369 -0.989
47 K -0.826 2.094 -0.268 -0.722 -1.977 0.807 0.313 -1.342 -0.243 -2.123 -2.24 4.49 -1.224 -2.806 -1.687 -0.881 -1.082 -2.549 -1.789 -1.999
48 A 3.918 -1.484 -1.662 -1.687 0.68 -1.32 -1.298 0.374 -1.211 -0.83 -1.321 -0.849 -0.874 -1.848 -1.475 0.455 -0.422 -2.44 -1.756 0.139
49 F -1.097 -2.684 -2.895 -3.238 -0.392 -3.156 -3.173 -2.915 -1.687 1.97 0.761 -2.81 0.534 4.766 -3.74 -2.633 -1.254 -0.335 1.533 2.653
50 L -1.541 -2.186 -3.362 -3.62 -0.15 -2.64 -3.306 -3.383 -2.314 2.005 4.037 -2.478 2.132 0.833 -3.604 -3.158 -1.581 -1.65 -1.056 1.106
51 I -1.377 -3.101 -3.263 -3.181 -0.15 -3.209 -3.687 -3.479 -2.711 4.521 1.677 -2.679 1.271 0.218 -3.505 -3.076 -1.075 -2.185 -1.285 2.86
52 F -2.334 -2.896 -2.86 -3.314 -1.374 -3.864 -3.482 -2.875 -0.828 0.277 0.565 -3.304 0.201 6.515 -4.448 -3.031 -2.371 0.852 2.931 -0.507
53 P 2.426 -1.736 -1.795 -1.625 -0.195 -1.61 -1.456 -0.53 -1.402 -1.479 -1.948 -0.954 -1.538 -2.497 4.83 -0.344 -0.848 -3.306 -2.162 -0.788
54 F -1.097 -2.684 -2.895 -3.238 -0.392 -3.156 -3.173 -2.915 -1.687 1.97 0.761 -2.81 0.534 4.766 -3.74 -2.633 -1.254 -0.335 1.533 2.653
55 A 2.345 -2.18 -2.353 -2.338 0.295 -2.113 -2.252 -0.952 -1.865 2.941 0.551 -1.621 0.394 -0.634 -2.315 -0.801 -0.73 -2.31 -1.511 1.809
56 G 0.62 -1.438 0.066 -0.736 -0.541 -1.27 -1.407 4.159 -0.924 -2.49 -2.839 -0.888 -1.833 -2.287 -2.054 1.855 -0.097 -2.494 -2.369 -1.973
57 A 2.345 -2.18 -2.353 -2.338 0.295 -2.113 -2.252 -0.952 -1.865 2.941 0.551 -1.621 0.394 -0.634 -2.315 -0.801 -0.73 -2.31 -1.511 1.809
58 F -2.334 -2.896 -2.86 -3.314 -1.374 -3.864 -3.482 -2.875 -0.828 0.277 0.565 -3.304 0.201 6.515 -4.448 -3.031 -2.371 0.852 2.931 -0.507
59 F -2.334 -2.896 -2.86 -3.314 -1.374 -3.864 -3.482 -2.875 -0.828 0.277 0.565 -3.304 0.201 6.515 -4.448 -3.031 -2.371 0.852 2.931 -0.507
60 K -0.826 2.094 -0.268 -0.722 -1.977 0.807 0.313 -1.342 -0.243 -2.123 -2.24 4.49 -1.224 -2.806 -1.687 -0.881 -1.082 -2.549 -1.789 -1.999
61 K -0.826 2.094 -0.268 -0.722 -1.977 0.807 0.313 -1.342 -0.243 -2.123 -2.24 4.49 -1.224 -2.806 -1.687 -0.881 -1.082 -2.549 -1.789 -1.999
62 T 0.538 -0.911 0.197 -0.606 0.097 -0.824 -0.937 -0.653 -0.897 -0.946 -1.623 -0.527 -0.841 -1.756 -1.579 2.258 3.059 -2.361 -1.731 -0.432
63 W -2.65 -2.383 -3.166 -3.62 -2.334 -2.824 -2.969 -2.366 -1.134 -1.854 -1.65 -2.791 -1.28 1.128 -5.408 -3.355 -2.695 10.61 2.169 -2.228
64 G 0.62 -1.438 0.066 -0.736 -0.541 -1.27 -1.407 4.159 -0.924 -2.49 -2.839 -0.888 -1.833 -2.287 -2.054 1.855 -0.097 -2.494 -2.369 -1.973
65 V 0.49 -1.484 -0.735 -1.353 0.209 -1.406 -1.494 -1.193 -1.434 1.508 -0.25 -1.149 -0.005 -1.069 -2.2 1.656 0.372 -2.467 -1.511 2.536
66 Y -1.31 -0.061 -0.934 -1.392 -1.83 3.156 0.087 -2.115 1.514 -1.433 -1.4 0.071 -0.539 1.656 -2.682 -1.475 -1.479 0.86 4.833 -1.355
67 F -2.334 -2.896 -2.86 -3.314 -1.374 -3.864 -3.482 -2.875 -0.828 0.277 0.565 -3.304 0.201 6.515 -4.448 -3.031 -2.371 0.852 2.931 -0.507
68 F -2.334 -2.896 -2.86 -3.314 -1.374 -3.864 -3.482 -2.875 -0.828 0.277 0.565 -3.304 0.201 6.515 -4.448 -3.031 -2.371 0.852 2.931 -0.507
69 L -0.814 -2.332 -3.138 -3.383 0.105 -2.614 -3.092 -3.161 -2.599 2.562 2.887 -2.433 1.555 0.282 -3.38 -2.688 -0.961 -1.995 -1.168 2.993
70 V -0.172 -1.706 -1.209 -1.894 0.233 -1.751 -2.037 -2.029 -2.067 1.839 0.114 -1.48 0.23 -0.929 -2.335 -0.419 2.762 -2.284 -1.488 2.79
71 S 1.068 -0.741 0.497 -0.249 0.072 -0.57 -0.555 -0.106 -0.46 -1.911 -2.328 -0.285 -1.187 -1.943 -1.475 3.262 1.011 -2.549 -1.756 -1.292
72 L 2.323 -1.814 -2.389 -2.495 0.295 -1.905 -2.131 -0.932 -1.71 0.922 2.456 -1.55 1.004 -0.207 -2.348 -0.82 -0.944 -2.018 -1.385 0.663
73 P -1.094 -2.506 -2.522 -2.26 -0.73 -2.501 -2.474 -2.552 -2.107 2.779 0.24 -1.76 -0.017 -1.043 4.747 -2.151 -1.208 -3.131 -1.882 1.327
74 L -1.91 -2.52 -3.1 -3.463 -0.698 -3.188 -3.393 -3.117 -1.476 1.268 2.795 -2.862 1.326 4.892 -3.996 -3.094 -1.949 -0.136 1.577 0.411
75 L 0.049 -1.374 -0.83 -1.468 -0.037 -1.423 -1.614 -1.302 -1.24 0.666 2.339 -1.178 0.926 -0.233 -2.348 1.558 -0.003 -2.065 -1.385 0.149
76 L 2.323 -1.814 -2.389 -2.495 0.295 -1.905 -2.131 -0.932 -1.71 0.922 2.456 -1.55 1.004 -0.207 -2.348 -0.82 -0.944 -2.018 -1.385 0.663
77 I -0.676 -1.925 -1.297 -1.899 -0.011 -1.968 -2.307 -2.208 -1.99 3.03 0.622 -1.583 0.508 -0.543 -2.455 -0.606 2.669 -2.185 -1.488 1.835
78 G 0.09 -2.358 -0.44 -1.323 -1.32 -2.195 -2.622 5.809 -1.476 -3.215 -3.461 -1.651 -2.667 -2.678 -2.779 -1.002 -1.919 -2.44 -3.148 -2.864
79 A 2.345 -2.18 -2.353 -2.338 0.295 -2.113 -2.252 -0.952 -1.865 2.941 0.551 -1.621 0.394 -0.634 -2.315 -0.801 -0.73 -2.31 -1.511 1.809
80 L -0.814 -2.332 -3.138 -3.383 0.105 -2.614 -3.092 -3.161 -2.599 2.562 2.887 -2.433 1.555 0.282 -3.38 -2.688 -0.961 -1.995 -1.168 2.993
81 V -0.234 -2.486 -2.929 -3.164 0.34 -2.587 -2.894 -2.955 -2.915 3.03 0.945 -2.388 0.832 -0.398 -3.171 -2.284 -0.451 -2.387 -1.285 4.125
82 W -2.65 -2.383 -3.166 -3.62 -2.334 -2.824 -2.969 -2.366 -1.134 -1.854 -1.65 -2.791 -1.28 1.128 -5.408 -3.355 -2.695 10.61 2.169 -2.228
83 N -1.245 0.383 4.013 0.577 -1.878 3.294 0.523 -0.741 0.871 -2.467 -2.513 0.562 -1.15 -2.652 -2.361 -0.419 -0.701 -2.549 -1.65 -2.148
84 A 2.419 0.023 -0.772 -0.946 -0.334 3.201 0.35 -0.406 -0.054 -1.45 -1.637 0.368 -0.629 -2.35 -1.793 -0.087 -0.685 -2.31 -1.511 -0.666
85 T -0.112 -1.093 -0.139 -1.014 0.122 -1.103 -1.378 -1.329 -1.413 -0.224 -1.057 -0.791 -0.532 -1.58 -1.687 0.705 4.245 -2.185 -1.706 0.229
86 S 1.068 -0.741 0.497 -0.249 0.072 -0.57 -0.555 -0.106 -0.46 -1.911 -2.328 -0.285 -1.187 -1.943 -1.475 3.262 1.011 -2.549 -1.756 -1.292
87 D -1.718 -0.942 4.203 4.375 -2.097 -0.694 0.297 -0.599 0.313 -2.719 -3.316 -0.55 -2.417 -2.634 -2.435 -0.505 -0.892 -3.235 -2.515 -2.708
88 T -0.112 -1.093 -0.139 -1.014 0.122 -1.103 -1.378 -1.329 -1.413 -0.224 -1.057 -0.791 -0.532 -1.58 -1.687 0.705 4.245 -2.185 -1.706 0.229
89 G 0.09 -2.358 -0.44 -1.323 -1.32 -2.195 -2.622 5.809 -1.476 -3.215 -3.461 -1.651 -2.667 -2.678 -2.779 -1.002 -1.919 -2.44 -3.148 -2.864
90 V -0.749 -2.777 -3.091 -3.173 0.105 -2.882 -3.263 -3.205 -2.811 3.871 1.334 -2.53 1.06 -0.074 -3.333 -2.653 -0.746 -2.284 -1.285 3.561
91 L -1.458 -2.607 -3.312 -3.392 -0.15 -2.911 -3.49 -3.43 -2.505 3.529 3.092 -2.577 1.734 0.542 -3.554 -3.117 -1.317 -1.905 -1.168 2.114
92 A 3.918 -1.484 -1.662 -1.687 0.68 -1.32 -1.298 0.374 -1.211 -0.83 -1.321 -0.849 -0.874 -1.848 -1.475 0.455 -0.422 -2.44 -1.756 0.139
93 L -1.541 -2.186 -3.362 -3.62 -0.15 -2.64 -3.306 -3.383 -2.314 2.005 4.037 -2.478 2.132 0.833 -3.604 -3.158 -1.581 -1.65 -1.056 1.106
94 T -0.112 -1.093 -0.139 -1.014 0.122 -1.103 -1.378 -1.329 -1.413 -0.224 -1.057 -0.791 -0.532 -1.58 -1.687 0.705 4.245 -2.185 -1.706 0.229
95 V -0.749 -2.777 -3.091 -3.173 0.105 -2.882 -3.263 -3.205 -2.811 3.871 1.334 -2.53 1.06 -0.074 -3.333 -2.653 -0.746 -2.284 -1.285 3.561
96 L -1.541 -2.186 -3.362 -3.62 -0.15 -2.64 -3.306 -3.383 -2.314 2.005 4.037 -2.478 2.132 0.833 -3.604 -3.158 -1.581 -1.65 -1.056 1.106
97 L -1.08 -1.383 -2.36 -2.814 -0.168 -1.051 -2.353 -2.583 -0.968 1.603 2.135 -1.452 5.611 0.468 -3.242 -2.016 -1.046 -1.306 -0.832 0.99
98 L -1.08 -1.383 -2.36 -2.814 -0.168 -1.051 -2.353 -2.583 -0.968 1.603 2.135 -1.452 5.611 0.468 -3.242 -2.016 -1.046 -1.306 -0.832 0.99
99 G 0.09 -2.358 -0.44 -1.323 -1.32 -2.195 -2.622 5.809 -1.476 -3.215 -3.461 -1.651 -2.667 -2.678 -2.779 -1.002 -1.919 -2.44 -3.148 -2.864
100 A 3.918 -1.484 -1.662 -1.687 0.68 -1.32 -1.298 0.374 -1.211 -0.83 -1.321 -0.849 -0.874 -1.848 -1.475 0.455 -0.422 -2.44 -1.756 0.139
101 Y -1.812 -1.777 -2.126 -3.022 -1.752 -1.784 -2.363 -2.932 2.105 -0.804 -0.91 -1.873 -0.682 3.348 -3.333 -2.437 -2.089 2.309 6.655 -0.979
102 R -1.159 4.281 -0.363 -1.112 -2.115 0.666 -0.091 -1.708 -0.067 -2.357 -2.132 3.511 -1.224 -2.634 -2.151 -1.132 -1.262 -2.387 -1.78 -2.079
103 L -1.458 -2.607 -3.312 -3.392 -0.15 -2.911 -3.49 -3.43 -2.505 3.529 3.092 -2.577 1.734 0.542 -3.554 -3.117 -1.317 -1.905 -1.168 2.114
104 D -1.777 -1.588 1.199 5.833 -2.372 -0.872 1.05 -1.124 -0.536 -2.725 -3.491 -0.829 -2.698 -2.92 -2.289 -0.952 -1.413 -3.531 -3.043 -2.864
105 V -0.172 -1.706 -1.209 -1.894 0.233 -1.751 -2.037 -2.029 -2.067 1.839 0.114 -1.48 0.23 -0.929 -2.335 -0.419 2.762 -2.284 -1.488 2.79
106 R -1.159 4.281 -0.363 -1.112 -2.115 0.666 -0.091 -1.708 -0.067 -2.357 -2.132 3.511 -1.224 -2.634 -2.151 -1.132 -1.262 -2.387 -1.78 -2.079
107 K -0.826 2.094 -0.268 -0.722 -1.977 0.807 0.313 -1.342 -0.243 -2.123 -2.24 4.49 -1.224 -2.806 -1.687 -0.881 -1.082 -2.549 -1.789 -1.999
108 I -1.377 -3.101 -3.263 -3.181 -0.15 -3.209 -3.687 -3.479 -2.711 4.521 1.677 -2.679 1.271 0.218 -3.505 -3.076 -1.075 -2.185 -1.285 2.86
109 I -1.377 -3.101 -3.263 -3.181 -0.15 -3.209 -3.687 -3.479 -2.711 4.521 1.677 -2.679 1.271 0.218 -3.505 -3.076 -1.075 -2.185 -1.285 2.86
110 D -0.826 -1.33 0.607 4.09 -0.864 -0.985 0.084 -1.224 -0.941 -1.212 -2.025 -0.81 -1.416 -2.173 -1.972 -0.006 2.625 -2.78 -2.298 -0.921
111 V -0.234 -2.486 -2.929 -3.164 0.34 -2.587 -2.894 -2.955 -2.915 3.03 0.945 -2.388 0.832 -0.398 -3.171 -2.284 -0.451 -2.387 -1.285 4.125
112 Y -1.812 -1.777 -2.126 -3.022 -1.752 -1.784 -2.363 -2.932 2.105 -0.804 -0.91 -1.873 -0.682 3.348 -3.333 -2.437 -2.089 2.309 6.655 -0.979
113 L -1.541 -2.186 -3.362 -3.62 -0.15 -2.64 -3.306 -3.383 -2.314 2.005 4.037 -2.478 2.132 0.833 -3.604 -3.158 -1.581 -1.65 -1.056 1.106
114 K -1.088 0.535 -1.393 -1.697 -0.922 -0.553 -1.043 -2.217 -1.221 2.796 0.337 2.721 0.285 -0.915 -2.455 -1.775 -1.078 -2.361 -1.526 1.352
115 I -1.377 -3.101 -3.263 -3.181 -0.15 -3.209 -3.687 -3.479 -2.711 4.521 1.677 -2.679 1.271 0.218 -3.505 -3.076 -1.075 -2.185 -1.285 2.86
116 A 2.532 -1.942 -2.227 -2.332 0.515 -1.885 -1.987 -0.835 -1.939 1.702 0.029 -1.517 0.103 -1.033 -2.2 -0.601 -0.437 -2.414 -1.511 2.772
117 G -0.551 -2.705 -1.519 -2.105 -0.676 -2.658 -3.106 3.922 -2.028 2.712 0.126 -2.119 -0.072 -0.881 -3.119 -1.857 -1.466 -2.31 -2.069 1.232
118 F 2.231 -2.104 -2.199 -2.388 -0.168 -2.32 -2.188 -0.816 -1.013 -0.224 -0.227 -1.823 -0.286 4.669 -2.595 -0.791 -1.235 -0.348 1.45 -0.166
119 I -1.377 -3.101 -3.263 -3.181 -0.15 -3.209 -3.687 -3.479 -2.711 4.521 1.677 -2.679 1.271 0.218 -3.505 -3.076 -1.075 -2.185 -1.285 2.86
120 T -0.556 -1.234 -1.041 -1.776 -0.02 -1.077 -1.824 -1.888 -1.182 0.832 0.96 -1.103 3.935 -0.378 -2.361 -0.346 2.673 -1.712 -1.236 0.634
121 A 2.345 -2.18 -2.353 -2.338 0.295 -2.113 -2.252 -0.952 -1.865 2.941 0.551 -1.621 0.394 -0.634 -2.315 -0.801 -0.73 -2.31 -1.511 1.809
122 L -1.541 -2.186 -3.362 -3.62 -0.15 -2.64 -3.306 -3.383 -2.314 2.005 4.037 -2.478 2.132 0.833 -3.604 -3.158 -1.581 -1.65 -1.056 1.106
123 A 3.918 -1.484 -1.662 -1.687 0.68 -1.32 -1.298 0.374 -1.211 -0.83 -1.321 -0.849 -0.874 -1.848 -1.475 0.455 -0.422 -2.44 -1.756 0.139
124 F -2.334 -2.896 -2.86 -3.314 -1.374 -3.864 -3.482 -2.875 -0.828 0.277 0.565 -3.304 0.201 6.515 -4.448 -3.031 -2.371 0.852 2.931 -0.507
125 L 2.323 -1.814 -2.389 -2.495 0.295 -1.905 -2.131 -0.932 -1.71 0.922 2.456 -1.55 1.004 -0.207 -2.348 -0.82 -0.944 -2.018 -1.385 0.663
126 F 2.231 -2.104 -2.199 -2.388 -0.168 -2.32 -2.188 -0.816 -1.013 -0.224 -0.227 -1.823 -0.286 4.669 -2.595 -0.791 -1.235 -0.348 1.45 -0.166
127 S 1.068 -0.741 0.497 -0.249 0.072 -0.57 -0.555 -0.106 -0.46 -1.911 -2.328 -0.285 -1.187 -1.943 -1.475 3.262 1.011 -2.549 -1.756 -1.292
128 L -1.301 -1.757 -2.818 -3.189 -0.159 -1.738 -2.79 -2.955 -1.563 1.811 3.24 -1.92 4.367 0.656 -3.418 -2.531 -1.301 -1.473 -0.942 1.048
129 L -0.814 -2.332 -3.138 -3.383 0.105 -2.614 -3.092 -3.161 -2.599 2.562 2.887 -2.433 1.555 0.282 -3.38 -2.688 -0.961 -1.995 -1.168 2.993
130 G -0.695 -1.947 0.494 4.065 -1.799 -1.458 -0.237 4.059 -0.968 -2.96 -3.476 -1.211 -2.682 -2.796 -2.524 -0.977 -1.655 -2.934 -3.095 -2.864
131 L -1.458 -2.607 -3.312 -3.392 -0.15 -2.911 -3.49 -3.43 -2.505 3.529 3.092 -2.577 1.734 0.542 -3.554 -3.117 -1.317 -1.905 -1.168 2.114
132 I -1.377 -3.101 -3.263 -3.181 -0.15 -3.209 -3.687 -3.479 -2.711 4.521 1.677 -2.679 1.271 0.218 -3.505 -3.076 -1.075 -2.185 -1.285 2.86
133 P -0.836 -2.014 -1.934 -1.564 -1.457 -1.933 -1.622 -1.852 -1.608 -2.318 -2.75 -1.064 -2.403 -3.336 6.663 -1.452 -1.348 -4.549 -2.636 -2.162
134 N -1.66 -0.415 5.643 1.281 -1.846 -0.527 -0.725 -0.155 0.968 -2.712 -3.152 -0.296 -2.161 -2.374 -2.588 -0.118 -0.451 -2.966 -2.069 -2.56
135 L -1.541 -2.186 -3.362 -3.62 -0.15 -2.64 -3.306 -3.383 -2.314 2.005 4.037 -2.478 2.132 0.833 -3.604 -3.158 -1.581 -1.65 -1.056 1.106
136 Q -0.883 1.007 -0.093 -0.357 -1.911 4.883 1.392 -1.479 0.769 -2.24 -1.991 1.222 -0.403 -2.959 -2.151 -0.755 -0.975 -2.185 -1.285 -1.787
137 Y -1.812 -1.777 -2.126 -3.022 -1.752 -1.784 -2.363 -2.932 2.105 -0.804 -0.91 -1.873 -0.682 3.348 -3.333 -2.437 -2.089 2.309 6.655 -0.979
138 V -0.749 -2.777 -3.091 -3.173 0.105 -2.882 -3.263 -3.205 -2.811 3.871 1.334 -2.53 1.06 -0.074 -3.333 -2.653 -0.746 -2.284 -1.285 3.561
139 R -1.534 5.51 -0.462 -1.564 -2.259 0.518 -0.561 -2.128 0.098 -2.612 -2.028 2.018 -1.224 -2.472 -2.704 -1.406 -1.454 -2.234 -1.772 -2.162
140 P -0.836 -2.014 -1.934 -1.564 -1.457 -1.933 -1.622 -1.852 -1.608 -2.318 -2.75 -1.064 -2.403 -3.336 6.663 -1.452 -1.348 -4.549 -2.636 -2.162
141 D -1.316 -0.763 0.531 4.416 -2.392 0.445 3.258 -1.507 -0.035 -2.745 -3.07 0.021 -2.187 -2.76 -2.078 -0.87 -1.356 -2.903 -2.42 -2.476
142 T 0.538 -0.911 0.197 -0.606 0.097 -0.824 -0.937 -0.653 -0.897 -0.946 -1.623 -0.527 -0.841 -1.756 -1.579 2.258 3.059 -2.361 -1.731 -0.432
143 G 0.09 -2.358 -0.44 -1.323 -1.32 -2.195 -2.622 5.809 -1.476 -3.215 -3.461 -1.651 -2.667 -2.678 -2.779 -1.002 -1.919 -2.44 -3.148 -2.864
144 A 2.345 -2.18 -2.353 -2.338 0.295 -2.113 -2.252 -0.952 -1.865 2.941 0.551 -1.621 0.394 -0.634 -2.315 -0.801 -0.73 -2.31 -1.511 1.809
145 V -0.234 -2.486 -2.929 -3.164 0.34 -2.587 -2.894 -2.955 -2.915 3.03 0.945 -2.388 0.832 -0.398 -3.171 -2.284 -0.451 -2.387 -1.285 4.125
146 R -1.534 5.51 -0.462 -1.564 -2.259 0.518 -0.561 -2.128 0.098 -2.612 -2.028 2.018 -1.224 -2.472 -2.704 -1.406 -1.454 -2.234 -1.772 -2.162
147 N -1.66 -0.415 5.643 1.281 -1.846 -0.527 -0.725 -0.155 0.968 -2.712 -3.152 -0.296 -2.161 -2.374 -2.588 -0.118 -0.451 -2.966 -2.069 -2.56
148 S 1.068 -0.741 0.497 -0.249 0.072 -0.57 -0.555 -0.106 -0.46 -1.911 -2.328 -0.285 -1.187 -1.943 -1.475 3.262 1.011 -2.549 -1.756 -1.292
149 F -2.334 -2.896 -2.86 -3.314 -1.374 -3.864 -3.482 -2.875 -0.828 0.277 0.565 -3.304 0.201 6.515 -4.448 -3.031 -2.371 0.852 2.931 -0.507
150 G 0.09 -2.358 -0.44 -1.323 -1.32 -2.195 -2.622 5.809 -1.476 -3.215 -3.461 -1.651 -2.667 -2.678 -2.779 -1.002 -1.919 -2.44 -3.148 -2.864
151 I -1.377 -3.101 -3.263 -3.181 -0.15 -3.209 -3.687 -3.479 -2.711 4.521 1.677 -2.679 1.271 0.218 -3.505 -3.076 -1.075 -2.185 -1.285 2.86
152 I -1.377 -3.101 -3.263 -3.181 -0.15 -3.209 -3.687 -3.479 -2.711 4.521 1.677 -2.679 1.271 0.218 -3.505 -3.076 -1.075 -2.185 -1.285 2.86
153 Y -1.812 -1.777 -2.126 -3.022 -1.752 -1.784 -2.363 -2.932 2.105 -0.804 -0.91 -1.873 -0.682 3.348 -3.333 -2.437 -2.089 2.309 6.655 -0.979
154 P -0.836 -2.014 -1.934 -1.564 -1.457 -1.933 -1.622 -1.852 -1.608 -2.318 -2.75 -1.064 -2.403 -3.336 6.663 -1.452 -1.348 -4.549 -2.636 -2.162
155 T -0.112 -1.093 -0.139 -1.014 0.122 -1.103 -1.378 -1.329 -1.413 -0.224 -1.057 -0.791 -0.532 -1.58 -1.687 0.705 4.245 -2.185 -1.706 0.229
156 D -1.777 -1.588 1.199 5.833 -2.372 -0.872 1.05 -1.124 -0.536 -2.725 -3.491 -0.829 -2.698 -2.92 -2.289 -0.952 -1.413 -3.531 -3.043 -2.864
157 F -2.334 -2.896 -2.86 -3.314 -1.374 -3.864 -3.482 -2.875 -0.828 0.277 0.565 -3.304 0.201 6.515 -4.448 -3.031 -2.371 0.852 2.931 -0.507
158 A 3.918 -1.484 -1.662 -1.687 0.68 -1.32 -1.298 0.374 -1.211 -0.83 -1.321 -0.849 -0.874 -1.848 -1.475 0.455 -0.422 -2.44 -1.756 0.139
159 A 3.918 -1.484 -1.662 -1.687 0.68 -1.32 -1.298 0.374 -1.211 -0.83 -1.321 -0.849 -0.874 -1.848 -1.475 0.455 -0.422 -2.44 -1.756 0.139
160 H -1.707 -0.358 0.459 -0.961 -2.334 -0.165 -0.501 -1.697 7.998 -2.662 -2.595 -0.766 -1.261 -0.853 -2.749 -1.579 -2.227 -1.454 1.667 -3.036
161 V -0.749 -2.777 -3.091 -3.173 0.105 -2.882 -3.263 -3.205 -2.811 3.871 1.334 -2.53 1.06 -0.074 -3.333 -2.653 -0.746 -2.284 -1.285 3.561
162 F -2.334 -2.896 -2.86 -3.314 -1.374 -3.864 -3.482 -2.875 -0.828 0.277 0.565 -3.304 0.201 6.515 -4.448 -3.031 -2.371 0.852 2.931 -0.507
163 F -2.062 -2.283 -2.47 -3.164 -1.557 -2.64 -2.869 -2.903 0.996 -0.213 -0.079 -2.501 -0.207 5.346 -3.837 -2.719 -2.227 1.671 5.356 -0.734
164 L -0.739 -1.588 -1.322 -2.033 -0.011 -1.77 -2.184 -2.177 -1.828 1.101 2.493 -1.513 1.097 -0.129 -2.489 -0.623 2.605 -1.905 -1.363 0.701
165 Y -1.812 -1.777 -2.126 -3.022 -1.752 -1.784 -2.363 -2.932 2.105 -0.804 -0.91 -1.873 -0.682 3.348 -3.333 -2.437 -2.089 2.309 6.655 -0.979
166 L -1.541 -2.186 -3.362 -3.62 -0.15 -2.64 -3.306 -3.383 -2.314 2.005 4.037 -2.478 2.132 0.833 -3.604 -3.158 -1.581 -1.65 -1.056 1.106
167 F -2.334 -2.896 -2.86 -3.314 -1.374 -3.864 -3.482 -2.875 -0.828 0.277 0.565 -3.304 0.201 6.515 -4.448 -3.031 -2.371 0.852 2.931 -0.507
168 S 1.068 -0.741 0.497 -0.249 0.072 -0.57 -0.555 -0.106 -0.46 -1.911 -2.328 -0.285 -1.187 -1.943 -1.475 3.262 1.011 -2.549 -1.756 -1.292
169 A 3.918 -1.484 -1.662 -1.687 0.68 -1.32 -1.298 0.374 -1.211 -0.83 -1.321 -0.849 -0.874 -1.848 -1.475 0.455 -0.422 -2.44 -1.756 0.139
170 Y -1.812 -1.777 -2.126 -3.022 -1.752 -1.784 -2.363 -2.932 2.105 -0.804 -0.91 -1.873 -0.682 3.348 -3.333 -2.437 -2.089 2.309 6.655 -0.979
171 L -1.541 -2.186 -3.362 -3.62 -0.15 -2.64 -3.306 -3.383 -2.314 2.005 4.037 -2.478 2.132 0.833 -3.604 -3.158 -1.581 -1.65 -1.056 1.106
172 F -2.062 -2.283 -2.47 -3.164 -1.557 -2.64 -2.869 -2.903 0.996 -0.213 -0.079 -2.501 -0.207 5.346 -3.837 -2.719 -2.227 1.671 5.356 -0.734
173 L -1.91 -2.52 -3.1 -3.463 -0.698 -3.188 -3.393 -3.117 -1.476 1.268 2.795 -2.862 1.326 4.892 -3.996 -3.094 -1.949 -0.136 1.577 0.411
174 W -1.656 -1.036 -1.419 -0.033 -2.372 -0.043 2.703 -2.15 -0.271 -2.273 -2.129 -0.565 -1.507 -0.173 -3.137 -1.797 -1.914 8.642 0.798 -2.18
175 K -0.826 2.094 -0.268 -0.722 -1.977 0.807 0.313 -1.342 -0.243 -2.123 -2.24 4.49 -1.224 -2.806 -1.687 -0.881 -1.082 -2.549 -1.789 -1.999
176 R -1.534 5.51 -0.462 -1.564 -2.259 0.518 -0.561 -2.128 0.098 -2.612 -2.028 2.018 -1.224 -2.472 -2.704 -1.406 -1.454 -2.234 -1.772 -2.162
177 P -0.836 -2.014 -1.934 -1.564 -1.457 -1.933 -1.622 -1.852 -1.608 -2.318 -2.75 -1.064 -2.403 -3.336 6.663 -1.452 -1.348 -4.549 -2.636 -2.162
178 G -0.966 -2.37 -1.492 -2.249 -1.783 -2.493 -2.79 3.974 -1.3 -2.455 -2.416 -2.165 -1.891 -0.188 -3.804 -1.945 -2.281 8.642 0.593 -2.528
179 L -1.541 -2.186 -3.362 -3.62 -0.15 -2.64 -3.306 -3.383 -2.314 2.005 4.037 -2.478 2.132 0.833 -3.604 -3.158 -1.581 -1.65 -1.056 1.106
180 L -1.91 -2.52 -3.1 -3.463 -0.698 -3.188 -3.393 -3.117 -1.476 1.268 2.795 -2.862 1.326 4.892 -3.996 -3.094 -1.949 -0.136 1.577 0.411
181 T 0.538 -0.911 0.197 -0.606 0.097 -0.824 -0.937 -0.653 -0.897 -0.946 -1.623 -0.527 -0.841 -1.756 -1.579 2.258 3.059 -2.361 -1.731 -0.432
182 A 2.532 -1.942 -2.227 -2.332 0.515 -1.885 -1.987 -0.835 -1.939 1.702 0.029 -1.517 0.103 -1.033 -2.2 -0.601 -0.437 -2.414 -1.511 2.772
183 L -1.458 -2.607 -3.312 -3.392 -0.15 -2.911 -3.49 -3.43 -2.505 3.529 3.092 -2.577 1.734 0.542 -3.554 -3.117 -1.317 -1.905 -1.168 2.114
184 G 0.09 -2.358 -0.44 -1.323 -1.32 -2.195 -2.622 5.809 -1.476 -3.215 -3.461 -1.651 -2.667 -2.678 -2.779 -1.002 -1.919 -2.44 -3.148 -2.864
185 L -0.814 -2.332 -3.138 -3.383 0.105 -2.614 -3.092 -3.161 -2.599 2.562 2.887 -2.433 1.555 0.282 -3.38 -2.688 -0.961 -1.995 -1.168 2.993
186 L -1.91 -2.52 -3.1 -3.463 -0.698 -3.188 -3.393 -3.117 -1.476 1.268 2.795 -2.862 1.326 4.892 -3.996 -3.094 -1.949 -0.136 1.577 0.411
187 L -0.739 -1.588 -1.322 -2.033 -0.011 -1.77 -2.184 -2.177 -1.828 1.101 2.493 -1.513 1.097 -0.129 -2.489 -0.623 2.605 -1.905 -1.363 0.701
188 A 2.831 -1.089 -0.385 -0.879 0.392 -0.921 -0.903 0.144 -0.811 -1.32 -1.781 -0.553 -1.026 -1.895 -1.475 2.187 0.383 -2.494 -1.756 -0.489
189 L -1.91 -2.52 -3.1 -3.463 -0.698 -3.188 -3.393 -3.117 -1.476 1.268 2.795 -2.862 1.326 4.892 -3.996 -3.094 -1.949 -0.136 1.577 0.411
190 F -2.334 -2.896 -2.86 -3.314 -1.374 -3.864 -3.482 -2.875 -0.828 0.277 0.565 -3.304 0.201 6.515 -4.448 -3.031 -2.371 0.852 2.931 -0.507
191 L -0.814 -2.332 -3.138 -3.383 0.105 -2.614 -3.092 -3.161 -2.599 2.562 2.887 -2.433 1.555 0.282 -3.38 -2.688 -0.961 -1.995 -1.168 2.993
192 L -1.458 -2.607 -3.312 -3.392 -0.15 -2.911 -3.49 -3.43 -2.505 3.529 3.092 -2.577 1.734 0.542 -3.554 -3.117 -1.317 -1.905 -1.168 2.114
193 R -1.159 4.281 -0.363 -1.112 -2.115 0.666 -0.091 -1.708 -0.067 -2.357 -2.132 3.511 -1.224 -2.634 -2.151 -1.132 -1.262 -2.387 -1.78 -2.079
194 F -2.334 -2.896 -2.86 -3.314 -1.374 -3.864 -3.482 -2.875 -0.828 0.277 0.565 -3.304 0.201 6.515 -4.448 -3.031 -2.371 0.852 2.931 -0.507
195 S 1.068 -0.741 0.497 -0.249 0.072 -0.57 -0.555 -0.106 -0.46 -1.911 -2.328 -0.285 -1.187 -1.943 -1.475 3.262 1.011 -2.549 -1.756 -1.292
196 D -1.777 -1.588 1.199 5.833 -2.372 -0.872 1.05 -1.124 -0.536 -2.725 -3.491 -0.829 -2.698 -2.92 -2.289 -0.952 -1.413 -3.531 -3.043 -2.864
197 A 3.918 -1.484 -1.662 -1.687 0.68 -1.32 -1.298 0.374 -1.211 -0.83 -1.321 -0.849 -0.874 -1.848 -1.475 0.455 -0.422 -2.44 -1.756 0.139
198 R -1.534 5.51 -0.462 -1.564 -2.259 0.518 -0.561 -2.128 0.098 -2.612 -2.028 2.018 -1.224 -2.472 -2.704 -1.406 -1.454 -2.234 -1.772 -2.162
199 L -1.541 -2.186 -3.362 -3.62 -0.15 -2.64 -3.306 -3.383 -2.314 2.005 4.037 -2.478 2.132 0.833 -3.604 -3.158 -1.581 -1.65 -1.056 1.106
200 D -1.777 -1.588 1.199 5.833 -2.372 -0.872 1.05 -1.124 -0.536 -2.725 -3.491 -0.829 -2.698 -2.92 -2.289 -0.952 -1.413 -3.531 -3.043 -2.864
201 A 3.918 -1.484 -1.662 -1.687 0.68 -1.32 -1.298 0.374 -1.211 -0.83 -1.321 -0.849 -0.874 -1.848 -1.475 0.455 -0.422 -2.44 -1.756 0.139
202 L -1.458 -2.607 -3.312 -3.392 -0.15 -2.911 -3.49 -3.43 -2.505 3.529 3.092 -2.577 1.734 0.542 -3.554 -3.117 -1.317 -1.905 -1.168 2.114
203 T -0.112 -1.093 -0.139 -1.014 0.122 -1.103 -1.378 -1.329 -1.413 -0.224 -1.057 -0.791 -0.532 -1.58 -1.687 0.705 4.245 -2.185 -1.706 0.229
204 L -1.458 -2.607 -3.312 -3.392 -0.15 -2.911 -3.49 -3.43 -2.505 3.529 3.092 -2.577 1.734 0.542 -3.554 -3.117 -1.317 -1.905 -1.168 2.114
205 L -1.91 -2.52 -3.1 -3.463 -0.698 -3.188 -3.393 -3.117 -1.476 1.268 2.795 -2.862 1.326 4.892 -3.996 -3.094 -1.949 -0.136 1.577 0.411
206 L -1.458 -2.607 -3.312 -3.392 -0.15 -2.911 -3.49 -3.43 -2.505 3.529 3.092 -2.577 1.734 0.542 -3.554 -3.117 -1.317 -1.905 -1.168 2.114
207 A 2.556 -1.282 -0.801 -1.331 0.414 -1.209 -1.338 -0.354 -1.31 -0.511 -1.186 -0.82 -0.698 -1.711 -1.579 0.582 2.767 -2.31 -1.731 0.184
208 A 2.345 -2.18 -2.353 -2.338 0.295 -2.113 -2.252 -0.952 -1.865 2.941 0.551 -1.621 0.394 -0.634 -2.315 -0.801 -0.73 -2.31 -1.511 1.809
209 V -0.749 -2.777 -3.091 -3.173 0.105 -2.882 -3.263 -3.205 -2.811 3.871 1.334 -2.53 1.06 -0.074 -3.333 -2.653 -0.746 -2.284 -1.285 3.561
210 L -1.458 -2.607 -3.312 -3.392 -0.15 -2.911 -3.49 -3.43 -2.505 3.529 3.092 -2.577 1.734 0.542 -3.554 -3.117 -1.317 -1.905 -1.168 2.114
211 F -2.334 -2.896 -2.86 -3.314 -1.374 -3.864 -3.482 -2.875 -0.828 0.277 0.565 -3.304 0.201 6.515 -4.448 -3.031 -2.371 0.852 2.931 -0.507
212 L -0.814 -2.332 -3.138 -3.383 0.105 -2.614 -3.092 -3.161 -2.599 2.562 2.887 -2.433 1.555 0.282 -3.38 -2.688 -0.961 -1.995 -1.168 2.993
213 V -0.626 -1.882 -2.631 -2.984 0.097 -1.718 -2.611 -2.763 -1.78 2.404 1.601 -1.882 4.115 0.067 -3.207 -2.147 -0.733 -1.796 -1.05 2.964
214 V -0.749 -2.777 -3.091 -3.173 0.105 -2.882 -3.263 -3.205 -2.811 3.871 1.334 -2.53 1.06 -0.074 -3.333 -2.653 -0.746 -2.284 -1.285 3.561
215 R -1.534 5.51 -0.462 -1.564 -2.259 0.518 -0.561 -2.128 0.098 -2.612 -2.028 2.018 -1.224 -2.472 -2.704 -1.406 -1.454 -2.234 -1.772 -2.162
216 F -2.062 -2.283 -2.47 -3.164 -1.557 -2.64 -2.869 -2.903 0.996 -0.213 -0.079 -2.501 -0.207 5.346 -3.837 -2.719 -2.227 1.671 5.356 -0.734
217 L -1.541 -2.186 -3.362 -3.62 -0.15 -2.64 -3.306 -3.383 -2.314 2.005 4.037 -2.478 2.132 0.833 -3.604 -3.158 -1.581 -1.65 -1.056 1.106
218 P -0.859 -0.125 -0.869 -0.898 -1.675 3.142 0.262 -1.66 -0.181 -2.279 -2.346 0.3 -1.233 -3.141 4.796 -1.082 -1.156 -3.131 -1.882 -1.968
219 K 0.274 1.011 0.14 -0.476 -0.774 0.2 -0.088 -0.659 -0.349 -2.015 -2.284 2.995 -1.205 -2.342 -1.579 1.878 0.15 -2.549 -1.772 -1.624
220 G -0.695 -1.947 0.494 4.065 -1.799 -1.458 -0.237 4.059 -0.968 -2.96 -3.476 -1.211 -2.682 -2.796 -2.524 -0.977 -1.655 -2.934 -3.095 -2.864
221 R -1.454 3.653 -1.535 -2.26 -1.016 -0.782 -1.72 -2.725 -0.977 2.755 0.382 0.536 0.285 -0.824 -3.077 -2.122 -1.258 -2.209 -1.518 1.327
222 L -1.91 -2.52 -3.1 -3.463 -0.698 -3.188 -3.393 -3.117 -1.476 1.268 2.795 -2.862 1.326 4.892 -3.996 -3.094 -1.949 -0.136 1.577 0.411
223 H -1.707 -0.358 0.459 -0.961 -2.334 -0.165 -0.501 -1.697 7.998 -2.662 -2.595 -0.766 -1.261 -0.853 -2.749 -1.579 -2.227 -1.454 1.667 -3.036
224 P -0.831 0.716 -0.982 -1.112 -1.705 -0.249 -0.495 -1.586 -0.845 -2.219 -2.484 2.883 -1.754 -3.058 4.818 -1.152 -1.212 -3.379 -2.181 -2.079
225 L -1.458 -2.607 -3.312 -3.392 -0.15 -2.911 -3.49 -3.43 -2.505 3.529 3.092 -2.577 1.734 0.542 -3.554 -3.117 -1.317 -1.905 -1.168 2.114
226 L 2.323 -1.814 -2.389 -2.495 0.295 -1.905 -2.131 -0.932 -1.71 0.922 2.456 -1.55 1.004 -0.207 -2.348 -0.82 -0.944 -2.018 -1.385 0.663
227 K 0.274 1.011 0.14 -0.476 -0.774 0.2 -0.088 -0.659 -0.349 -2.015 -2.284 2.995 -1.205 -2.342 -1.579 1.878 0.15 -2.549 -1.772 -1.624
228 L -0.814 -2.332 -3.138 -3.383 0.105 -2.614 -3.092 -3.161 -2.599 2.562 2.887 -2.433 1.555 0.282 -3.38 -2.688 -0.961 -1.995 -1.168 2.993
229 A 2.831 -1.089 -0.385 -0.879 0.392 -0.921 -0.903 0.144 -0.811 -1.32 -1.781 -0.553 -1.026 -1.895 -1.475 2.187 0.383 -2.494 -1.756 -0.489
230 A 2.556 -1.282 -0.801 -1.331 0.414 -1.209 -1.338 -0.354 -1.31 -0.511 -1.186 -0.82 -0.698 -1.711 -1.579 0.582 2.767 -2.31 -1.731 0.184
231 L -1.541 -2.186 -3.362 -3.62 -0.15 -2.64 -3.306 -3.383 -2.314 2.005 4.037 -2.478 2.132 0.833 -3.604 -3.158 -1.581 -1.65 -1.056 1.106
232 T 0.538 -0.911 0.197 -0.606 0.097 -0.824 -0.937 -0.653 -0.897 -0.946 -1.623 -0.527 -0.841 -1.756 -1.579 2.258 3.059 -2.361 -1.731 -0.432
233 T -0.112 -1.093 -0.139 -1.014 0.122 -1.103 -1.378 -1.329 -1.413 -0.224 -1.057 -0.791 -0.532 -1.58 -1.687 0.705 4.245 -2.185 -1.706 0.229
234 P -0.519 -2.24 -2.389 -2.254 -0.421 -2.242 -2.188 -2.351 -2.188 1.45 -0.347 -1.651 -0.354 -1.508 4.757 -1.838 -0.865 -3.27 -1.882 2.434
235 L -1.91 -2.52 -3.1 -3.463 -0.698 -3.188 -3.393 -3.117 -1.476 1.268 2.795 -2.862 1.326 4.892 -3.996 -3.094 -1.949 -0.136 1.577 0.411
236 L 2.323 -1.814 -2.389 -2.495 0.295 -1.905 -2.131 -0.932 -1.71 0.922 2.456 -1.55 1.004 -0.207 -2.348 -0.82 -0.944 -2.018 -1.385 0.663
237 C 2.492 -2.265 -2.24 -2.425 7.804 -2.195 -2.322 -0.624 -1.952 -0.781 -1.188 -1.764 -0.974 -1.936 -2.213 -0.416 -0.835 -2.81 -2.229 -0.122
238 L -1.673 -1.975 -2.678 -3.306 -0.841 -2.18 -2.796 -3.148 0.67 0.93 2.515 -2.16 1.056 2.356 -3.466 -2.775 -1.824 0.961 4.848 0.248
239 L 2.323 -1.814 -2.389 -2.495 0.295 -1.905 -2.131 -0.932 -1.71 0.922 2.456 -1.55 1.004 -0.207 -2.348 -0.82 -0.944 -2.018 -1.385 0.663
240 S 1.068 -0.741 0.497 -0.249 0.072 -0.57 -0.555 -0.106 -0.46 -1.911 -2.328 -0.285 -1.187 -1.943 -1.475 3.262 1.011 -2.549 -1.756 -1.292
241 Y -1.812 -1.777 -2.126 -3.022 -1.752 -1.784 -2.363 -2.932 2.105 -0.804 -0.91 -1.873 -0.682 3.348 -3.333 -2.437 -2.089 2.309 6.655 -0.979
242 F -2.062 -2.283 -2.47 -3.164 -1.557 -2.64 -2.869 -2.903 0.996 -0.213 -0.079 -2.501 -0.207 5.346 -3.837 -2.719 -2.227 1.671 5.356 -0.734
243 L -1.541 -2.186 -3.362 -3.62 -0.15 -2.64 -3.306 -3.383 -2.314 2.005 4.037 -2.478 2.132 0.833 -3.604 -3.158 -1.581 -1.65 -1.056 1.106
244 T -0.112 -1.093 -0.139 -1.014 0.122 -1.103 -1.378 -1.329 -1.413 -0.224 -1.057 -0.791 -0.532 -1.58 -1.687 0.705 4.245 -2.185 -1.706 0.229
245 A 2.532 -1.942 -2.227 -2.332 0.515 -1.885 -1.987 -0.835 -1.939 1.702 0.029 -1.517 0.103 -1.033 -2.2 -0.601 -0.437 -2.414 -1.511 2.772
246 F -2.004 -1.356 -0.747 -1.904 -1.814 -1.458 -1.622 -2.226 6.13 -0.834 -0.603 -1.764 -0.438 4.731 -3.475 -2.215 -2.298 -0.077 2.368 -1.503
247 F -2.062 -2.283 -2.47 -3.164 -1.557 -2.64 -2.869 -2.903 0.996 -0.213 -0.079 -2.501 -0.207 5.346 -3.837 -2.719 -2.227 1.671 5.356 -0.734
248 N 0.015 -0.573 4.091 0.617 -0.73 -0.548 -0.639 -0.13 0.342 -2.284 -2.711 -0.29 -1.633 -2.151 -1.978 2.041 0.372 -2.75 -1.908 -1.857
249 P 2.426 -1.736 -1.795 -1.625 -0.195 -1.61 -1.456 -0.53 -1.402 -1.479 -1.948 -0.954 -1.538 -2.497 4.83 -0.344 -0.848 -3.306 -2.162 -0.788
250 R -1.159 4.281 -0.363 -1.112 -2.115 0.666 -0.091 -1.708 -0.067 -2.357 -2.132 3.511 -1.224 -2.634 -2.151 -1.132 -1.262 -2.387 -1.78 -2.079
251 I -1.119 -0.37 -1.263 -1.436 -0.898 3.052 -0.15 -2.309 -0.475 2.785 0.39 -0.114 0.554 -0.954 -2.749 -1.688 -1.024 -2.185 -1.285 1.386
252 G 0.09 -2.358 -0.44 -1.323 -1.32 -2.195 -2.622 5.809 -1.476 -3.215 -3.461 -1.651 -2.667 -2.678 -2.779 -1.002 -1.919 -2.44 -3.148 -2.864
253 L -1.91 -2.52 -3.1 -3.463 -0.698 -3.188 -3.393 -3.117 -1.476 1.268 2.795 -2.862 1.326 4.892 -3.996 -3.094 -1.949 -0.136 1.577 0.411
254 L -1.673 -1.975 -2.678 -3.306 -0.841 -2.18 -2.796 -3.148 0.67 0.93 2.515 -2.16 1.056 2.356 -3.466 -2.775 -1.824 0.961 4.848 0.248
255 D 2.293 -1.535 0.109 4.038 -0.46 -1.087 0.108 -0.279 -0.854 -1.625 -2.207 -0.839 -1.644 -2.334 -1.854 -0.164 -0.875 -2.934 -2.328 -0.989
256 R 2.324 3.755 -1.0 -1.625 -0.431 -0.257 -0.906 -0.614 -0.483 -1.586 -1.653 0.927 -1.043 -2.143 -2.025 -0.328 -0.892 -2.335 -1.764 -0.788
257 I -1.377 -3.101 -3.263 -3.181 -0.15 -3.209 -3.687 -3.479 -2.711 4.521 1.677 -2.679 1.271 0.218 -3.505 -3.076 -1.075 -2.185 -1.285 2.86
258 N -1.66 -0.415 5.643 1.281 -1.846 -0.527 -0.725 -0.155 0.968 -2.712 -3.152 -0.296 -2.161 -2.374 -2.588 -0.118 -0.451 -2.966 -2.069 -2.56
259 G -0.332 0.653 -0.353 -1.007 -1.63 -0.32 -0.796 4.042 -0.794 -2.618 -2.786 2.815 -1.856 -2.741 -2.182 -0.941 -1.47 -2.494 -2.389 -2.399
260 L 0.049 -1.374 -0.83 -1.468 -0.037 -1.423 -1.614 -1.302 -1.24 0.666 2.339 -1.178 0.926 -0.233 -2.348 1.558 -0.003 -2.065 -1.385 0.149
261 L -0.739 -1.588 -1.322 -2.033 -0.011 -1.77 -2.184 -2.177 -1.828 1.101 2.493 -1.513 1.097 -0.129 -2.489 -0.623 2.605 -1.905 -1.363 0.701
262 S 1.068 -0.741 0.497 -0.249 0.072 -0.57 -0.555 -0.106 -0.46 -1.911 -2.328 -0.285 -1.187 -1.943 -1.475 3.262 1.011 -2.549 -1.756 -1.292
263 G 0.09 -2.358 -0.44 -1.323 -1.32 -2.195 -2.622 5.809 -1.476 -3.215 -3.461 -1.651 -2.667 -2.678 -2.779 -1.002 -1.919 -2.44 -3.148 -2.864
264 R -1.534 5.51 -0.462 -1.564 -2.259 0.518 -0.561 -2.128 0.098 -2.612 -2.028 2.018 -1.224 -2.472 -2.704 -1.406 -1.454 -2.234 -1.772 -2.162
265 L -1.541 -2.186 -3.362 -3.62 -0.15 -2.64 -3.306 -3.383 -2.314 2.005 4.037 -2.478 2.132 0.833 -3.604 -3.158 -1.581 -1.65 -1.056 1.106
266 H 0.002 -0.543 0.478 -0.583 -0.887 -0.36 -0.528 -0.793 6.148 -2.262 -2.459 -0.515 -1.224 -1.347 -2.042 1.756 -0.176 -1.95 0.436 -2.034
267 L -1.541 -2.186 -3.362 -3.62 -0.15 -2.64 -3.306 -3.383 -2.314 2.005 4.037 -2.478 2.132 0.833 -3.604 -3.158 -1.581 -1.65 -1.056 1.106
268 G 0.09 -2.358 -0.44 -1.323 -1.32 -2.195 -2.622 5.809 -1.476 -3.215 -3.461 -1.651 -2.667 -2.678 -2.779 -1.002 -1.919 -2.44 -3.148 -2.864
269 R -1.159 4.281 -0.363 -1.112 -2.115 0.666 -0.091 -1.708 -0.067 -2.357 -2.132 3.511 -1.224 -2.634 -2.151 -1.132 -1.262 -2.387 -1.78 -2.079
270 R 0.051 3.823 0.057 -0.832 -0.864 0.025 -0.558 -0.944 -0.167 -2.24 -2.174 1.091 -1.205 -2.196 -2.025 1.784 0.034 -2.387 -1.764 -1.694
271 A 3.918 -1.484 -1.662 -1.687 0.68 -1.32 -1.298 0.374 -1.211 -0.83 -1.321 -0.849 -0.874 -1.848 -1.475 0.455 -0.422 -2.44 -1.756 0.139
272 L -1.541 -2.186 -3.362 -3.62 -0.15 -2.64 -3.306 -3.383 -2.314 2.005 4.037 -2.478 2.132 0.833 -3.604 -3.158 -1.581 -1.65 -1.056 1.106
273 D -1.718 -0.942 4.203 4.375 -2.097 -0.694 0.297 -0.599 0.313 -2.719 -3.316 -0.55 -2.417 -2.634 -2.435 -0.505 -0.892 -3.235 -2.515 -2.708
274 L -1.161 0.684 -1.419 -1.822 -0.922 -0.43 -0.963 -2.186 -1.096 0.624 2.348 2.737 0.917 -0.447 -2.489 -1.801 -1.321 -2.065 -1.399 -0.048
275 Y -1.812 -1.777 -2.126 -3.022 -1.752 -1.784 -2.363 -2.932 2.105 -0.804 -0.91 -1.873 -0.682 3.348 -3.333 -2.437 -2.089 2.309 6.655 -0.979
276 G 0.09 -2.358 -0.44 -1.323 -1.32 -2.195 -2.622 5.809 -1.476 -3.215 -3.461 -1.651 -2.667 -2.678 -2.779 -1.002 -1.919 -2.44 -3.148 -2.864
277 L -1.458 -2.607 -3.312 -3.392 -0.15 -2.911 -3.49 -3.43 -2.505 3.529 3.092 -2.577 1.734 0.542 -3.554 -3.117 -1.317 -1.905 -1.168 2.114
278 R -1.159 4.281 -0.363 -1.112 -2.115 0.666 -0.091 -1.708 -0.067 -2.357 -2.132 3.511 -1.224 -2.634 -2.151 -1.132 -1.262 -2.387 -1.78 -2.079
279 P -0.836 -2.014 -1.934 -1.564 -1.457 -1.933 -1.622 -1.852 -1.608 -2.318 -2.75 -1.064 -2.403 -3.336 6.663 -1.452 -1.348 -4.549 -2.636 -2.162
280 F -2.334 -2.896 -2.86 -3.314 -1.374 -3.864 -3.482 -2.875 -0.828 0.277 0.565 -3.304 0.201 6.515 -4.448 -3.031 -2.371 0.852 2.931 -0.507
281 G 0.09 -2.358 -0.44 -1.323 -1.32 -2.195 -2.622 5.809 -1.476 -3.215 -3.461 -1.651 -2.667 -2.678 -2.779 -1.002 -1.919 -2.44 -3.148 -2.864
282 Q -0.883 1.007 -0.093 -0.357 -1.911 4.883 1.392 -1.479 0.769 -2.24 -1.991 1.222 -0.403 -2.959 -2.151 -0.755 -0.975 -2.185 -1.285 -1.787
283 V -0.234 -2.486 -2.929 -3.164 0.34 -2.587 -2.894 -2.955 -2.915 3.03 0.945 -2.388 0.832 -0.398 -3.171 -2.284 -0.451 -2.387 -1.285 4.125
284 I -1.377 -3.101 -3.263 -3.181 -0.15 -3.209 -3.687 -3.479 -2.711 4.521 1.677 -2.679 1.271 0.218 -3.505 -3.076 -1.075 -2.185 -1.285 2.86
285 E -0.872 1.193 -0.303 0.61 -2.186 1.089 3.103 -1.63 0.092 -2.426 -2.462 3.172 -1.476 -2.705 -1.783 -0.836 -1.189 -2.467 -1.848 -2.066
286 F -2.334 -2.896 -2.86 -3.314 -1.374 -3.864 -3.482 -2.875 -0.828 0.277 0.565 -3.304 0.201 6.515 -4.448 -3.031 -2.371 0.852 2.931 -0.507
287 V -0.749 -2.777 -3.091 -3.173 0.105 -2.882 -3.263 -3.205 -2.811 3.871 1.334 -2.53 1.06 -0.074 -3.333 -2.653 -0.746 -2.284 -1.285 3.561
288 G 0.09 -2.358 -0.44 -1.323 -1.32 -2.195 -2.622 5.809 -1.476 -3.215 -3.461 -1.651 -2.667 -2.678 -2.779 -1.002 -1.919 -2.44 -3.148 -2.864
289 N -1.66 -0.415 5.643 1.281 -1.846 -0.527 -0.725 -0.155 0.968 -2.712 -3.152 -0.296 -2.161 -2.374 -2.588 -0.118 -0.451 -2.966 -2.069 -2.56
290 G 0.09 -2.358 -0.44 -1.323 -1.32 -2.195 -2.622 5.809 -1.476 -3.215 -3.461 -1.651 -2.667 -2.678 -2.779 -1.002 -1.919 -2.44 -3.148 -2.864
291 G 0.09 -2.358 -0.44 -1.323 -1.32 -2.195 -2.622 5.809 -1.476 -3.215 -3.461 -1.651 -2.667 -2.678 -2.779 -1.002 -1.919 -2.44 -3.148 -2.864
292 T 0.538 -0.911 0.197 -0.606 0.097 -0.824 -0.937 -0.653 -0.897 -0.946 -1.623 -0.527 -0.841 -1.756 -1.579 2.258 3.059 -2.361 -1.731 -0.432
293 T -0.112 -1.093 -0.139 -1.014 0.122 -1.103 -1.378 -1.329 -1.413 -0.224 -1.057 -0.791 -0.532 -1.58 -1.687 0.705 4.245 -2.185 -1.706 0.229
294 E -0.872 1.193 -0.303 0.61 -2.186 1.089 3.103 -1.63 0.092 -2.426 -2.462 3.172 -1.476 -2.705 -1.783 -0.836 -1.189 -2.467 -1.848 -2.066
295 P -0.452 -1.516 -0.899 -1.276 -0.561 -1.488 -1.497 -1.579 -1.509 -1.085 -1.781 -0.924 -1.318 -2.327 4.818 -0.176 2.633 -3.131 -2.134 -0.725
296 V -0.234 -2.486 -2.929 -3.164 0.34 -2.587 -2.894 -2.955 -2.915 3.03 0.945 -2.388 0.832 -0.398 -3.171 -2.284 -0.451 -2.387 -1.285 4.125
297 S 1.082 -0.727 0.511 -0.234 0.087 -0.555 -0.541 -0.092 -0.446 -1.897 -2.314 -0.271 -1.172 -1.929 -1.461 3.212 1.025 -2.535 -1.741 -1.278
298 E -0.905 -0.107 -0.324 1.532 -2.397 1.361 4.46 -1.935 0.407 -2.75 -2.688 0.691 -1.739 -2.593 -1.867 -0.777 -1.286 -2.373 -1.893 -2.12
299 S 1.068 -0.741 0.497 -0.249 0.072 -0.57 -0.555 -0.106 -0.46 -1.911 -2.328 -0.285 -1.187 -1.943 -1.475 3.262 1.011 -2.549 -1.756 -1.292
300 N -1.66 -0.415 5.643 1.281 -1.846 -0.527 -0.725 -0.155 0.968 -2.712 -3.152 -0.296 -2.161 -2.374 -2.588 -0.118 -0.451 -2.966 -2.069 -2.56
301 Y -1.812 -1.777 -2.126 -3.022 -1.752 -1.784 -2.363 -2.932 2.105 -0.804 -0.91 -1.873 -0.682 3.348 -3.333 -2.437 -2.089 2.309 6.655 -0.979
302 N -1.66 -0.415 5.643 1.281 -1.846 -0.527 -0.725 -0.155 0.968 -2.712 -3.152 -0.296 -2.161 -2.374 -2.588 -0.118 -0.451 -2.966 -2.069 -2.56
303 F -2.334 -2.896 -2.86 -3.314 -1.374 -3.864 -3.482 -2.875 -0.828 0.277 0.565 -3.304 0.201 6.515 -4.448 -3.031 -2.371 0.852 2.931 -0.507
304 V -0.234 -2.486 -2.929 -3.164 0.34 -2.587 -2.894 -2.955 -2.915 3.03 0.945 -2.388 0.832 -0.398 -3.171 -2.284 -0.451 -2.387 -1.285 4.125
305 D -1.777 -1.588 1.199 5.833 -2.372 -0.872 1.05 -1.124 -0.536 -2.725 -3.491 -0.829 -2.698 -2.92 -2.289 -0.952 -1.413 -3.531 -3.043 -2.864
306 S 1.068 -0.741 0.497 -0.249 0.072 -0.57 -0.555 -0.106 -0.46 -1.911 -2.328 -0.285 -1.187 -1.943 -1.475 3.262 1.011 -2.549 -1.756 -1.292
307 S 1.068 -0.741 0.497 -0.249 0.072 -0.57 -0.555 -0.106 -0.46 -1.911 -2.328 -0.285 -1.187 -1.943 -1.475 3.262 1.011 -2.549 -1.756 -1.292
308 Y -1.812 -1.777 -2.126 -3.022 -1.752 -1.784 -2.363 -2.932 2.105 -0.804 -0.91 -1.873 -0.682 3.348 -3.333 -2.437 -2.089 2.309 6.655 -0.979
309 L -1.541 -2.186 -3.362 -3.62 -0.15 -2.64 -3.306 -3.383 -2.314 2.005 4.037 -2.478 2.132 0.833 -3.604 -3.158 -1.581 -1.65 -1.056 1.106
310 K -0.826 2.094 -0.268 -0.722 -1.977 0.807 0.313 -1.342 -0.243 -2.123 -2.24 4.49 -1.224 -2.806 -1.687 -0.881 -1.082 -2.549 -1.789 -1.999
311 V -0.234 -2.486 -2.929 -3.164 0.34 -2.587 -2.894 -2.955 -2.915 3.03 0.945 -2.388 0.832 -0.398 -3.171 -2.284 -0.451 -2.387 -1.285 4.125
312 A 2.388 -1.433 -1.99 -2.196 0.287 -1.182 -1.778 -0.741 -1.087 0.636 0.896 -1.135 3.901 -0.464 -2.226 -0.524 -0.717 -1.818 -1.257 0.595
313 L -1.541 -2.186 -3.362 -3.62 -0.15 -2.64 -3.306 -3.383 -2.314 2.005 4.037 -2.478 2.132 0.833 -3.604 -3.158 -1.581 -1.65 -1.056 1.106
314 L -1.541 -2.186 -3.362 -3.62 -0.15 -2.64 -3.306 -3.383 -2.314 2.005 4.037 -2.478 2.132 0.833 -3.604 -3.158 -1.581 -1.65 -1.056 1.106
315 F -2.062 -2.283 -2.47 -3.164 -1.557 -2.64 -2.869 -2.903 0.996 -0.213 -0.079 -2.501 -0.207 5.346 -3.837 -2.719 -2.227 1.671 5.356 -0.734
316 G 0.09 -2.358 -0.44 -1.323 -1.32 -2.195 -2.622 5.809 -1.476 -3.215 -3.461 -1.651 -2.667 -2.678 -2.779 -1.002 -1.919 -2.44 -3.148 -2.864
317 V 0.49 -1.484 -0.735 -1.353 0.209 -1.406 -1.494 -1.193 -1.434 1.508 -0.25 -1.149 -0.005 -1.069 -2.2 1.656 0.372 -2.467 -1.511 2.536
318 V -0.234 -2.486 -2.929 -3.164 0.34 -2.587 -2.894 -2.955 -2.915 3.03 0.945 -2.388 0.832 -0.398 -3.171 -2.284 -0.451 -2.387 -1.285 4.125
319 F -2.334 -2.896 -2.86 -3.314 -1.374 -3.864 -3.482 -2.875 -0.828 0.277 0.565 -3.304 0.201 6.515 -4.448 -3.031 -2.371 0.852 2.931 -0.507
320 I -1.377 -3.101 -3.263 -3.181 -0.15 -3.209 -3.687 -3.479 -2.711 4.521 1.677 -2.679 1.271 0.218 -3.505 -3.076 -1.075 -2.185 -1.285 2.86
321 L -1.458 -2.607 -3.312 -3.392 -0.15 -2.911 -3.49 -3.43 -2.505 3.529 3.092 -2.577 1.734 0.542 -3.554 -3.117 -1.317 -1.905 -1.168 2.114
322 L -1.91 -2.52 -3.1 -3.463 -0.698 -3.188 -3.393 -3.117 -1.476 1.268 2.795 -2.862 1.326 4.892 -3.996 -3.094 -1.949 -0.136 1.577 0.411
323 F -2.334 -2.896 -2.86 -3.314 -1.374 -3.864 -3.482 -2.875 -0.828 0.277 0.565 -3.304 0.201 6.515 -4.448 -3.031 -2.371 0.852 2.931 -0.507
324 V -0.234 -2.486 -2.929 -3.164 0.34 -2.587 -2.894 -2.955 -2.915 3.03 0.945 -2.388 0.832 -0.398 -3.171 -2.284 -0.451 -2.387 -1.285 4.125
325 L 2.323 -1.814 -2.389 -2.495 0.295 -1.905 -2.131 -0.932 -1.71 0.922 2.456 -1.55 1.004 -0.207 -2.348 -0.82 -0.944 -2.018 -1.385 0.663
326 L -1.541 -2.186 -3.362 -3.62 -0.15 -2.64 -3.306 -3.383 -2.314 2.005 4.037 -2.478 2.132 0.833 -3.604 -3.158 -1.581 -1.65 -1.056 1.106
327 T -0.556 -1.234 -1.041 -1.776 -0.02 -1.077 -1.824 -1.888 -1.182 0.832 0.96 -1.103 3.935 -0.378 -2.361 -0.346 2.673 -1.712 -1.236 0.634
328 T -0.112 -1.093 -0.139 -1.014 0.122 -1.103 -1.378 -1.329 -1.413 -0.224 -1.057 -0.791 -0.532 -1.58 -1.687 0.705 4.245 -2.185 -1.706 0.229
329 F -1.097 -2.684 -2.895 -3.238 -0.392 -3.156 -3.173 -2.915 -1.687 1.97 0.761 -2.81 0.534 4.766 -3.74 -2.633 -1.254 -0.335 1.533 2.653
330 R -1.19 4.06 -0.272 -0.898 -2.08 3.457 0.578 -1.785 0.453 -2.42 -2.009 1.648 -0.784 -2.705 -2.414 -1.062 -1.204 -2.209 -1.518 -1.968
331 A 2.831 -1.089 -0.385 -0.879 0.392 -0.921 -0.903 0.144 -0.811 -1.32 -1.781 -0.553 -1.026 -1.895 -1.475 2.187 0.383 -2.494 -1.756 -0.489
332 I -1.377 -3.101 -3.263 -3.181 -0.15 -3.209 -3.687 -3.479 -2.711 4.521 1.677 -2.679 1.271 0.218 -3.505 -3.076 -1.075 -2.185 -1.285 2.86
333 N -1.245 0.383 4.013 0.577 -1.878 3.294 0.523 -0.741 0.871 -2.467 -2.513 0.562 -1.15 -2.652 -2.361 -0.419 -0.701 -2.549 -1.65 -2.148
334 R 0.051 3.823 0.057 -0.832 -0.864 0.025 -0.558 -0.944 -0.167 -2.24 -2.174 1.091 -1.205 -2.196 -2.025 1.784 0.034 -2.387 -1.764 -1.694
335 F -1.097 -2.684 -2.895 -3.238 -0.392 -3.156 -3.173 -2.915 -1.687 1.97 0.761 -2.81 0.534 4.766 -3.74 -2.633 -1.254 -0.335 1.533 2.653
336 R -0.737 3.789 -0.296 -1.276 -0.83 -0.18 -0.94 -1.701 -0.559 -1.178 -1.502 0.943 -0.857 -1.992 -2.151 -0.162 2.62 -2.209 -1.739 -0.725
337 R 0.051 3.823 0.057 -0.832 -0.864 0.025 -0.558 -0.944 -0.167 -2.24 -2.174 1.091 -1.205 -2.196 -2.025 1.784 0.034 -2.387 -1.764 -1.694
338 N -1.213 1.104 3.993 0.45 -1.911 0.216 -0.16 -0.688 0.426 -2.403 -2.66 2.993 -1.655 -2.582 -2.102 -0.474 -0.749 -2.75 -1.925 -2.266
339 D -1.777 -1.588 1.199 5.833 -2.372 -0.872 1.05 -1.124 -0.536 -2.725 -3.491 -0.829 -2.698 -2.92 -2.289 -0.952 -1.413 -3.531 -3.043 -2.864
340 Y -1.812 -1.777 -2.126 -3.022 -1.752 -1.784 -2.363 -2.932 2.105 -0.804 -0.91 -1.873 -0.682 3.348 -3.333 -2.437 -2.089 2.309 6.655 -0.979
341 Y -1.812 -1.777 -2.126 -3.022 -1.752 -1.784 -2.363 -2.932 2.105 -0.804 -0.91 -1.873 -0.682 3.348 -3.333 -2.437 -2.089 2.309 6.655 -0.979
342 T -0.112 -1.093 -0.139 -1.014 0.122 -1.103 -1.378 -1.329 -1.413 -0.224 -1.057 -0.791 -0.532 -1.58 -1.687 0.705 4.245 -2.185 -1.706 0.229
343 L -1.541 -2.186 -3.362 -3.62 -0.15 -2.64 -3.306 -3.383 -2.314 2.005 4.037 -2.478 2.132 0.833 -3.604 -3.158 -1.581 -1.65 -1.056 1.106
344 A 3.918 -1.484 -1.662 -1.687 0.68 -1.32 -1.298 0.374 -1.211 -0.83 -1.321 -0.849 -0.874 -1.848 -1.475 0.455 -0.422 -2.44 -1.756 0.139
345 V -0.234 -2.486 -2.929 -3.164 0.34 -2.587 -2.894 -2.955 -2.915 3.03 0.945 -2.388 0.832 -0.398 -3.171 -2.284 -0.451 -2.387 -1.285 4.125
346 L -1.541 -2.186 -3.362 -3.62 -0.15 -2.64 -3.306 -3.383 -2.314 2.005 4.037 -2.478 2.132 0.833 -3.604 -3.158 -1.581 -1.65 -1.056 1.106
347 V -0.749 -2.777 -3.091 -3.173 0.105 -2.882 -3.263 -3.205 -2.811 3.871 1.334 -2.53 1.06 -0.074 -3.333 -2.653 -0.746 -2.284 -1.285 3.561
348 A 2.388 -1.433 -1.99 -2.196 0.287 -1.182 -1.778 -0.741 -1.087 0.636 0.896 -1.135 3.901 -0.464 -2.226 -0.524 -0.717 -1.818 -1.257 0.595
349 V -0.749 -2.777 -3.091 -3.173 0.105 -2.882 -3.263 -3.205 -2.811 3.871 1.334 -2.53 1.06 -0.074 -3.333 -2.653 -0.746 -2.284 -1.285 3.561
350 A 2.831 -1.089 -0.385 -0.879 0.392 -0.921 -0.903 0.144 -0.811 -1.32 -1.781 -0.553 -1.026 -1.895 -1.475 2.187 0.383 -2.494 -1.756 -0.489
351 L -1.458 -2.607 -3.312 -3.392 -0.15 -2.911 -3.49 -3.43 -2.505 3.529 3.092 -2.577 1.734 0.542 -3.554 -3.117 -1.317 -1.905 -1.168 2.114
352 N -1.66 -0.415 5.643 1.281 -1.846 -0.527 -0.725 -0.155 0.968 -2.712 -3.152 -0.296 -2.161 -2.374 -2.588 -0.118 -0.451 -2.966 -2.069 -2.56
353 S 1.068 -0.741 0.497 -0.249 0.072 -0.57 -0.555 -0.106 -0.46 -1.911 -2.328 -0.285 -1.187 -1.943 -1.475 3.262 1.011 -2.549 -1.756 -1.292
354 I -1.225 -2.116 -2.776 -2.991 -0.159 -1.933 -2.944 -2.996 -1.71 3.416 1.915 -2.001 4.19 0.346 -3.37 -2.498 -1.06 -1.712 -1.05 2.074
355 V -0.234 -2.486 -2.929 -3.164 0.34 -2.587 -2.894 -2.955 -2.915 3.03 0.945 -2.388 0.832 -0.398 -3.171 -2.284 -0.451 -2.387 -1.285 4.125
356 A 3.918 -1.484 -1.662 -1.687 0.68 -1.32 -1.298 0.374 -1.211 -0.83 -1.321 -0.849 -0.874 -1.848 -1.475 0.455 -0.422 -2.44 -1.756 0.139
357 H -1.707 -0.358 0.459 -0.961 -2.334 -0.165 -0.501 -1.697 7.998 -2.662 -2.595 -0.766 -1.261 -0.853 -2.749 -1.579 -2.227 -1.454 1.667 -3.036
358 H -1.707 -0.358 0.459 -0.961 -2.334 -0.165 -0.501 -1.697 7.998 -2.662 -2.595 -0.766 -1.261 -0.853 -2.749 -1.579 -2.227 -1.454 1.667 -3.036
359 L -1.541 -2.186 -3.362 -3.62 -0.15 -2.64 -3.306 -3.383 -2.314 2.005 4.037 -2.478 2.132 0.833 -3.604 -3.158 -1.581 -1.65 -1.056 1.106
360 I -1.377 -3.101 -3.263 -3.181 -0.15 -3.209 -3.687 -3.479 -2.711 4.521 1.677 -2.679 1.271 0.218 -3.505 -3.076 -1.075 -2.185 -1.285 2.86
361 E -0.919 -0.122 -0.338 1.518 -2.411 1.346 4.494 -1.95 0.392 -2.764 -2.703 0.677 -1.754 -2.608 -1.882 -0.791 -1.301 -2.387 -1.908 -2.134
362 P -0.836 -2.014 -1.934 -1.564 -1.457 -1.933 -1.622 -1.852 -1.608 -2.318 -2.75 -1.064 -2.403 -3.336 6.663 -1.452 -1.348 -4.549 -2.636 -2.162
363 Y -1.31 -0.061 -0.934 -1.392 -1.83 3.156 0.087 -2.115 1.514 -1.433 -1.4 0.071 -0.539 1.656 -2.682 -1.475 -1.479 0.86 4.833 -1.355
364 Y -1.812 -1.777 -2.126 -3.022 -1.752 -1.784 -2.363 -2.932 2.105 -0.804 -0.91 -1.873 -0.682 3.348 -3.333 -2.437 -2.089 2.309 6.655 -0.979
365 N -1.66 -0.415 5.643 1.281 -1.846 -0.527 -0.725 -0.155 0.968 -2.712 -3.152 -0.296 -2.161 -2.374 -2.588 -0.118 -0.451 -2.966 -2.069 -2.56
366 V -0.749 -2.777 -3.091 -3.173 0.105 -2.882 -3.263 -3.205 -2.811 3.871 1.334 -2.53 1.06 -0.074 -3.333 -2.653 -0.746 -2.284 -1.285 3.561
367 F -2.334 -2.896 -2.86 -3.314 -1.374 -3.864 -3.482 -2.875 -0.828 0.277 0.565 -3.304 0.201 6.515 -4.448 -3.031 -2.371 0.852 2.931 -0.507
368 V 0.49 -1.484 -0.735 -1.353 0.209 -1.406 -1.494 -1.193 -1.434 1.508 -0.25 -1.149 -0.005 -1.069 -2.2 1.656 0.372 -2.467 -1.511 2.536
369 I -1.377 -3.101 -3.263 -3.181 -0.15 -3.209 -3.687 -3.479 -2.711 4.521 1.677 -2.679 1.271 0.218 -3.505 -3.076 -1.075 -2.185 -1.285 2.86
370 L -1.541 -2.186 -3.362 -3.62 -0.15 -2.64 -3.306 -3.383 -2.314 2.005 4.037 -2.478 2.132 0.833 -3.604 -3.158 -1.581 -1.65 -1.056 1.106
371 L -1.91 -2.52 -3.1 -3.463 -0.698 -3.188 -3.393 -3.117 -1.476 1.268 2.795 -2.862 1.326 4.892 -3.996 -3.094 -1.949 -0.136 1.577 0.411
372 L -1.541 -2.186 -3.362 -3.62 -0.15 -2.64 -3.306 -3.383 -2.314 2.005 4.037 -2.478 2.132 0.833 -3.604 -3.158 -1.581 -1.65 -1.056 1.106
373 A 3.918 -1.484 -1.662 -1.687 0.68 -1.32 -1.298 0.374 -1.211 -0.83 -1.321 -0.849 -0.874 -1.848 -1.475 0.455 -0.422 -2.44 -1.756 0.139
374 D -1.718 -0.942 4.203 4.375 -2.097 -0.694 0.297 -0.599 0.313 -2.719 -3.316 -0.55 -2.417 -2.634 -2.435 -0.505 -0.892 -3.235 -2.515 -2.708
375 F -2.334 -2.896 -2.86 -3.314 -1.374 -3.864 -3.482 -2.875 -0.828 0.277 0.565 -3.304 0.201 6.515 -4.448 -3.031 -2.371 0.852 2.931 -0.507
376 V -0.172 -1.706 -1.209 -1.894 0.233 -1.751 -2.037 -2.029 -2.067 1.839 0.114 -1.48 0.23 -0.929 -2.335 -0.419 2.762 -2.284 -1.488 2.79
377 H -1.266 0.405 0.197 -0.643 -2.115 3.345 0.598 -1.586 6.224 -2.443 -2.277 0.396 -0.8 -1.718 -2.435 -1.138 -1.533 -1.796 0.553 -2.344
378 D -1.408 -1.484 -0.063 3.974 -1.065 -0.96 -0.176 -1.762 -0.744 0.184 0.519 -1.124 3.769 -0.755 -2.727 -1.435 -1.223 -2.209 -1.731 -0.337
379 R -1.19 4.06 -0.272 -0.898 -2.08 3.457 0.578 -1.785 0.453 -2.42 -2.009 1.648 -0.784 -2.705 -2.414 -1.062 -1.204 -2.209 -1.518 -1.968
380 L -1.526 -2.172 -3.348 -3.606 -0.136 -2.626 -3.291 -3.368 -2.299 2.019 4.014 -2.464 2.147 0.847 -3.59 -3.144 -1.566 -1.636 -1.042 1.12
381 L -1.526 -2.172 -3.348 -3.606 -0.136 -2.626 -3.291 -3.368 -2.299 2.019 4.014 -2.464 2.147 0.847 -3.59 -3.144 -1.566 -1.636 -1.042 1.12
382 N -1.645 -0.4 5.612 1.296 -1.832 -0.512 -0.711 -0.14 0.983 -2.698 -3.137 -0.281 -2.147 -2.36 -2.573 -0.104 -0.437 -2.952 -2.054 -2.546
383 D -0.017 -1.134 0.869 4.164 -0.898 -0.717 0.358 -0.57 -0.498 -2.29 -2.852 -0.544 -1.844 -2.39 -1.854 1.864 0.046 -2.998 -2.328 -1.973
384 R -1.19 4.06 -0.272 -0.898 -2.08 3.457 0.578 -1.785 0.453 -2.42 -2.009 1.648 -0.784 -2.705 -2.414 -1.062 -1.204 -2.209 -1.518 -1.968
385 R -1.21 3.893 -0.4 0.37 -2.334 0.962 2.955 -2.037 0.249 -2.687 -2.346 1.425 -1.476 -2.539 -2.264 -1.082 -1.376 -2.31 -1.839 -2.148
386 N -1.515 -1.456 3.772 -0.161 -0.875 -1.567 -1.842 -1.362 -0.321 2.747 0.173 -1.248 0.038 -0.796 -3.01 -1.234 -0.746 -2.549 -1.65 1.271
387 P -0.831 0.716 -0.982 -1.112 -1.705 -0.249 -0.495 -1.586 -0.845 -2.219 -2.484 2.883 -1.754 -3.058 4.818 -1.152 -1.212 -3.379 -2.181 -2.079
388 S 1.068 -0.741 0.497 -0.249 0.072 -0.57 -0.555 -0.106 -0.46 -1.911 -2.328 -0.285 -1.187 -1.943 -1.475 3.262 1.011 -2.549 -1.756 -1.292
389 P -0.519 -2.24 -2.389 -2.254 -0.421 -2.242 -2.188 -2.351 -2.188 1.45 -0.347 -1.651 -0.354 -1.508 4.757 -1.838 -0.865 -3.27 -1.882 2.434
390 Y -1.586 -2.364 -2.638 -3.1 -0.841 -2.409 -2.95 -3.193 0.603 2.944 0.664 -2.248 0.457 2.188 -3.418 -2.739 -1.538 0.86 4.833 1.537
391 L -1.161 0.684 -1.419 -1.822 -0.922 -0.43 -0.963 -2.186 -1.096 0.624 2.348 2.737 0.917 -0.447 -2.489 -1.801 -1.321 -2.065 -1.399 -0.048
392 E -0.488 -0.567 -0.237 0.521 -0.875 0.374 2.848 -1.623 -0.371 -1.223 -1.764 0.035 -1.079 -2.049 -1.783 0.053 2.639 -2.284 -1.805 -0.717
393 D -0.017 -1.134 0.869 4.164 -0.898 -0.717 0.358 -0.57 -0.498 -2.29 -2.852 -0.544 -1.844 -2.39 -1.854 1.864 0.046 -2.998 -2.328 -1.973
394 E -0.556 -1.068 -1.352 0.038 -0.719 0.004 2.709 -2.409 -0.811 1.393 -0.337 -0.467 -0.181 -1.297 -2.455 -1.442 -0.845 -2.387 -1.58 2.437
395 T 0.538 -0.911 0.197 -0.606 0.097 -0.824 -0.937 -0.653 -0.897 -0.946 -1.623 -0.527 -0.841 -1.756 -1.579 2.258 3.059 -2.361 -1.731 -0.432