#Seq2Logo.py -f /work3/idamei/ssn-clusterings/clustering/2205181315/clusters/0010_233/sequences.afa -o /work3/idamei/ssn-clusterings/clustering/2205181315/clusters/0010_233/sequences.logo
Last position-specific scoring matrix computed, values are in halfbits
A R N D C Q E G H I L K M F P S T W Y V
0 L -1.066 -1.369 -2.345 -2.799 -0.154 -1.037 -2.339 -2.569 -0.954 1.618 2.149 -1.438 5.537 0.482 -3.228 -2.002 -1.031 -1.292 -0.818 1.004
1 L -0.194 -2.592 -3.069 -3.094 -0.041 -2.772 -3.216 -2.729 -2.389 3.628 2.462 -2.363 1.432 0.29 -3.237 -2.461 -1.127 -2.023 -1.243 2.239
2 Y -1.798 -1.763 -2.111 -3.008 -1.737 -1.769 -2.349 -2.918 2.119 -0.789 -0.896 -1.859 -0.668 3.363 -3.319 -2.423 -2.075 2.323 6.624 -0.965
3 K -0.812 2.108 -0.254 -0.708 -1.963 0.821 0.328 -1.328 -0.229 -2.109 -2.226 4.453 -1.209 -2.791 -1.673 -0.867 -1.068 -2.535 -1.774 -1.984
4 K -0.812 2.108 -0.254 -0.708 -1.963 0.821 0.328 -1.328 -0.229 -2.109 -2.226 4.453 -1.209 -2.791 -1.673 -0.867 -1.068 -2.535 -1.774 -1.984
5 E -0.905 -0.107 -0.324 1.532 -2.397 1.361 4.46 -1.935 0.407 -2.75 -2.688 0.691 -1.739 -2.593 -1.867 -0.777 -1.286 -2.373 -1.893 -2.12
6 L -1.818 -2.435 -3.137 -3.479 -0.565 -3.055 -3.361 -3.154 -1.611 1.446 3.072 -2.766 1.52 4.403 -3.899 -3.092 -1.857 -0.368 1.224 0.578
7 I 0.125 -2.329 -2.123 -2.427 0.064 -2.369 -2.69 -2.254 -2.231 3.519 1.013 -1.943 0.784 -0.282 -2.756 -1.345 1.064 -2.215 -1.395 2.478
8 L -1.254 -2.111 -2.549 -2.976 -0.318 -2.524 -2.894 -2.725 -1.714 1.501 3.267 -2.285 1.623 3.06 -3.426 -1.426 -1.297 -0.994 0.269 0.678
9 L -1.139 -2.66 -3.207 -3.288 -0.031 -2.885 -3.383 -3.324 -2.61 3.65 2.506 -2.543 1.497 0.325 -3.449 -2.908 -1.06 -2.036 -1.2 2.78
10 L -1.411 -2.78 -3.278 -3.291 -0.136 -3.012 -3.553 -3.435 -2.572 3.937 2.602 -2.603 1.572 0.431 -3.52 -3.086 -1.203 -1.999 -1.2 2.451
11 L -1.46 -2.504 -3.308 -3.422 -0.136 -2.84 -3.438 -3.406 -2.452 3.264 3.292 -2.542 1.832 0.617 -3.55 -3.111 -1.353 -1.838 -1.131 1.953
12 V -0.219 -2.472 -2.915 -3.15 0.354 -2.573 -2.879 -2.941 -2.9 3.044 0.96 -2.374 0.846 -0.384 -3.157 -2.27 -0.437 -2.373 -1.271 4.086
13 K -0.812 2.108 -0.254 -0.708 -1.963 0.821 0.328 -1.328 -0.229 -2.109 -2.226 4.453 -1.209 -2.791 -1.673 -0.867 -1.068 -2.535 -1.774 -1.984
14 V -0.517 -2.643 -3.011 -3.155 0.216 -2.746 -3.095 -3.088 -2.838 3.555 1.199 -2.458 0.985 -0.185 -3.253 -2.485 -0.61 -2.311 -1.271 3.773
15 F -1.976 -2.577 -3.036 -3.418 -0.807 -3.297 -3.396 -3.053 -1.32 1.11 2.454 -2.931 1.147 5.278 -4.066 -3.067 -2.014 0.105 1.918 0.263
16 F -2.32 -2.882 -2.846 -3.3 -1.36 -3.85 -3.468 -2.86 -0.814 0.291 0.579 -3.29 0.216 6.492 -4.434 -3.016 -2.356 0.866 2.945 -0.493
17 T 0.433 -0.932 0.147 -0.669 0.116 -0.863 -1.006 -0.762 -0.979 -0.772 -1.486 -0.563 -0.762 -1.706 -1.586 1.982 3.305 -2.311 -1.712 -0.273
18 F -2.058 -2.65 -2.988 -3.388 -0.935 -3.425 -3.414 -3.003 -1.185 0.926 2.087 -3.016 0.941 5.633 -4.154 -3.054 -2.096 0.315 2.211 0.092
19 F -2.32 -2.882 -2.846 -3.3 -1.36 -3.85 -3.468 -2.86 -0.814 0.291 0.579 -3.29 0.216 6.492 -4.434 -3.016 -2.356 0.866 2.945 -0.493
20 A 3.883 -1.469 -1.648 -1.673 0.694 -1.306 -1.284 0.388 -1.197 -0.816 -1.307 -0.834 -0.859 -1.834 -1.461 0.469 -0.408 -2.426 -1.741 0.153
21 V -0.888 -2.629 -2.887 -3.209 -0.215 -3.018 -3.1 -2.908 -1.88 2.229 0.813 -2.706 0.61 4.222 -3.602 -2.546 -1.06 -0.631 1.163 2.981
22 F -2.263 -2.748 -2.763 -3.269 -1.395 -3.56 -3.334 -2.866 -0.345 0.2 0.461 -3.11 0.139 6.294 -4.301 -2.951 -2.327 1.05 3.607 -0.537
23 I -1.095 -2.953 -3.178 -3.163 -0.031 -3.059 -3.495 -3.352 -2.736 4.247 1.559 -2.604 1.203 0.119 -3.42 -2.885 -0.924 -2.21 -1.271 3.161
24 Y -1.798 -1.763 -2.111 -3.008 -1.737 -1.769 -2.349 -2.918 2.119 -0.789 -0.896 -1.859 -0.668 3.363 -3.319 -2.423 -2.075 2.323 6.624 -0.965
25 N -0.53 -0.494 4.787 0.916 -1.112 -0.525 -0.659 -0.126 0.623 -2.434 -2.865 -0.278 -1.818 -2.224 -2.192 1.335 0.084 -2.82 -1.957 -2.104
26 H -1.495 -0.029 3.054 0.023 -2.079 1.684 -0.051 -1.091 6.211 -2.573 -2.598 -0.104 -1.279 -1.58 -2.557 -0.889 -1.317 -1.967 0.456 -2.588
27 F -2.32 -2.882 -2.846 -3.3 -1.36 -3.85 -3.468 -2.86 -0.814 0.291 0.579 -3.29 0.216 6.492 -4.434 -3.016 -2.356 0.866 2.945 -0.493
28 S 1.082 -0.727 0.511 -0.234 0.087 -0.555 -0.541 -0.092 -0.446 -1.897 -2.314 -0.271 -1.172 -1.929 -1.461 3.212 1.025 -2.535 -1.741 -1.278
29 H -1.42 0.138 0.319 -0.752 -2.186 2.359 0.222 -1.616 7.043 -2.514 -2.386 0.0 -0.962 -1.326 -2.542 -1.292 -1.777 -1.64 1.066 -2.587
30 L -1.526 -2.172 -3.348 -3.606 -0.136 -2.626 -3.291 -3.368 -2.299 2.019 4.014 -2.464 2.147 0.847 -3.59 -3.144 -1.566 -1.636 -1.042 1.12
31 A 2.931 -1.614 -0.959 -1.385 0.16 -1.45 -1.528 3.188 -1.187 -1.46 -1.903 -0.986 -1.325 -2.069 -1.794 0.582 -0.577 -2.436 -2.093 -0.613
32 D -1.763 -1.574 1.213 5.811 -2.358 -0.858 1.065 -1.109 -0.522 -2.711 -3.477 -0.815 -2.683 -2.905 -2.275 -0.938 -1.398 -3.517 -3.029 -2.85
33 S 1.082 -0.727 0.511 -0.234 0.087 -0.555 -0.541 -0.092 -0.446 -1.897 -2.314 -0.271 -1.172 -1.929 -1.461 3.212 1.025 -2.535 -1.741 -1.278
34 E -1.108 -0.192 2.891 1.463 -2.215 0.915 3.63 -1.271 0.592 -2.734 -2.816 0.432 -1.856 -2.521 -2.061 -0.558 -1.004 -2.535 -1.941 -2.241
35 R -1.52 5.483 -0.448 -1.549 -2.245 0.532 -0.546 -2.114 0.113 -2.597 -2.013 2.033 -1.209 -2.458 -2.69 -1.392 -1.439 -2.22 -1.758 -2.147
36 Y -1.798 -1.763 -2.111 -3.008 -1.737 -1.769 -2.349 -2.918 2.119 -0.789 -0.896 -1.859 -0.668 3.363 -3.319 -2.423 -2.075 2.323 6.624 -0.965
37 L -1.526 -2.172 -3.348 -3.606 -0.136 -2.626 -3.291 -3.368 -2.299 2.019 4.014 -2.464 2.147 0.847 -3.59 -3.144 -1.566 -1.636 -1.042 1.12
38 N -1.645 -0.4 5.612 1.296 -1.832 -0.512 -0.711 -0.14 0.983 -2.698 -3.137 -0.281 -2.147 -2.36 -2.573 -0.104 -0.437 -2.952 -2.054 -2.546
39 A 3.883 -1.469 -1.648 -1.673 0.694 -1.306 -1.284 0.388 -1.197 -0.816 -1.307 -0.834 -0.859 -1.834 -1.461 0.469 -0.408 -2.426 -1.741 0.153
40 T -0.146 -1.558 -0.947 -1.681 0.225 -1.595 -1.878 -1.86 -1.91 1.542 -0.07 -1.314 0.107 -1.034 -2.179 -0.142 3.089 -2.25 -1.516 2.405
41 L -0.637 -2.251 -2.973 -3.241 0.167 -2.392 -2.935 -3.021 -2.458 2.646 2.344 -2.291 2.164 0.129 -3.287 -2.475 -0.792 -2.013 -1.153 3.224
42 D -1.264 -0.85 4.158 3.907 -1.753 -0.65 0.147 -0.484 0.333 -2.612 -3.17 -0.482 -2.228 -2.516 -2.323 0.211 -0.577 -3.117 -2.369 -2.502
43 F -1.976 -2.577 -3.036 -3.418 -0.807 -3.297 -3.396 -3.053 -1.32 1.11 2.454 -2.931 1.147 5.278 -4.066 -3.067 -2.014 0.105 1.918 0.263
44 N -1.224 -0.431 5.362 1.175 -1.571 -0.517 -0.693 -0.135 0.868 -2.607 -3.043 -0.28 -2.033 -2.314 -2.441 0.46 -0.252 -2.907 -2.021 -2.391
45 N -1.645 -0.4 5.612 1.296 -1.832 -0.512 -0.711 -0.14 0.983 -2.698 -3.137 -0.281 -2.147 -2.36 -2.573 -0.104 -0.437 -2.952 -2.054 -2.546
46 F -1.998 -2.942 -2.961 -3.259 -0.935 -3.637 -3.528 -3.029 -1.262 2.266 0.96 -3.088 0.58 5.601 -4.117 -3.03 -1.903 0.239 2.19 0.976
47 L -1.526 -2.172 -3.348 -3.606 -0.136 -2.626 -3.291 -3.368 -2.299 2.019 4.014 -2.464 2.147 0.847 -3.59 -3.144 -1.566 -1.636 -1.042 1.12
48 D -1.751 -1.432 2.099 5.573 -2.301 -0.821 0.929 -0.996 -0.331 -2.71 -3.441 -0.757 -2.625 -2.846 -2.303 -0.843 -1.286 -3.455 -2.915 -2.818
49 R -1.52 5.483 -0.448 -1.549 -2.245 0.532 -0.546 -2.114 0.113 -2.597 -2.013 2.033 -1.209 -2.458 -2.69 -1.392 -1.439 -2.22 -1.758 -2.147
50 T -0.098 -1.078 -0.124 -1.0 0.136 -1.089 -1.363 -1.314 -1.399 -0.21 -1.043 -0.776 -0.517 -1.566 -1.673 0.719 4.201 -2.17 -1.692 0.244
51 Q -0.868 1.022 -0.078 -0.342 -1.897 4.831 1.406 -1.465 0.784 -2.226 -1.976 1.236 -0.389 -2.944 -2.137 -0.74 -0.961 -2.17 -1.271 -1.773
52 F -2.23 -2.802 -2.892 -3.329 -1.211 -3.701 -3.45 -2.907 -0.932 0.519 1.174 -3.196 0.478 6.233 -4.337 -3.029 -2.267 0.694 2.721 -0.285
53 V -0.219 -2.472 -2.915 -3.15 0.354 -2.573 -2.879 -2.941 -2.9 3.044 0.96 -2.374 0.846 -0.384 -3.157 -2.27 -0.437 -2.373 -1.271 4.086
54 D -1.763 -1.574 1.213 5.811 -2.358 -0.858 1.065 -1.109 -0.522 -2.711 -3.477 -0.815 -2.683 -2.905 -2.275 -0.938 -1.398 -3.517 -3.029 -2.85
55 N -1.645 -0.4 5.612 1.296 -1.832 -0.512 -0.711 -0.14 0.983 -2.698 -3.137 -0.281 -2.147 -2.36 -2.573 -0.104 -0.437 -2.952 -2.054 -2.546
56 I -0.922 -2.326 -1.918 -2.331 -0.052 -2.388 -2.769 -2.637 -2.243 3.687 1.106 -1.958 0.852 -0.2 -2.816 -1.346 1.65 -2.17 -1.391 2.304
57 F -2.32 -2.882 -2.846 -3.3 -1.36 -3.85 -3.468 -2.86 -0.814 0.291 0.579 -3.29 0.216 6.492 -4.434 -3.016 -2.356 0.866 2.945 -0.493
58 A 3.288 -1.226 -0.816 -1.161 0.525 -1.059 -1.04 0.252 -0.95 -1.1 -1.574 -0.653 -0.95 -1.862 -1.461 1.593 0.101 -2.458 -1.741 -0.207
59 F -2.038 -2.744 -2.979 -3.345 -0.935 -3.494 -3.451 -3.012 -1.21 1.445 1.758 -3.04 0.826 5.622 -4.141 -3.046 -2.03 0.29 2.204 0.418
60 L -1.526 -2.172 -3.348 -3.606 -0.136 -2.626 -3.291 -3.368 -2.299 2.019 4.014 -2.464 2.147 0.847 -3.59 -3.144 -1.566 -1.636 -1.042 1.12
61 R -1.244 4.464 -0.528 -1.364 -1.874 0.502 -0.379 -1.893 -0.079 -1.655 -1.252 2.843 0.697 -2.069 -2.389 -1.276 -1.281 -2.2 -1.653 -1.584
62 Y -1.674 -1.985 -2.252 -3.073 3.487 -2.059 -2.571 -2.825 1.662 -0.654 -0.723 -2.081 -0.602 3.667 -3.399 -2.389 -2.014 1.938 6.093 -0.853
63 L -1.085 -2.583 -3.131 -3.3 -0.076 -2.875 -3.283 -3.207 -2.38 3.165 2.385 -2.568 1.374 1.91 -3.494 -2.819 -1.095 -1.58 -0.392 2.73
64 L -1.181 -1.939 -2.673 -2.941 -0.147 -1.719 -2.801 -2.894 -1.531 3.114 1.975 -1.868 4.473 0.385 -3.33 -2.381 -1.043 -1.612 -0.99 1.902
65 S 0.515 -1.09 -0.21 -0.902 0.022 -1.037 -1.129 -0.749 -0.888 -0.098 1.207 -0.773 0.269 -0.788 -1.952 2.316 0.46 -2.235 -1.513 -0.33
66 S 0.481 -0.956 0.74 3.066 -0.456 -0.643 0.041 -0.361 -0.468 -2.118 -2.616 -0.423 -1.549 -2.189 -1.682 2.462 0.486 -2.796 -2.071 -1.667
67 K -0.254 3.237 -0.054 -0.773 -1.245 0.378 -0.163 -1.082 -0.183 -2.178 -2.186 2.921 -1.198 -2.41 -1.87 0.96 -0.348 -2.436 -1.759 -1.798
68 L -1.596 -2.236 -3.294 -3.574 -0.237 -2.727 -3.308 -3.313 -2.111 1.886 3.806 -2.536 2.002 2.217 -3.664 -3.131 -1.636 -1.263 -0.289 0.994
69 L -1.526 -2.172 -3.348 -3.606 -0.136 -2.626 -3.291 -3.368 -2.299 2.019 4.014 -2.464 2.147 0.847 -3.59 -3.144 -1.566 -1.636 -1.042 1.12
70 V -0.302 -2.351 -2.506 -2.849 0.287 -2.438 -2.752 -2.775 -2.69 3.035 0.898 -2.194 0.784 -0.412 -2.999 -1.847 0.492 -2.331 -1.31 3.757
71 N -1.645 -0.4 5.612 1.296 -1.832 -0.512 -0.711 -0.14 0.983 -2.698 -3.137 -0.281 -2.147 -2.36 -2.573 -0.104 -0.437 -2.952 -2.054 -2.546
72 I -0.97 -2.888 -3.144 -3.161 0.02 -2.994 -3.411 -3.297 -2.756 4.121 1.491 -2.574 1.161 0.061 -3.386 -2.801 -0.859 -2.23 -1.271 3.294
73 F -0.777 -1.992 -1.411 -2.02 -0.72 -2.331 -2.234 -1.755 -0.812 0.059 0.689 -1.957 0.16 5.16 -3.124 0.423 -0.825 -0.025 1.85 -0.483
74 I -1.362 -3.086 -3.248 -3.166 -0.136 -3.195 -3.672 -3.465 -2.697 4.483 1.691 -2.664 1.286 0.232 -3.49 -3.062 -1.06 -2.17 -1.271 2.875
75 S 1.082 -0.727 0.511 -0.234 0.087 -0.555 -0.541 -0.092 -0.446 -1.897 -2.314 -0.271 -1.172 -1.929 -1.461 3.212 1.025 -2.535 -1.741 -1.278
76 I -0.97 -2.888 -3.144 -3.161 0.02 -2.994 -3.411 -3.297 -2.756 4.121 1.491 -2.574 1.161 0.061 -3.386 -2.801 -0.859 -2.23 -1.271 3.294
77 L -1.318 -2.448 -3.272 -3.42 -0.083 -2.779 -3.355 -3.351 -2.47 3.086 3.255 -2.513 1.799 0.568 -3.514 -3.02 -1.277 -1.856 -1.131 2.153
78 F -2.32 -2.882 -2.846 -3.3 -1.36 -3.85 -3.468 -2.86 -0.814 0.291 0.579 -3.29 0.216 6.492 -4.434 -3.016 -2.356 0.866 2.945 -0.493
79 G 0.104 -2.343 -0.426 -1.308 -1.306 -2.181 -2.608 5.796 -1.462 -3.201 -3.446 -1.636 -2.652 -2.664 -2.765 -0.988 -1.905 -2.426 -3.134 -2.85
80 F -1.966 -2.446 -2.683 -3.224 -1.168 -2.889 -3.086 -2.981 0.24 1.083 0.997 -2.646 0.387 5.145 -3.874 -2.841 -2.032 1.072 4.341 0.153
81 S 1.082 -0.727 0.511 -0.234 0.087 -0.555 -0.541 -0.092 -0.446 -1.897 -2.314 -0.271 -1.172 -1.929 -1.461 3.212 1.025 -2.535 -1.741 -1.278
82 F -2.32 -2.882 -2.846 -3.3 -1.36 -3.85 -3.468 -2.86 -0.814 0.291 0.579 -3.29 0.216 6.492 -4.434 -3.016 -2.356 0.866 2.945 -0.493
83 F -2.153 -2.498 -2.605 -3.209 -1.468 -3.055 -3.084 -2.877 0.411 0.007 0.21 -2.782 -0.022 5.853 -4.052 -2.825 -2.269 1.385 4.599 -0.627
84 F -2.307 -2.869 -2.833 -3.287 -1.347 -3.837 -3.455 -2.847 -0.801 0.304 0.592 -3.277 0.229 6.471 -4.421 -3.003 -2.343 0.879 2.958 -0.48
85 F -2.307 -2.869 -2.833 -3.287 -1.347 -3.837 -3.455 -2.847 -0.801 0.304 0.592 -3.277 0.229 6.471 -4.421 -3.003 -2.343 0.879 2.958 -0.48
86 F -1.69 -2.571 -2.624 -3.229 5.252 -2.99 -3.157 -2.719 0.208 -0.187 -0.087 -2.749 -0.256 5.075 -3.792 -2.517 -2.032 0.995 4.303 -0.606
87 V -0.326 -2.441 -2.955 -3.193 0.309 -2.578 -2.918 -2.981 -2.834 2.956 1.457 -2.383 1.006 -0.234 -3.197 -2.346 -0.532 -2.29 -1.247 3.895
88 F -2.32 -2.882 -2.846 -3.3 -1.36 -3.85 -3.468 -2.86 -0.814 0.291 0.579 -3.29 0.216 6.492 -4.434 -3.016 -2.356 0.866 2.945 -0.493
89 K -0.812 2.108 -0.254 -0.708 -1.963 0.821 0.328 -1.328 -0.229 -2.109 -2.226 4.453 -1.209 -2.791 -1.673 -0.867 -1.068 -2.535 -1.774 -1.984
90 D -1.763 -1.574 1.213 5.811 -2.358 -0.858 1.065 -1.109 -0.522 -2.711 -3.477 -0.815 -2.683 -2.905 -2.275 -0.938 -1.398 -3.517 -3.029 -2.85
91 L -1.069 -2.259 -3.211 -3.461 0.02 -2.61 -3.161 -3.233 -2.467 2.367 3.385 -2.436 1.814 0.53 -3.453 -2.853 -1.179 -1.838 -1.109 2.363
92 L -1.742 -2.367 -3.188 -3.51 -0.452 -2.942 -3.343 -3.206 -1.768 1.6 3.338 -2.688 1.69 3.841 -3.818 -3.105 -1.781 -0.636 0.802 0.723
93 C -1.089 -1.853 1.768 1.022 6.348 -1.512 -0.205 -1.765 -1.004 1.71 -0.354 -1.447 -0.418 -1.288 -2.88 -1.405 -1.044 -2.754 -2.043 0.625
94 F -2.32 -2.882 -2.846 -3.3 -1.36 -3.85 -3.468 -2.86 -0.814 0.291 0.579 -3.29 0.216 6.492 -4.434 -3.016 -2.356 0.866 2.945 -0.493
95 V -0.624 -2.702 -3.044 -3.157 0.168 -2.806 -3.171 -3.139 -2.817 3.707 1.275 -2.486 1.03 -0.122 -3.286 -2.561 -0.67 -2.29 -1.271 3.661
96 D -1.763 -1.574 1.213 5.811 -2.358 -0.858 1.065 -1.109 -0.522 -2.711 -3.477 -0.815 -2.683 -2.905 -2.275 -0.938 -1.398 -3.517 -3.029 -2.85
97 K -0.94 3.169 -0.291 -0.857 -2.017 0.766 0.173 -1.469 -0.157 -2.2 -2.182 4.105 -1.209 -2.721 -1.849 -0.964 -1.138 -2.469 -1.771 -2.016
98 K -1.075 3.942 -0.33 -1.016 -2.072 0.709 0.009 -1.617 -0.087 -2.294 -2.139 3.71 -1.209 -2.653 -2.038 -1.065 -1.211 -2.404 -1.768 -2.049
99 L -1.526 -2.172 -3.348 -3.606 -0.136 -2.626 -3.291 -3.368 -2.299 2.019 4.014 -2.464 2.147 0.847 -3.59 -3.144 -1.566 -1.636 -1.042 1.12
100 L -1.526 -2.172 -3.348 -3.606 -0.136 -2.626 -3.291 -3.368 -2.299 2.019 4.014 -2.464 2.147 0.847 -3.59 -3.144 -1.566 -1.636 -1.042 1.12
101 Y -1.798 -1.763 -2.111 -3.008 -1.737 -1.769 -2.349 -2.918 2.119 -0.789 -0.896 -1.859 -0.668 3.363 -3.319 -2.423 -2.075 2.323 6.624 -0.965
102 I -1.21 -2.102 -2.762 -2.977 -0.145 -1.919 -2.929 -2.982 -1.696 3.392 1.929 -1.986 4.132 0.36 -3.356 -2.484 -1.046 -1.698 -1.035 2.088
103 C 0.034 -2.179 -1.448 -2.06 8.258 -2.181 -2.399 -1.442 -1.892 -0.556 -0.136 -1.883 -0.554 -1.539 -2.586 0.723 -0.408 -2.808 -2.225 -0.424
104 F -2.32 -2.882 -2.846 -3.3 -1.36 -3.85 -3.468 -2.86 -0.814 0.291 0.579 -3.29 0.216 6.492 -4.434 -3.016 -2.356 0.866 2.945 -0.493
105 L -1.526 -2.172 -3.348 -3.606 -0.136 -2.626 -3.291 -3.368 -2.299 2.019 4.014 -2.464 2.147 0.847 -3.59 -3.144 -1.566 -1.636 -1.042 1.12
106 L -1.526 -2.172 -3.348 -3.606 -0.136 -2.626 -3.291 -3.368 -2.299 2.019 4.014 -2.464 2.147 0.847 -3.59 -3.144 -1.566 -1.636 -1.042 1.12
107 P -0.822 -1.999 -1.919 -1.549 -1.443 -1.919 -1.608 -1.838 -1.593 -2.303 -2.736 -1.05 -2.389 -3.321 6.648 -1.437 -1.334 -4.535 -2.621 -2.147
108 S 1.082 -0.727 0.511 -0.234 0.087 -0.555 -0.541 -0.092 -0.446 -1.897 -2.314 -0.271 -1.172 -1.929 -1.461 3.212 1.025 -2.535 -1.741 -1.278
109 F -2.32 -2.882 -2.846 -3.3 -1.36 -3.85 -3.468 -2.86 -0.814 0.291 0.579 -3.29 0.216 6.492 -4.434 -3.016 -2.356 0.866 2.945 -0.493
110 Q -0.868 1.022 -0.078 -0.342 -1.897 4.831 1.406 -1.465 0.784 -2.226 -1.976 1.236 -0.389 -2.944 -2.137 -0.74 -0.961 -2.17 -1.271 -1.773
111 I -1.362 -3.086 -3.248 -3.166 -0.136 -3.195 -3.672 -3.465 -2.697 4.483 1.691 -2.664 1.286 0.232 -3.49 -3.062 -1.06 -2.17 -1.271 2.875
112 W -2.635 -2.368 -3.152 -3.606 -2.32 -2.81 -2.954 -2.351 -1.12 -1.839 -1.636 -2.776 -1.266 1.143 -5.394 -3.34 -2.68 10.596 2.184 -2.213
113 T -0.098 -1.078 -0.124 -1.0 0.136 -1.089 -1.363 -1.314 -1.399 -0.21 -1.043 -0.776 -0.517 -1.566 -1.673 0.719 4.201 -2.17 -1.692 0.244
114 S 1.082 -0.727 0.511 -0.234 0.087 -0.555 -0.541 -0.092 -0.446 -1.897 -2.314 -0.271 -1.172 -1.929 -1.461 3.212 1.025 -2.535 -1.741 -1.278
115 V -0.219 -2.472 -2.915 -3.15 0.354 -2.573 -2.879 -2.941 -2.9 3.044 0.96 -2.374 0.846 -0.384 -3.157 -2.27 -0.437 -2.373 -1.271 4.086
116 A 3.883 -1.469 -1.648 -1.673 0.694 -1.306 -1.284 0.388 -1.197 -0.816 -1.307 -0.834 -0.859 -1.834 -1.461 0.469 -0.408 -2.426 -1.741 0.153
117 G 0.104 -2.343 -0.426 -1.308 -1.306 -2.181 -2.608 5.796 -1.462 -3.201 -3.446 -1.636 -2.652 -2.664 -2.765 -0.988 -1.905 -2.426 -3.134 -2.85
118 K -0.812 2.108 -0.254 -0.708 -1.963 0.821 0.328 -1.328 -0.229 -2.109 -2.226 4.453 -1.209 -2.791 -1.673 -0.867 -1.068 -2.535 -1.774 -1.984
119 E -0.905 -0.107 -0.324 1.532 -2.397 1.361 4.46 -1.935 0.407 -2.75 -2.688 0.691 -1.739 -2.593 -1.867 -0.777 -1.286 -2.373 -1.893 -2.12
120 I -1.362 -3.086 -3.248 -3.166 -0.136 -3.195 -3.672 -3.465 -2.697 4.483 1.691 -2.664 1.286 0.232 -3.49 -3.062 -1.06 -2.17 -1.271 2.875
121 I -1.378 -2.981 -3.258 -3.207 -0.136 -3.133 -3.632 -3.455 -2.654 4.312 2.028 -2.644 1.384 0.3 -3.5 -3.07 -1.107 -2.112 -1.247 2.74
122 A 3.883 -1.469 -1.648 -1.673 0.694 -1.306 -1.284 0.388 -1.197 -0.816 -1.307 -0.834 -0.859 -1.834 -1.461 0.469 -0.408 -2.426 -1.741 0.153
123 V -0.517 -2.643 -3.011 -3.155 0.216 -2.746 -3.095 -3.088 -2.838 3.555 1.199 -2.458 0.985 -0.185 -3.253 -2.485 -0.61 -2.311 -1.271 3.773
124 A 2.74 -1.966 -2.162 -2.18 0.434 -1.877 -1.969 -0.598 -1.721 2.219 0.168 -1.415 0.135 -0.906 -2.09 -0.451 -0.592 -2.342 -1.544 1.786
125 G 0.104 -2.343 -0.426 -1.308 -1.306 -2.181 -2.608 5.796 -1.462 -3.201 -3.446 -1.636 -2.652 -2.664 -2.765 -0.988 -1.905 -2.426 -3.134 -2.85
126 L -1.742 -2.367 -3.188 -3.51 -0.452 -2.942 -3.343 -3.206 -1.768 1.6 3.338 -2.688 1.69 3.841 -3.818 -3.105 -1.781 -0.636 0.802 0.723
127 L -1.526 -2.172 -3.348 -3.606 -0.136 -2.626 -3.291 -3.368 -2.299 2.019 4.014 -2.464 2.147 0.847 -3.59 -3.144 -1.566 -1.636 -1.042 1.12
128 F -2.32 -2.882 -2.846 -3.3 -1.36 -3.85 -3.468 -2.86 -0.814 0.291 0.579 -3.29 0.216 6.492 -4.434 -3.016 -2.356 0.866 2.945 -0.493
129 F -2.23 -2.802 -2.892 -3.329 -1.211 -3.701 -3.45 -2.907 -0.932 0.519 1.174 -3.196 0.478 6.233 -4.337 -3.029 -2.267 0.694 2.721 -0.285
130 I -1.095 -2.953 -3.178 -3.163 -0.031 -3.059 -3.495 -3.352 -2.736 4.247 1.559 -2.604 1.203 0.119 -3.42 -2.885 -0.924 -2.21 -1.271 3.161
131 K -0.812 2.108 -0.254 -0.708 -1.963 0.821 0.328 -1.328 -0.229 -2.109 -2.226 4.453 -1.209 -2.791 -1.673 -0.867 -1.068 -2.535 -1.774 -1.984
132 W -2.635 -2.368 -3.152 -3.606 -2.32 -2.81 -2.954 -2.351 -1.12 -1.839 -1.636 -2.776 -1.266 1.143 -5.394 -3.34 -2.68 10.596 2.184 -2.213
133 V -0.735 -2.763 -3.077 -3.158 0.12 -2.867 -3.249 -3.191 -2.797 3.852 1.349 -2.515 1.074 -0.059 -3.319 -2.639 -0.732 -2.27 -1.271 3.544
134 I -0.85 -2.825 -3.11 -3.16 0.07 -2.93 -3.329 -3.244 -2.776 3.99 1.42 -2.545 1.118 0.001 -3.352 -2.719 -0.795 -2.25 -1.271 3.422
135 N -1.645 -0.4 5.612 1.296 -1.832 -0.512 -0.711 -0.14 0.983 -2.698 -3.137 -0.281 -2.147 -2.36 -2.573 -0.104 -0.437 -2.952 -2.054 -2.546
136 I -0.97 -2.888 -3.144 -3.161 0.02 -2.994 -3.411 -3.297 -2.756 4.121 1.491 -2.574 1.161 0.061 -3.386 -2.801 -0.859 -2.23 -1.271 3.294
137 Q -0.868 1.022 -0.078 -0.342 -1.897 4.831 1.406 -1.465 0.784 -2.226 -1.976 1.236 -0.389 -2.944 -2.137 -0.74 -0.961 -2.17 -1.271 -1.773
138 F -2.32 -2.882 -2.846 -3.3 -1.36 -3.85 -3.468 -2.86 -0.814 0.291 0.579 -3.29 0.216 6.492 -4.434 -3.016 -2.356 0.866 2.945 -0.493
139 G -0.163 -1.475 -0.395 -0.133 -1.592 -0.61 1.516 4.85 -0.765 -3.058 -3.197 -0.724 -2.347 -2.643 -2.465 -0.923 -1.705 -2.41 -2.703 -2.611
140 R -1.52 5.483 -0.448 -1.549 -2.245 0.532 -0.546 -2.114 0.113 -2.597 -2.013 2.033 -1.209 -2.458 -2.69 -1.392 -1.439 -2.22 -1.758 -2.147
141 K -1.206 2.701 0.238 2.925 -2.132 0.348 0.427 -1.398 -0.24 -2.373 -2.499 3.142 -1.578 -2.754 -2.028 -0.986 -1.236 -2.724 -2.093 -2.253
142 N -1.645 -0.4 5.612 1.296 -1.832 -0.512 -0.711 -0.14 0.983 -2.698 -3.137 -0.281 -2.147 -2.36 -2.573 -0.104 -0.437 -2.952 -2.054 -2.546
143 R -0.139 3.899 -0.008 -0.871 -1.06 0.179 -0.444 -1.067 -0.133 -2.249 -2.151 1.765 -1.194 -2.264 -2.035 1.357 -0.168 -2.373 -1.753 -1.753
144 I -0.162 -2.877 -3.042 -2.977 -0.041 -2.94 -3.323 -2.752 -2.506 4.229 1.498 -2.419 1.13 0.081 -3.21 -2.441 -0.988 -2.195 -1.314 2.693
145 L -0.862 -1.314 -0.807 -1.716 -0.701 -1.334 -1.605 -1.877 4.743 0.993 1.565 -1.413 0.581 1.674 -2.833 -0.136 -0.978 -1.391 0.52 0.089
146 Y -1.798 -1.763 -2.111 -3.008 -1.737 -1.769 -2.349 -2.918 2.119 -0.789 -0.896 -1.859 -0.668 3.363 -3.319 -2.423 -2.075 2.323 6.624 -0.965
147 L -1.526 -2.172 -3.348 -3.606 -0.136 -2.626 -3.291 -3.368 -2.299 2.019 4.014 -2.464 2.147 0.847 -3.59 -3.144 -1.566 -1.636 -1.042 1.12
148 F -1.381 -2.603 -2.961 -3.312 -0.496 -3.154 -3.244 -2.98 -1.586 1.724 1.749 -2.816 0.891 4.798 -3.825 -2.794 -1.498 -0.24 1.565 1.931
149 V -0.747 -2.668 -3.086 -3.199 0.12 -2.812 -3.214 -3.182 -2.753 3.638 1.725 -2.496 1.18 0.015 -3.328 -2.646 -0.773 -2.21 -1.247 3.437
150 G 0.104 -2.343 -0.426 -1.308 -1.306 -2.181 -2.608 5.796 -1.462 -3.201 -3.446 -1.636 -2.652 -2.664 -2.765 -0.988 -1.905 -2.426 -3.134 -2.85
151 I -0.863 -2.728 -3.12 -3.201 0.07 -2.873 -3.293 -3.234 -2.733 3.786 1.788 -2.525 1.222 0.075 -3.362 -2.726 -0.837 -2.19 -1.247 3.311
152 L -1.174 -2.477 -3.099 -3.357 -0.175 -2.871 -3.229 -3.138 -2.117 2.479 2.586 -2.603 1.384 2.976 -3.586 -2.822 -1.252 -1.13 0.252 2.36
153 F -2.32 -2.882 -2.846 -3.3 -1.36 -3.85 -3.468 -2.86 -0.814 0.291 0.579 -3.29 0.216 6.492 -4.434 -3.016 -2.356 0.866 2.945 -0.493
154 G 0.104 -2.343 -0.426 -1.308 -1.306 -2.181 -2.608 5.796 -1.462 -3.201 -3.446 -1.636 -2.652 -2.664 -2.765 -0.988 -1.905 -2.426 -3.134 -2.85
155 V -0.837 -2.528 -3.02 -3.161 0.069 -2.599 -3.148 -3.139 -2.5 3.545 1.836 -2.383 2.075 0.102 -3.335 -2.614 -0.834 -2.088 -1.199 3.19
156 L -1.799 -2.523 -3.127 -3.434 -0.565 -3.116 -3.397 -3.163 -1.64 1.885 2.842 -2.788 1.426 4.387 -3.887 -3.084 -1.796 -0.399 1.214 0.856
157 L -1.526 -2.172 -3.348 -3.606 -0.136 -2.626 -3.291 -3.368 -2.299 2.019 4.014 -2.464 2.147 0.847 -3.59 -3.144 -1.566 -1.636 -1.042 1.12
158 R -1.52 5.483 -0.448 -1.549 -2.245 0.532 -0.546 -2.114 0.113 -2.597 -2.013 2.033 -1.209 -2.458 -2.69 -1.392 -1.439 -2.22 -1.758 -2.147
159 P -0.822 -1.999 -1.919 -1.549 -1.443 -1.919 -1.608 -1.838 -1.593 -2.303 -2.736 -1.05 -2.389 -3.321 6.648 -1.437 -1.334 -4.535 -2.621 -2.147
160 H -1.693 -0.343 0.474 -0.947 -2.32 -0.151 -0.486 -1.683 7.972 -2.647 -2.581 -0.751 -1.247 -0.838 -2.735 -1.565 -2.212 -1.44 1.681 -3.021
161 Y -1.798 -1.763 -2.111 -3.008 -1.737 -1.769 -2.349 -2.918 2.119 -0.789 -0.896 -1.859 -0.668 3.363 -3.319 -2.423 -2.075 2.323 6.624 -0.965
162 G 0.104 -2.343 -0.426 -1.308 -1.306 -2.181 -2.608 5.796 -1.462 -3.201 -3.446 -1.636 -2.652 -2.664 -2.765 -0.988 -1.905 -2.426 -3.134 -2.85
163 I -1.095 -2.953 -3.178 -3.163 -0.031 -3.059 -3.495 -3.352 -2.736 4.247 1.559 -2.604 1.203 0.119 -3.42 -2.885 -0.924 -2.21 -1.271 3.161
164 A 3.883 -1.469 -1.648 -1.673 0.694 -1.306 -1.284 0.388 -1.197 -0.816 -1.307 -0.834 -0.859 -1.834 -1.461 0.469 -0.408 -2.426 -1.741 0.153
165 Y -1.798 -1.763 -2.111 -3.008 -1.737 -1.769 -2.349 -2.918 2.119 -0.789 -0.896 -1.859 -0.668 3.363 -3.319 -2.423 -2.075 2.323 6.624 -0.965
166 I 0.729 -2.61 -2.83 -2.856 3.83 -2.673 -2.997 -2.07 -2.311 3.416 1.491 -2.21 0.898 -0.178 -2.936 -1.816 -0.984 -2.25 -1.457 2.1
167 Y -1.798 -1.763 -2.111 -3.008 -1.737 -1.769 -2.349 -2.918 2.119 -0.789 -0.896 -1.859 -0.668 3.363 -3.319 -2.423 -2.075 2.323 6.624 -0.965
168 L -1.526 -2.172 -3.348 -3.606 -0.136 -2.626 -3.291 -3.368 -2.299 2.019 4.014 -2.464 2.147 0.847 -3.59 -3.144 -1.566 -1.636 -1.042 1.12
169 A 3.883 -1.469 -1.648 -1.673 0.694 -1.306 -1.284 0.388 -1.197 -0.816 -1.307 -0.834 -0.859 -1.834 -1.461 0.469 -0.408 -2.426 -1.741 0.153
170 I -0.745 -2.418 -1.982 -2.305 -0.19 -2.485 -2.703 -2.359 -1.877 3.634 1.111 -2.046 0.831 1.712 -3.022 -0.349 -0.593 -1.735 -0.511 2.152
171 S 1.082 -0.727 0.511 -0.234 0.087 -0.555 -0.541 -0.092 -0.446 -1.897 -2.314 -0.271 -1.172 -1.929 -1.461 3.212 1.025 -2.535 -1.741 -1.278
172 V 1.599 -2.233 -2.528 -2.625 0.372 -2.229 -2.418 -1.553 -2.243 2.766 0.638 -1.866 0.539 -0.596 -2.587 -1.244 -0.542 -2.347 -1.404 3.091
173 I -1.618 -3.023 -3.121 -3.206 -0.452 -3.376 -3.609 -3.27 -1.993 3.729 1.4 -2.838 1.004 3.7 -3.742 -3.048 -1.392 -0.888 0.72 2.207
174 I -0.983 -2.789 -3.154 -3.202 0.02 -2.936 -3.374 -3.288 -2.713 3.927 1.85 -2.554 1.264 0.133 -3.396 -2.808 -0.902 -2.17 -1.247 3.178
175 L -1.526 -2.172 -3.348 -3.606 -0.136 -2.626 -3.291 -3.368 -2.299 2.019 4.014 -2.464 2.147 0.847 -3.59 -3.144 -1.566 -1.636 -1.042 1.12
176 S 0.28 0.963 3.072 0.227 -0.561 -0.414 -0.591 -0.256 0.113 -2.183 -2.503 0.059 -1.436 -2.102 -1.865 2.245 0.464 -2.619 -1.833 -1.689
177 K -1.249 3.263 2.889 -0.122 -2.004 0.387 -0.207 -1.102 0.283 -2.42 -2.399 2.92 -1.46 -2.556 -2.209 -0.751 -0.963 -2.551 -1.85 -2.192
178 I -0.97 -2.888 -3.144 -3.161 0.02 -2.994 -3.411 -3.297 -2.756 4.121 1.491 -2.574 1.161 0.061 -3.386 -2.801 -0.859 -2.23 -1.271 3.294
179 K -0.812 2.108 -0.254 -0.708 -1.963 0.821 0.328 -1.328 -0.229 -2.109 -2.226 4.453 -1.209 -2.791 -1.673 -0.867 -1.068 -2.535 -1.774 -1.984
180 F -1.847 -2.779 -2.938 -3.3 -0.866 -3.487 -3.405 -2.971 -1.248 1.591 1.314 -3.029 0.655 5.603 -4.085 -2.949 -1.872 0.256 2.197 1.013
181 R 1.361 2.629 -0.308 -0.969 -0.418 -0.404 -0.772 -0.596 -0.488 -1.859 -2.031 0.503 -1.217 -2.175 1.134 1.529 -0.031 -2.557 -1.823 -1.209
182 V -0.752 -1.711 2.47 -1.016 -0.305 -1.867 -2.083 -1.781 -0.961 1.929 0.168 -1.634 0.154 1.368 -3.067 -1.484 -0.581 -1.963 -0.604 2.846
183 F -2.208 -2.902 -2.884 -3.286 -1.211 -3.777 -3.488 -2.915 -0.956 1.108 0.712 -3.221 0.342 6.224 -4.324 -3.021 -2.197 0.672 2.715 0.084
184 S 1.082 -0.727 0.511 -0.234 0.087 -0.555 -0.541 -0.092 -0.446 -1.897 -2.314 -0.271 -1.172 -1.929 -1.461 3.212 1.025 -2.535 -1.741 -1.278
185 N -1.283 0.872 4.38 0.651 -1.884 0.097 -0.25 -0.558 0.557 -2.448 -2.737 2.546 -1.735 -2.525 -2.179 -0.385 -0.673 -2.778 -1.939 -2.308
186 G -0.482 -2.351 -1.01 -1.828 -1.574 -2.356 -2.707 4.839 -1.355 -2.721 -2.775 -1.934 -2.162 -0.932 -3.335 -1.516 -2.117 7.195 -0.383 -2.644
187 F 0.057 -2.581 -2.737 -3.042 3.758 -2.922 -2.967 -2.274 -1.724 1.606 0.477 -2.554 0.303 4.173 -3.349 -2.019 -1.151 -0.674 1.093 2.246
188 Y -1.798 -1.763 -2.111 -3.008 -1.737 -1.769 -2.349 -2.918 2.119 -0.789 -0.896 -1.859 -0.668 3.363 -3.319 -2.423 -2.075 2.323 6.624 -0.965
189 I -0.85 -2.825 -3.11 -3.16 0.07 -2.93 -3.329 -3.244 -2.776 3.99 1.42 -2.545 1.118 0.001 -3.352 -2.719 -0.795 -2.25 -1.271 3.422
190 L -0.164 -2.179 -2.565 -2.88 -0.111 -2.463 -2.851 -2.43 -1.96 2.316 2.784 -2.144 1.41 1.923 -3.1 -1.895 -0.032 -1.459 -0.418 1.315
191 S 0.605 -1.0 -0.017 -0.741 0.049 -0.922 -1.002 -0.63 -0.824 -0.441 0.496 -0.648 -0.086 -1.091 -1.802 2.436 1.253 -2.295 -1.582 -0.458
192 L -1.509 -2.251 -3.338 -3.559 -0.136 -2.678 -3.327 -3.378 -2.337 2.384 3.85 -2.483 2.071 0.791 -3.58 -3.136 -1.511 -1.685 -1.064 1.352
193 F 0.853 -1.85 -1.572 -2.106 -0.104 -2.04 -2.153 -1.486 -1.357 0.644 0.63 -1.666 0.187 3.487 -2.535 -0.626 1.593 -0.895 0.628 0.865
194 I 1.336 -2.5 -2.669 -2.632 0.139 -2.488 -2.73 -1.705 -2.16 3.644 1.069 -1.984 0.792 -0.248 -2.72 -1.497 -0.849 -2.245 -1.404 2.291
195 I -0.195 -2.649 -2.906 -2.953 -0.141 -2.709 -3.159 -2.621 -2.069 3.752 1.453 -2.332 1.936 1.819 -3.258 -2.336 -1.089 -1.612 -0.441 2.31
196 S 2.119 -1.055 -0.249 -0.83 0.263 -0.924 -0.941 -0.131 -0.802 -0.875 -0.43 -0.595 -0.528 -1.471 -1.616 2.292 0.464 -2.399 -1.663 -0.472
197 I -1.196 -2.798 -3.11 -3.126 -0.085 -2.829 -3.423 -3.306 -2.485 4.171 1.676 -2.486 2.092 0.203 -3.428 -2.851 -0.989 -2.088 -1.222 2.887
198 I -1.286 -2.371 -2.955 -3.091 -0.141 -2.317 -3.169 -3.157 -2.022 3.667 2.157 -2.221 3.348 0.375 -3.418 -2.708 -1.098 -1.825 -1.105 2.271
199 L -0.472 -1.658 -1.584 -2.134 -0.067 -1.836 -2.163 -1.952 -1.609 1.292 3.119 -1.616 1.485 0.256 -2.773 0.4 -0.521 -1.878 -1.234 0.585
200 A 2.685 -1.779 -1.743 -1.987 0.155 -1.836 -1.794 -0.431 -1.095 -0.378 -0.58 -1.371 -0.461 3.376 -2.105 -0.179 0.228 -0.984 0.565 -0.016
201 L -1.526 -2.172 -3.348 -3.606 -0.136 -2.626 -3.291 -3.368 -2.299 2.019 4.014 -2.464 2.147 0.847 -3.59 -3.144 -1.566 -1.636 -1.042 1.12
202 L -1.012 -2.601 -3.173 -3.286 0.02 -2.823 -3.301 -3.27 -2.629 3.494 2.457 -2.514 1.459 0.271 -3.415 -2.823 -0.992 -2.055 -1.2 2.931
203 L -1.509 -2.251 -3.338 -3.559 -0.136 -2.678 -3.327 -3.378 -2.337 2.384 3.85 -2.483 2.071 0.791 -3.58 -3.136 -1.511 -1.685 -1.064 1.352
204 A 3.698 -1.386 -1.343 -1.492 0.639 -1.221 -1.2 0.344 -1.112 -0.907 -1.393 -0.773 -0.889 -1.843 -1.461 0.894 -0.228 -2.436 -1.741 0.038
205 L -1.054 -2.341 -3.201 -3.417 0.02 -2.662 -3.196 -3.242 -2.506 2.692 3.179 -2.456 1.729 0.467 -3.443 -2.845 -1.131 -1.891 -1.131 2.516
206 T -0.098 -1.078 -0.124 -1.0 0.136 -1.089 -1.363 -1.314 -1.399 -0.21 -1.043 -0.776 -0.517 -1.566 -1.673 0.719 4.201 -2.17 -1.692 0.244
207 V 0.351 -1.495 -1.783 -0.764 -0.245 -0.708 1.504 -2.128 -1.316 2.14 0.165 -0.966 0.182 -0.943 -2.54 -1.43 -0.725 -2.357 -1.49 2.736
208 N -1.446 -0.867 4.489 3.402 -1.92 -0.746 -0.168 1.21 0.414 -2.748 -3.265 -0.547 -2.347 -2.544 -2.498 -0.413 -0.822 -3.05 -2.414 -2.664
209 L -1.495 -2.385 -3.15 -3.35 -0.239 -2.669 -3.303 -3.251 -2.055 2.878 3.054 -2.47 2.415 2.089 -3.594 -2.971 -1.415 -1.361 -0.322 1.657
210 W -2.635 -2.368 -3.152 -3.606 -2.32 -2.81 -2.954 -2.351 -1.12 -1.839 -1.636 -2.776 -1.266 1.143 -5.394 -3.34 -2.68 10.596 2.184 -2.213
211 S 0.998 -0.853 0.43 -0.325 -0.026 -0.683 -0.692 1.387 -0.533 -2.004 -2.409 -0.382 -1.29 -1.994 -1.568 2.982 0.835 -2.524 -1.854 -1.402
212 A 2.712 -1.159 -0.565 2.242 -0.183 -0.466 1.378 -0.225 -0.667 -1.438 -1.886 -0.454 -1.315 -2.165 -1.687 0.009 -0.746 -2.602 -1.989 -0.633
213 P -0.837 0.851 -0.579 -0.772 -1.772 2.852 0.426 -1.528 -0.074 -2.213 -2.262 2.31 -1.121 -3.004 3.5 -0.972 -1.1 -2.826 -1.774 -1.944
214 F -2.32 -2.882 -2.846 -3.3 -1.36 -3.85 -3.468 -2.86 -0.814 0.291 0.579 -3.29 0.216 6.492 -4.434 -3.016 -2.356 0.866 2.945 -0.493
215 L -1.526 -2.172 -3.348 -3.606 -0.136 -2.626 -3.291 -3.368 -2.299 2.019 4.014 -2.464 2.147 0.847 -3.59 -3.144 -1.566 -1.636 -1.042 1.12
216 S 1.69 -1.184 -0.31 -0.9 0.225 -1.045 -1.069 -0.381 -0.939 0.578 -0.966 -0.718 -0.509 -1.429 -1.749 2.198 0.489 -2.458 -1.641 0.71
217 V -0.315 -2.528 -2.947 -3.152 0.309 -2.629 -2.949 -2.989 -2.879 3.225 1.042 -2.402 0.893 -0.316 -3.189 -2.34 -0.493 -2.352 -1.271 3.985
218 L -1.493 -2.333 -3.328 -3.512 -0.136 -2.731 -3.363 -3.387 -2.374 2.708 3.676 -2.503 1.994 0.734 -3.57 -3.127 -1.458 -1.735 -1.086 1.567
219 D -1.37 -1.583 1.756 4.903 -1.531 -1.089 0.439 -1.27 -0.651 -0.345 -1.874 -1.003 -1.513 -2.148 -2.461 -1.057 -1.075 -3.192 -2.484 0.343
220 I -0.922 -2.326 -1.918 -2.331 -0.052 -2.388 -2.769 -2.637 -2.243 3.687 1.106 -1.958 0.852 -0.2 -2.816 -1.346 1.65 -2.17 -1.391 2.304
221 I -1.362 -3.086 -3.248 -3.166 -0.136 -3.195 -3.672 -3.465 -2.697 4.483 1.691 -2.664 1.286 0.232 -3.49 -3.062 -1.06 -2.17 -1.271 2.875
222 K -0.839 1.602 -0.275 0.163 -2.086 0.994 2.264 -1.497 -0.023 -2.286 -2.357 3.742 -1.358 -2.731 -1.73 -0.839 -1.132 -2.485 -1.81 -2.024
223 N -1.001 -0.859 4.732 0.729 -1.664 -0.92 -1.161 3.075 0.44 -2.84 -3.226 -0.625 -2.289 -2.448 -2.629 -0.342 -0.804 -2.784 -2.338 -2.634
224 Y -1.798 -1.763 -2.111 -3.008 -1.737 -1.769 -2.349 -2.918 2.119 -0.789 -0.896 -1.859 -0.668 3.363 -3.319 -2.423 -2.075 2.323 6.624 -0.965
225 F -2.32 -2.882 -2.846 -3.3 -1.36 -3.85 -3.468 -2.86 -0.814 0.291 0.579 -3.29 0.216 6.492 -4.434 -3.016 -2.356 0.866 2.945 -0.493
226 L -1.526 -2.172 -3.348 -3.606 -0.136 -2.626 -3.291 -3.368 -2.299 2.019 4.014 -2.464 2.147 0.847 -3.59 -3.144 -1.566 -1.636 -1.042 1.12
227 S 0.776 -0.828 0.335 -0.443 0.102 -0.705 -0.764 -0.407 -0.7 -1.28 -1.871 -0.413 -0.96 -1.815 -1.523 2.662 2.385 -2.42 -1.726 -0.732
228 S 0.476 -1.0 -0.058 -0.825 -0.35 -0.869 -0.975 -0.69 0.586 -1.518 -1.811 -0.662 -1.011 0.803 -1.904 2.353 0.39 -0.112 3.499 -1.18
229 D -1.664 -1.389 1.092 5.579 -2.362 -0.542 1.649 -1.182 -0.414 -2.715 -3.388 -0.624 -2.574 -2.872 -2.231 -0.921 -1.387 -3.38 -2.893 -2.768
230 A 1.97 -1.913 -1.739 -2.006 0.275 -1.866 -2.04 -1.009 -1.754 2.5 0.308 -1.42 0.245 -0.786 -2.164 -0.416 1.135 -2.27 -1.534 1.569
231 A 2.81 -1.074 -0.371 -0.865 0.406 -0.906 -0.889 0.158 -0.797 -1.306 -1.767 -0.539 -1.011 -1.881 -1.461 2.155 0.397 -2.48 -1.741 -0.475
232 Y -1.751 -1.283 2.568 -0.96 -1.765 -1.332 -1.753 -1.776 1.823 -1.242 -1.406 -1.289 -1.038 2.499 -3.074 -1.514 -1.479 1.486 5.656 -1.355
233 A 3.288 -1.226 -0.816 -1.161 0.525 -1.059 -1.04 0.252 -0.95 -1.1 -1.574 -0.653 -0.95 -1.862 -1.461 1.593 0.101 -2.458 -1.741 -0.207
234 N -1.645 -0.4 5.612 1.296 -1.832 -0.512 -0.711 -0.14 0.983 -2.698 -3.137 -0.281 -2.147 -2.36 -2.573 -0.104 -0.437 -2.952 -2.054 -2.546
235 R -1.52 5.483 -0.448 -1.549 -2.245 0.532 -0.546 -2.114 0.113 -2.597 -2.013 2.033 -1.209 -2.458 -2.69 -1.392 -1.439 -2.22 -1.758 -2.147
236 Y -1.772 -1.426 0.531 -1.938 -1.8 -1.417 -1.903 -2.355 3.525 -1.08 -1.194 -1.533 -0.841 2.85 -3.173 -1.999 -1.875 1.831 6.062 -1.247
237 Y -1.787 -1.705 -0.667 2.638 -1.91 -1.464 -0.853 -2.247 1.547 -1.244 -1.459 -1.504 -1.139 2.471 -2.964 -1.892 -1.855 1.453 5.638 -1.413
238 I -1.362 -3.086 -3.248 -3.166 -0.136 -3.195 -3.672 -3.465 -2.697 4.483 1.691 -2.664 1.286 0.232 -3.49 -3.062 -1.06 -2.17 -1.271 2.875
239 E -0.885 0.156 -0.37 0.856 -2.132 2.772 3.497 -1.776 0.383 -2.537 -2.46 0.74 -1.314 -2.762 1.089 -0.825 -1.189 -2.463 -1.753 -2.014
240 W -2.635 -2.368 -3.152 -3.606 -2.32 -2.81 -2.954 -2.351 -1.12 -1.839 -1.636 -2.776 -1.266 1.143 -5.394 -3.34 -2.68 10.596 2.184 -2.213
241 G 0.218 -2.134 -0.317 -1.181 -1.132 -1.971 -2.32 5.533 -1.343 -3.041 -3.311 -1.467 -2.465 -2.581 -2.605 -0.168 -1.437 -2.436 -2.96 -2.648
242 T -0.077 -1.182 -0.153 -1.029 0.02 -1.181 -1.466 0.792 -1.405 -0.402 -1.21 -0.852 -0.672 -1.659 -1.765 0.587 3.936 -2.195 -1.808 0.047
243 V -0.624 -2.702 -3.044 -3.157 0.168 -2.806 -3.171 -3.139 -2.817 3.707 1.275 -2.486 1.03 -0.122 -3.286 -2.561 -0.67 -2.29 -1.271 3.661
244 S 1.691 -1.019 -0.128 -0.774 0.203 -0.904 -0.948 -0.29 -0.819 -0.807 -0.409 -0.59 -0.496 -1.447 -1.637 2.306 1.202 -2.373 -1.658 -0.461
245 D -1.763 -1.574 1.213 5.811 -2.358 -0.858 1.065 -1.109 -0.522 -2.711 -3.477 -0.815 -2.683 -2.905 -2.275 -0.938 -1.398 -3.517 -3.029 -2.85
246 Y -1.798 -1.763 -2.111 -3.008 -1.737 -1.769 -2.349 -2.918 2.119 -0.789 -0.896 -1.859 -0.668 3.363 -3.319 -2.423 -2.075 2.323 6.624 -0.965
247 F -2.32 -2.882 -2.846 -3.3 -1.36 -3.85 -3.468 -2.86 -0.814 0.291 0.579 -3.29 0.216 6.492 -4.434 -3.016 -2.356 0.866 2.945 -0.493
248 D -1.741 -1.234 2.916 3.031 -1.94 -1.068 -0.484 -1.308 1.181 -1.782 -2.092 -0.995 -1.58 1.218 -2.747 -1.117 -1.299 0.252 4.158 -1.875
249 N -1.645 -0.4 5.612 1.296 -1.832 -0.512 -0.711 -0.14 0.983 -2.698 -3.137 -0.281 -2.147 -2.36 -2.573 -0.104 -0.437 -2.952 -2.054 -2.546
250 I -1.362 -3.086 -3.248 -3.166 -0.136 -3.195 -3.672 -3.465 -2.697 4.483 1.691 -2.664 1.286 0.232 -3.49 -3.062 -1.06 -2.17 -1.271 2.875
251 L 0.262 -1.779 -1.767 -2.305 0.139 -1.93 -2.287 -1.993 -1.975 1.588 2.221 -1.661 1.042 -0.182 -2.569 -0.915 1.66 -2.004 -1.337 1.769
252 W -2.635 -2.368 -3.152 -3.606 -2.32 -2.81 -2.954 -2.351 -1.12 -1.839 -1.636 -2.776 -1.266 1.143 -5.394 -3.34 -2.68 10.596 2.184 -2.213
253 G 0.104 -2.343 -0.426 -1.308 -1.306 -2.181 -2.608 5.796 -1.462 -3.201 -3.446 -1.636 -2.652 -2.664 -2.765 -0.988 -1.905 -2.426 -3.134 -2.85
254 F 0.544 -1.711 -0.965 -1.544 -0.354 -1.821 -1.757 -1.111 -0.831 0.521 -0.267 -1.442 -0.216 4.114 -2.522 1.19 -0.293 -0.657 1.068 -0.087
255 W -1.793 -2.123 -2.665 -2.999 -1.17 -2.284 -2.727 -2.502 -1.017 0.171 0.544 -2.226 2.762 3.758 0.551 -2.57 -1.865 7.269 1.595 -0.42
256 V -0.517 -2.643 -3.011 -3.155 0.216 -2.746 -3.095 -3.088 -2.838 3.555 1.199 -2.458 0.985 -0.185 -3.253 -2.485 -0.61 -2.311 -1.271 3.773
257 S 1.082 -0.727 0.511 -0.234 0.087 -0.555 -0.541 -0.092 -0.446 -1.897 -2.314 -0.271 -1.172 -1.929 -1.461 3.212 1.025 -2.535 -1.741 -1.278
258 I -1.378 -2.981 -3.258 -3.207 -0.136 -3.133 -3.632 -3.455 -2.654 4.312 2.028 -2.644 1.384 0.3 -3.5 -3.07 -1.107 -2.112 -1.247 2.74
259 I -1.095 -2.953 -3.178 -3.163 -0.031 -3.059 -3.495 -3.352 -2.736 4.247 1.559 -2.604 1.203 0.119 -3.42 -2.885 -0.924 -2.21 -1.271 3.161
260 G 0.104 -2.343 -0.426 -1.308 -1.306 -2.181 -2.608 5.796 -1.462 -3.201 -3.446 -1.636 -2.652 -2.664 -2.765 -0.988 -1.905 -2.426 -3.134 -2.85
261 P -0.822 -1.999 -1.919 -1.549 -1.443 -1.919 -1.608 -1.838 -1.593 -2.303 -2.736 -1.05 -2.389 -3.321 6.648 -1.437 -1.334 -4.535 -2.621 -2.147
262 T -0.098 -1.078 -0.124 -1.0 0.136 -1.089 -1.363 -1.314 -1.399 -0.21 -1.043 -0.776 -0.517 -1.566 -1.673 0.719 4.201 -2.17 -1.692 0.244
263 L -1.818 -2.435 -3.137 -3.479 -0.565 -3.055 -3.361 -3.154 -1.611 1.446 3.072 -2.766 1.52 4.403 -3.899 -3.092 -1.857 -0.368 1.224 0.578
264 N -1.662 0.943 4.688 0.587 -1.851 -0.591 -0.954 -0.689 1.179 -2.193 -2.419 -0.172 -1.688 -0.02 -2.72 -0.561 -0.793 -0.848 2.507 -2.116
265 E -0.905 -0.107 -0.324 1.532 -2.397 1.361 4.46 -1.935 0.407 -2.75 -2.688 0.691 -1.739 -2.593 -1.867 -0.777 -1.286 -2.373 -1.893 -2.12
266 T 0.746 -1.307 -0.561 -1.29 0.236 -1.29 -1.499 -1.182 -1.501 0.666 -0.624 -0.979 -0.271 -1.342 -1.867 0.719 3.145 -2.27 -1.612 1.439
267 L -1.495 -2.385 -3.15 -3.35 -0.239 -2.669 -3.303 -3.251 -2.055 2.878 3.054 -2.47 2.415 2.089 -3.594 -2.971 -1.415 -1.361 -0.322 1.657
268 N -1.657 -0.498 5.377 2.221 -1.88 -0.545 -0.475 -0.224 0.863 -2.699 -3.169 -0.33 -2.196 -2.41 -2.542 -0.177 -0.52 -3.004 -2.138 -2.575
269 R -1.52 5.483 -0.448 -1.549 -2.245 0.532 -0.546 -2.114 0.113 -2.597 -2.013 2.033 -1.209 -2.458 -2.69 -1.392 -1.439 -2.22 -1.758 -2.147
270 I -0.97 -2.888 -3.144 -3.161 0.02 -2.994 -3.411 -3.297 -2.756 4.121 1.491 -2.574 1.161 0.061 -3.386 -2.801 -0.859 -2.23 -1.271 3.294
271 V -0.414 -2.585 -2.979 -3.153 0.263 -2.687 -3.021 -3.038 -2.859 3.395 1.122 -2.43 0.939 -0.25 -3.221 -2.412 -0.551 -2.331 -1.271 3.881
272 Y -1.798 -1.763 -2.111 -3.008 -1.737 -1.769 -2.349 -2.918 2.119 -0.789 -0.896 -1.859 -0.668 3.363 -3.319 -2.423 -2.075 2.323 6.624 -0.965
273 L 0.652 -2.331 -2.884 -2.947 0.05 -2.5 -2.884 -2.156 -2.182 3.019 2.59 -2.124 1.383 0.211 -2.987 -1.953 -1.1 -1.99 -1.262 1.827
274 P -0.822 -1.999 -1.919 -1.549 -1.443 -1.919 -1.608 -1.838 -1.593 -2.303 -2.736 -1.05 -2.389 -3.321 6.648 -1.437 -1.334 -4.535 -2.621 -2.147
275 F -2.32 -2.882 -2.846 -3.3 -1.36 -3.85 -3.468 -2.86 -0.814 0.291 0.579 -3.29 0.216 6.492 -4.434 -3.016 -2.356 0.866 2.945 -0.493
276 F -2.32 -2.882 -2.846 -3.3 -1.36 -3.85 -3.468 -2.86 -0.814 0.291 0.579 -3.29 0.216 6.492 -4.434 -3.016 -2.356 0.866 2.945 -0.493
277 I -1.362 -3.086 -3.248 -3.166 -0.136 -3.195 -3.672 -3.465 -2.697 4.483 1.691 -2.664 1.286 0.232 -3.49 -3.062 -1.06 -2.17 -1.271 2.875
278 E -0.905 -0.107 -0.324 1.532 -2.397 1.361 4.46 -1.935 0.407 -2.75 -2.688 0.691 -1.739 -2.593 -1.867 -0.777 -1.286 -2.373 -1.893 -2.12
279 G 0.104 -2.343 -0.426 -1.308 -1.306 -2.181 -2.608 5.796 -1.462 -3.201 -3.446 -1.636 -2.652 -2.664 -2.765 -0.988 -1.905 -2.426 -3.134 -2.85
280 V -0.735 -2.763 -3.077 -3.158 0.12 -2.867 -3.249 -3.191 -2.797 3.852 1.349 -2.515 1.074 -0.059 -3.319 -2.639 -0.732 -2.27 -1.271 3.544
281 L -1.399 -2.431 -3.229 -3.434 -0.183 -2.831 -3.336 -3.287 -2.234 2.703 3.201 -2.567 1.723 2.082 -3.596 -3.015 -1.392 -1.409 -0.34 1.886
282 S 0.998 -0.853 0.43 -0.325 -0.026 -0.683 -0.692 1.387 -0.533 -2.004 -2.409 -0.382 -1.29 -1.994 -1.568 2.982 0.835 -2.524 -1.854 -1.402
283 L -1.896 -2.505 -3.086 -3.449 -0.683 -3.173 -3.378 -3.103 -1.462 1.283 2.78 -2.847 1.34 4.873 -3.981 -3.079 -1.934 -0.122 1.592 0.425
284 I 0.343 -2.211 -2.245 -2.501 0.129 -2.172 -2.544 -2.112 -2.055 3.223 1.084 -1.902 1.773 -0.245 -2.846 -0.842 -0.523 -2.185 -1.309 2.791
285 L -1.526 -2.172 -3.348 -3.606 -0.136 -2.626 -3.291 -3.368 -2.299 2.019 4.014 -2.464 2.147 0.847 -3.59 -3.144 -1.566 -1.636 -1.042 1.12
286 L -1.066 -1.369 -2.345 -2.799 -0.154 -1.037 -2.339 -2.569 -0.954 1.618 2.149 -1.438 5.537 0.482 -3.228 -2.002 -1.031 -1.292 -0.818 1.004
287 I 1.33 -2.413 -2.677 -2.666 0.139 -2.44 -2.7 -1.699 -2.125 3.414 1.481 -1.968 0.908 -0.168 -2.727 -1.502 -0.892 -2.185 -1.379 2.125
288 V -0.785 -2.276 -2.643 -3.121 -0.288 -2.403 -2.76 -2.926 -0.24 2.088 0.475 -2.285 0.404 2.569 -3.311 -2.382 -1.004 0.194 3.731 2.942
289 I -1.445 -3.065 -3.205 -3.179 -0.237 -3.254 -3.651 -3.398 -2.443 4.253 1.597 -2.721 1.195 1.888 -3.572 -3.057 -1.167 -1.677 -0.445 2.669
290 F -0.777 -1.992 -1.411 -2.02 -0.72 -2.331 -2.234 -1.755 -0.812 0.059 0.689 -1.957 0.16 5.16 -3.124 0.423 -0.825 -0.025 1.85 -0.483
291 Y -1.846 -1.857 -2.177 -3.036 -1.697 -1.921 -2.443 -2.912 1.929 -0.661 -0.709 -1.974 -0.566 3.879 -3.413 -2.477 -2.102 2.206 6.408 -0.914
292 R -1.52 5.202 -0.637 -1.7 -1.95 0.334 -0.729 -2.217 -0.055 -1.636 -0.47 1.796 -0.636 -1.897 -2.768 -1.526 -1.452 -2.156 -1.678 -1.597
293 L -1.696 -2.255 -3.095 -3.478 -0.478 -2.727 -3.215 -3.213 -1.135 1.542 3.293 -2.541 1.644 3.317 -3.71 -3.038 -1.757 -0.334 2.052 0.695
294 Y -1.798 -1.763 -2.111 -3.008 -1.737 -1.769 -2.349 -2.918 2.119 -0.789 -0.896 -1.859 -0.668 3.363 -3.319 -2.423 -2.075 2.323 6.624 -0.965
295 K -0.556 1.922 -0.167 -0.657 -1.679 0.71 0.252 -1.177 -0.25 -2.087 -2.234 4.211 -1.206 -2.693 -1.651 -0.085 -0.775 -2.535 -1.771 -1.906
296 E -0.1 -1.131 -0.777 -0.238 -0.446 -0.381 1.673 -1.59 -0.814 1.682 -0.333 -0.567 -0.165 -1.165 -2.212 0.763 -0.208 -2.378 -1.585 1.535
297 T 0.044 -1.041 -0.054 -0.914 0.131 -1.031 -1.27 -1.166 -1.288 -0.34 -1.147 -0.722 -0.577 -1.6 -1.651 1.09 4.002 -2.205 -1.697 0.123
298 N -1.416 -0.293 3.547 0.873 -2.136 0.276 1.962 -1.021 5.002 -2.698 -2.825 -0.072 -1.73 -1.87 -2.386 -0.682 -1.133 -2.255 -0.339 -2.54
299 E -0.708 -0.408 -0.639 0.106 -0.907 0.129 2.316 -1.897 -0.586 1.026 -0.746 0.723 -0.477 -1.513 -2.04 -0.524 1.615 -2.285 -1.687 0.302
300 N -1.573 -0.467 5.09 2.239 -1.933 -0.29 0.619 -0.365 0.808 -2.704 -3.121 -0.215 -2.152 -2.433 -2.464 -0.239 -0.597 -2.939 -2.121 -2.529
301 V -0.386 0.332 -1.535 -2.168 0.06 -1.652 -2.105 -2.312 -1.937 2.312 0.367 -1.067 0.386 -0.78 -2.611 -0.992 1.769 -2.275 -1.438 2.872
302 L -1.432 -2.265 -3.248 -3.525 -0.183 -2.722 -3.264 -3.268 -2.162 2.012 3.596 -2.527 1.89 2.153 -3.617 -3.031 -1.498 -1.321 -0.306 1.49
303 Y -1.798 -1.763 -2.111 -3.008 -1.737 -1.769 -2.349 -2.918 2.119 -0.789 -0.896 -1.859 -0.668 3.363 -3.319 -2.423 -2.075 2.323 6.624 -0.965
304 R -1.441 5.277 -0.428 -1.453 -2.215 0.562 -0.446 -2.025 0.08 -2.544 -2.034 2.389 -1.209 -2.489 -2.57 -1.335 -1.4 -2.25 -1.759 -2.131
305 K -0.812 2.108 -0.254 -0.708 -1.963 0.821 0.328 -1.328 -0.229 -2.109 -2.226 4.453 -1.209 -2.791 -1.673 -0.867 -1.068 -2.535 -1.774 -1.984
306 Y -1.76 -1.978 -2.503 -3.204 -1.125 -2.166 -2.704 -3.039 1.094 0.456 1.644 -2.149 0.562 3.423 -3.494 -2.679 -1.938 1.44 5.377 -0.13
307 F -2.32 -2.882 -2.846 -3.3 -1.36 -3.85 -3.468 -2.86 -0.814 0.291 0.579 -3.29 0.216 6.492 -4.434 -3.016 -2.356 0.866 2.945 -0.493
308 Y -1.798 -1.763 -2.111 -3.008 -1.737 -1.769 -2.349 -2.918 2.119 -0.789 -0.896 -1.859 -0.668 3.363 -3.319 -2.423 -2.075 2.323 6.624 -0.965
309 F -2.018 -2.841 -2.97 -3.302 -0.935 -3.565 -3.489 -3.02 -1.236 1.884 1.386 -3.064 0.706 5.611 -4.129 -3.038 -1.966 0.265 2.197 0.71
310 S 1.901 -0.861 0.19 -0.47 0.219 -0.691 -0.675 0.011 -0.581 -1.646 -2.082 -0.375 -1.107 -1.91 -1.461 2.834 0.79 -2.513 -1.741 -0.929
311 F -2.32 -2.882 -2.846 -3.3 -1.36 -3.85 -3.468 -2.86 -0.814 0.291 0.579 -3.29 0.216 6.492 -4.434 -3.016 -2.356 0.866 2.945 -0.493
312 L -1.411 -2.78 -3.278 -3.291 -0.136 -3.012 -3.553 -3.435 -2.572 3.937 2.602 -2.603 1.572 0.431 -3.52 -3.086 -1.203 -1.999 -1.2 2.451
313 P -0.822 -1.999 -1.919 -1.549 -1.443 -1.919 -1.608 -1.838 -1.593 -2.303 -2.736 -1.05 -2.389 -3.321 6.648 -1.437 -1.334 -4.535 -2.621 -2.147
314 A 3.883 -1.469 -1.648 -1.673 0.694 -1.306 -1.284 0.388 -1.197 -0.816 -1.307 -0.834 -0.859 -1.834 -1.461 0.469 -0.408 -2.426 -1.741 0.153
315 L -0.761 -2.222 -3.015 -3.284 0.118 -2.397 -2.975 -3.063 -2.401 2.546 2.662 -2.3 2.266 0.255 -3.33 -2.557 -0.9 -1.94 -1.13 2.963
316 I -1.378 -2.981 -3.258 -3.207 -0.136 -3.133 -3.632 -3.455 -2.654 4.312 2.028 -2.644 1.384 0.3 -3.5 -3.07 -1.107 -2.112 -1.247 2.74
317 I -1.362 -3.086 -3.248 -3.166 -0.136 -3.195 -3.672 -3.465 -2.697 4.483 1.691 -2.664 1.286 0.232 -3.49 -3.062 -1.06 -2.17 -1.271 2.875
318 I -1.095 -2.953 -3.178 -3.163 -0.031 -3.059 -3.495 -3.352 -2.736 4.247 1.559 -2.604 1.203 0.119 -3.42 -2.885 -0.924 -2.21 -1.271 3.161
319 L -1.526 -2.172 -3.348 -3.606 -0.136 -2.626 -3.291 -3.368 -2.299 2.019 4.014 -2.464 2.147 0.847 -3.59 -3.144 -1.566 -1.636 -1.042 1.12
320 L -1.241 -1.664 -2.706 -3.096 -0.147 -1.572 -2.683 -2.862 -1.42 1.785 3.043 -1.806 4.603 0.634 -3.367 -2.406 -1.234 -1.425 -0.905 1.051
321 I -1.362 -3.086 -3.248 -3.166 -0.136 -3.195 -3.672 -3.465 -2.697 4.483 1.691 -2.664 1.286 0.232 -3.49 -3.062 -1.06 -2.17 -1.271 2.875
322 H -1.693 -0.343 0.474 -0.947 -2.32 -0.151 -0.486 -1.683 7.972 -2.647 -2.581 -0.751 -1.247 -0.838 -2.735 -1.565 -2.212 -1.44 1.681 -3.021
323 Y -1.798 -1.763 -2.111 -3.008 -1.737 -1.769 -2.349 -2.918 2.119 -0.789 -0.896 -1.859 -0.668 3.363 -3.319 -2.423 -2.075 2.323 6.624 -0.965
324 P -0.822 -1.999 -1.919 -1.549 -1.443 -1.919 -1.608 -1.838 -1.593 -2.303 -2.736 -1.05 -2.389 -3.321 6.648 -1.437 -1.334 -4.535 -2.621 -2.147
325 F -2.32 -2.882 -2.846 -3.3 -1.36 -3.85 -3.468 -2.86 -0.814 0.291 0.579 -3.29 0.216 6.492 -4.434 -3.016 -2.356 0.866 2.945 -0.493
326 G 0.055 -2.428 -0.599 -1.461 3.549 -2.285 -2.714 5.512 -1.58 -2.832 -3.094 -1.753 -2.448 -2.592 -2.805 -1.048 -1.839 -2.496 -3.097 -2.487
327 L -1.069 -2.259 -3.211 -3.461 0.02 -2.61 -3.161 -3.233 -2.467 2.367 3.385 -2.436 1.814 0.53 -3.453 -2.853 -1.179 -1.838 -1.109 2.363
328 F -2.32 -2.882 -2.846 -3.3 -1.36 -3.85 -3.468 -2.86 -0.814 0.291 0.579 -3.29 0.216 6.492 -4.434 -3.016 -2.356 0.866 2.945 -0.493
329 N -1.645 -0.4 5.612 1.296 -1.832 -0.512 -0.711 -0.14 0.983 -2.698 -3.137 -0.281 -2.147 -2.36 -2.573 -0.104 -0.437 -2.952 -2.054 -2.546
330 P -0.822 -1.999 -1.919 -1.549 -1.443 -1.919 -1.608 -1.838 -1.593 -2.303 -2.736 -1.05 -2.389 -3.321 6.648 -1.437 -1.334 -4.535 -2.621 -2.147
331 G 0.104 -2.343 -0.426 -1.308 -1.306 -2.181 -2.608 5.796 -1.462 -3.201 -3.446 -1.636 -2.652 -2.664 -2.765 -0.988 -1.905 -2.426 -3.134 -2.85
332 A 3.288 -1.226 -0.816 -1.161 0.525 -1.059 -1.04 0.252 -0.95 -1.1 -1.574 -0.653 -0.95 -1.862 -1.461 1.593 0.101 -2.458 -1.741 -0.207
333 A 3.883 -1.469 -1.648 -1.673 0.694 -1.306 -1.284 0.388 -1.197 -0.816 -1.307 -0.834 -0.859 -1.834 -1.461 0.469 -0.408 -2.426 -1.741 0.153
334 I -1.362 -3.086 -3.248 -3.166 -0.136 -3.195 -3.672 -3.465 -2.697 4.483 1.691 -2.664 1.286 0.232 -3.49 -3.062 -1.06 -2.17 -1.271 2.875
335 R -1.52 5.483 -0.448 -1.549 -2.245 0.532 -0.546 -2.114 0.113 -2.597 -2.013 2.033 -1.209 -2.458 -2.69 -1.392 -1.439 -2.22 -1.758 -2.147
336 Y -1.798 -1.763 -2.111 -3.008 -1.737 -1.769 -2.349 -2.918 2.119 -0.789 -0.896 -1.859 -0.668 3.363 -3.319 -2.423 -2.075 2.323 6.624 -0.965
337 K -0.812 2.108 -0.254 -0.708 -1.963 0.821 0.328 -1.328 -0.229 -2.109 -2.226 4.453 -1.209 -2.791 -1.673 -0.867 -1.068 -2.535 -1.774 -1.984
338 Q -0.868 1.022 -0.078 -0.342 -1.897 4.831 1.406 -1.465 0.784 -2.226 -1.976 1.236 -0.389 -2.944 -2.137 -0.74 -0.961 -2.17 -1.271 -1.773
339 N -1.645 -0.4 5.612 1.296 -1.832 -0.512 -0.711 -0.14 0.983 -2.698 -3.137 -0.281 -2.147 -2.36 -2.573 -0.104 -0.437 -2.952 -2.054 -2.546
340 I -1.362 -3.086 -3.248 -3.166 -0.136 -3.195 -3.672 -3.465 -2.697 4.483 1.691 -2.664 1.286 0.232 -3.49 -3.062 -1.06 -2.17 -1.271 2.875
341 T -0.098 -1.078 -0.124 -1.0 0.136 -1.089 -1.363 -1.314 -1.399 -0.21 -1.043 -0.776 -0.517 -1.566 -1.673 0.719 4.201 -2.17 -1.692 0.244
342 P -0.822 -1.999 -1.919 -1.549 -1.443 -1.919 -1.608 -1.838 -1.593 -2.303 -2.736 -1.05 -2.389 -3.321 6.648 -1.437 -1.334 -4.535 -2.621 -2.147
343 L -1.526 -2.172 -3.348 -3.606 -0.136 -2.626 -3.291 -3.368 -2.299 2.019 4.014 -2.464 2.147 0.847 -3.59 -3.144 -1.566 -1.636 -1.042 1.12
344 I -1.362 -3.086 -3.248 -3.166 -0.136 -3.195 -3.672 -3.465 -2.697 4.483 1.691 -2.664 1.286 0.232 -3.49 -3.062 -1.06 -2.17 -1.271 2.875
345 Y -1.798 -1.763 -2.111 -3.008 -1.737 -1.769 -2.349 -2.918 2.119 -0.789 -0.896 -1.859 -0.668 3.363 -3.319 -2.423 -2.075 2.323 6.624 -0.965
346 F -2.32 -2.882 -2.846 -3.3 -1.36 -3.85 -3.468 -2.86 -0.814 0.291 0.579 -3.29 0.216 6.492 -4.434 -3.016 -2.356 0.866 2.945 -0.493
347 Y -1.798 -1.763 -2.111 -3.008 -1.737 -1.769 -2.349 -2.918 2.119 -0.789 -0.896 -1.859 -0.668 3.363 -3.319 -2.423 -2.075 2.323 6.624 -0.965
348 P -0.822 -1.999 -1.919 -1.549 -1.443 -1.919 -1.608 -1.838 -1.593 -2.303 -2.736 -1.05 -2.389 -3.321 6.648 -1.437 -1.334 -4.535 -2.621 -2.147
349 L -1.526 -2.172 -3.348 -3.606 -0.136 -2.626 -3.291 -3.368 -2.299 2.019 4.014 -2.464 2.147 0.847 -3.59 -3.144 -1.566 -1.636 -1.042 1.12
350 L -1.526 -2.172 -3.348 -3.606 -0.136 -2.626 -3.291 -3.368 -2.299 2.019 4.014 -2.464 2.147 0.847 -3.59 -3.144 -1.566 -1.636 -1.042 1.12
351 L -0.697 -1.761 -2.56 -2.935 0.06 -1.557 -2.543 -2.712 -1.584 2.275 1.73 -1.777 4.419 0.166 -3.199 -2.106 -0.779 -1.677 -0.99 2.642
352 L -1.476 -2.417 -3.318 -3.467 -0.136 -2.785 -3.4 -3.397 -2.413 2.999 3.49 -2.522 1.914 0.676 -3.56 -3.119 -1.405 -1.786 -1.109 1.766
353 A 3.883 -1.469 -1.648 -1.673 0.694 -1.306 -1.284 0.388 -1.197 -0.816 -1.307 -0.834 -0.859 -1.834 -1.461 0.469 -0.408 -2.426 -1.741 0.153
354 C -0.433 -3.324 -2.95 -3.404 9.664 -3.444 -3.91 -2.149 -2.936 -0.717 -1.047 -3.099 -1.064 -2.013 -3.192 -1.656 -1.302 -3.22 -2.782 -0.395
355 I -1.362 -3.086 -3.248 -3.166 -0.136 -3.195 -3.672 -3.465 -2.697 4.483 1.691 -2.664 1.286 0.232 -3.49 -3.062 -1.06 -2.17 -1.271 2.875
356 N -1.55 -0.026 5.35 1.148 -1.845 -0.348 -0.588 -0.239 0.882 -2.633 -3.032 0.722 -2.038 -2.4 -2.469 -0.171 -0.494 -2.907 -2.025 -2.485
357 K -1.036 3.289 -0.332 -0.004 -2.172 0.915 2.146 -1.725 0.077 -2.434 -2.289 3.032 -1.358 -2.628 -2.005 -0.986 -1.241 -2.389 -1.804 -2.073
358 G 0.152 -1.441 -0.366 -1.176 -0.764 -1.318 -1.542 2.9 0.4 -1.808 -2.057 -1.063 -1.36 0.727 -2.297 1.283 -0.396 -0.098 3.445 -1.555
359 K -0.927 2.483 -0.466 -0.957 -1.743 0.566 0.02 -1.556 -0.361 -0.308 -1.477 3.99 -0.838 -2.271 -1.902 -1.076 -1.102 -2.463 -1.718 -0.946
360 A 1.896 -1.596 -1.158 -1.578 0.341 -1.501 -1.574 -0.746 -1.453 1.558 -0.23 -1.158 -0.056 -1.097 -2.047 1.047 0.045 -2.415 -1.544 2.023
361 K -1.038 1.556 2.907 0.051 -1.923 0.482 0.053 -0.918 0.191 -2.273 -2.47 3.654 -1.46 -2.655 -1.914 -0.616 -0.863 -2.654 -1.855 -2.142
362 C -0.106 -1.213 3.005 -0.193 6.638 -1.21 -1.356 -0.638 -0.376 -1.645 -2.026 -0.939 -1.412 -2.084 -2.308 1.195 -0.065 -2.878 -2.15 -1.266
363 Y -0.484 -1.365 -0.943 -1.755 -0.984 -1.295 -1.603 -1.635 1.499 -1.103 -1.286 -1.217 -0.816 2.425 -2.549 0.737 -0.632 1.419 5.512 -1.055
364 L -1.367 -0.908 -2.331 -2.724 -0.494 -1.472 -2.193 -2.684 -1.291 1.343 2.714 0.191 3.249 2.429 -3.216 -2.345 -1.419 -1.117 -0.032 0.599
365 G -0.528 0.725 -0.938 -1.162 -0.87 -0.908 -0.177 2.71 -1.16 1.268 -0.663 0.446 -0.517 -1.46 -2.559 -1.163 0.006 -2.326 -1.941 0.801