#Seq2Logo.py -f /work3/idamei/ssn-clusterings/clustering/2205111239/clusters/0008_248/sequences.afa -o /work3/idamei/ssn-clusterings/clustering/2205111239/clusters/0008_248/sequences.logo
Last position-specific scoring matrix computed, values are in halfbits
A R N D C Q E G H I L K M F P S T W Y V
0 L -1.116 -1.419 -2.396 -2.85 -0.204 -1.087 -2.389 -2.619 -1.004 1.567 2.099 -1.488 5.785 0.432 -3.278 -2.052 -1.082 -1.342 -0.868 0.954
1 D -1.479 -0.565 2.648 2.752 -1.472 1.859 0.074 -1.353 -0.048 -0.641 0.787 -0.337 -0.162 -1.396 -2.641 -1.082 -1.107 -2.53 -1.799 -1.078
2 V -0.73 -1.272 -1.188 -0.789 -0.728 -0.658 1.308 -2.244 0.103 0.564 -0.677 -0.881 -0.421 0.634 -2.46 -0.944 1.386 -0.364 3.167 1.427
3 L -1.533 -2.179 -3.355 -3.613 -0.143 -2.633 -3.298 -3.375 -2.306 2.012 4.026 -2.471 2.14 0.84 -3.597 -3.151 -1.573 -1.643 -1.049 1.113
4 S 0.658 0.009 0.307 -0.353 -0.351 1.131 -0.152 -0.417 -0.284 -2.012 -2.309 1.113 -1.116 -2.186 -1.614 2.766 0.585 -2.537 -1.732 -1.466
5 K -0.31 0.896 -0.461 -1.012 -0.888 0.078 -0.424 -1.247 -0.499 -0.664 -0.452 2.989 2.457 -1.459 -1.979 0.744 -0.429 -2.22 -1.546 -0.819
6 G -0.734 0.151 -0.808 -1.249 -1.277 1.913 -0.491 2.367 -0.666 1.264 -0.817 1.754 -0.442 -1.747 -2.487 -1.326 -1.274 -2.371 -1.82 0.038
7 L -1.204 -1.81 -1.957 -2.635 -0.432 -2.004 -2.509 -2.658 -0.353 0.981 2.548 -1.854 1.041 1.338 -2.972 -1.539 1.234 -0.166 3.221 0.447
8 N -0.269 0.04 3.261 0.313 -1.087 2.515 0.192 -0.528 0.477 -2.284 -2.465 0.292 -1.177 -2.41 -2.049 1.399 -0.026 -2.563 -1.699 -1.848
9 R -0.227 3.368 -0.062 -0.809 -1.204 0.295 -0.252 -1.085 -0.207 -2.215 -2.21 2.722 -1.226 -2.399 -1.922 1.167 -0.306 -2.454 -1.786 -1.807
10 L -1.246 -0.136 -1.927 -2.222 -0.655 -1.11 -1.634 -2.57 -1.555 2.575 2.151 1.809 1.026 -0.222 -2.804 -2.181 -1.251 -2.119 -1.375 1.258
11 G -0.654 -0.163 -1.054 -1.581 -1.063 -1.018 -1.494 2.987 -1.318 1.83 -0.484 1.88 -0.422 -1.406 -2.573 -1.508 -1.347 -2.402 -1.987 0.484
12 N -1.632 3.018 4.669 0.591 -1.992 -0.149 -0.684 -0.69 0.692 -2.693 -2.741 0.681 -1.828 -2.421 -2.64 -0.501 -0.763 -2.715 -1.981 -2.436
13 L -1.358 -1.173 -2.161 -2.362 -0.536 1.525 -1.352 -2.832 -1.286 2.453 2.793 -1.096 1.414 0.04 -3.181 -2.366 -1.325 -1.941 -1.204 1.214
14 K -0.885 1.643 -0.321 -0.015 -2.116 0.916 2.066 -1.518 -0.106 -2.306 -2.385 3.985 -1.383 -2.791 -1.77 -0.894 -1.171 -2.543 -1.854 -2.068
15 L -1.579 -2.736 -3.281 -3.391 -0.313 -3.087 -3.548 -3.396 -2.293 3.49 2.739 -2.707 1.489 2.334 -3.681 -3.137 -1.432 -1.443 -0.259 1.968
16 D -1.273 -1.165 2.968 4.277 -1.451 -0.872 0.157 -0.93 -0.282 -1.904 -2.635 -0.713 -1.909 -2.43 -2.23 -0.281 1.432 -3.034 -2.44 -1.714
17 G 0.054 -2.393 -0.476 -1.358 -1.356 -2.231 -2.658 5.843 -1.512 -3.251 -3.496 -1.686 -2.702 -2.714 -2.815 -1.038 -1.955 -2.476 -3.184 -2.9
18 R -1.439 2.684 -0.75 -1.241 -2.133 3.377 0.253 -1.872 0.187 -2.26 -1.946 0.855 -0.832 -1.256 -2.877 -1.431 -1.481 6.744 -0.077 -2.019
19 L -0.859 -2.536 -2.027 -2.541 -0.504 -2.666 -3.185 2.877 -2.135 2.516 2.078 -2.248 0.848 -0.205 -3.286 -2.243 -1.518 -2.087 -1.705 1.176
20 L -1.437 -2.279 -3.147 -3.352 -0.197 -2.426 -3.232 -3.274 -2.134 2.995 3.186 -2.338 3.163 0.545 -3.541 -2.911 -1.353 -1.767 -1.118 1.691
21 Y -1.952 -2.012 -2.301 -3.121 -1.715 -2.139 -2.598 -2.963 1.668 -0.595 -0.591 -2.151 -0.525 4.322 -3.567 -2.589 -2.186 2.028 6.283 -0.921
22 E -1.459 -1.329 -0.695 2.451 -1.637 -0.334 2.479 -2.204 -0.503 1.053 -0.625 -0.692 -0.61 2.526 -2.679 -1.581 -1.502 -1.535 -0.171 -0.125
23 L -1.802 -2.858 -3.156 -3.36 -0.622 -3.363 -3.568 -3.247 -1.788 2.991 2.02 -2.911 1.067 4.404 -3.911 -3.117 -1.679 -0.553 1.126 1.5
24 G 2.406 -1.662 -0.665 -1.245 -0.147 -1.497 -1.608 3.756 -1.184 -1.851 -2.266 -1.051 -1.581 -2.216 -1.972 0.952 -0.563 -2.504 -2.278 -1.09
25 F -2.265 -2.678 -2.74 -3.296 -1.489 -3.354 -3.264 -2.929 0.001 0.048 0.281 -2.998 0.002 6.159 -4.231 -2.944 -2.355 1.165 4.173 -0.639
26 V 1.117 -2.403 -2.727 -2.848 0.279 -2.431 -2.662 -2.025 -2.491 3.004 0.751 -2.099 0.622 -0.533 -2.841 -1.64 -0.602 -2.399 -1.416 3.482
27 F -1.497 -2.498 -2.906 -3.326 5.371 -2.803 -3.303 -2.791 -1.494 0.812 1.789 -2.68 2.613 4.343 -3.78 -2.557 -1.729 -0.537 1.067 0.191
28 Y -1.463 -1.949 -2.312 -3.093 -1.237 -1.97 -2.505 -2.979 1.542 0.428 -0.474 -2.012 -0.352 2.852 -3.343 -2.449 -1.722 1.76 6.143 1.031
29 F -2.2 -2.782 -2.997 -3.416 -1.127 -3.617 -3.489 -3.012 -1.113 0.672 1.678 -3.162 0.662 6.032 -4.301 -3.098 -2.237 0.453 2.42 -0.147
30 V -0.051 -2.133 -1.91 -2.344 0.199 -2.145 -2.349 -2.196 -2.255 2.724 0.577 -1.893 0.535 -0.617 -2.813 -0.007 -0.186 -2.44 -1.416 3.556
31 I 0.085 -2.254 -1.259 1.797 -0.272 -2.087 -1.524 -2.02 -1.917 2.967 0.447 -1.788 0.294 -0.727 -2.748 -1.437 0.277 -2.521 -1.696 2.292
32 G 1.34 -1.816 -1.257 -1.793 -0.044 -1.79 -1.985 2.092 -1.593 0.694 0.92 -1.444 0.085 -0.96 -2.41 0.468 -0.525 -2.317 -1.759 1.289
33 F -2.158 -2.979 -2.979 -3.33 -1.127 -3.763 -3.565 -3.029 -1.162 1.795 0.781 -3.211 0.407 6.014 -4.276 -3.082 -2.103 0.407 2.407 0.507
34 L -1.489 -2.322 -3.305 -3.582 -0.24 -2.779 -3.321 -3.325 -2.22 1.955 3.677 -2.584 1.833 2.163 -3.674 -3.088 -1.555 -1.378 -0.363 1.485
35 Q -1.19 2.522 2.273 -0.165 -2.007 3.875 0.697 -1.31 0.647 -2.444 -2.239 1.126 -0.883 -2.775 -2.381 -0.772 -0.991 -2.378 -1.564 -2.043
36 T -0.173 -1.336 -0.4 -1.202 -0.175 -1.394 -1.531 -1.307 -1.12 -0.417 -0.879 -1.068 -0.525 2.525 -2.059 1.121 3.259 -1.363 -0.062 -0.205
37 S 0.609 -0.919 0.216 -0.574 0.049 -0.814 -0.899 -0.578 -0.847 -1.158 -1.794 -0.52 -0.949 -1.835 -1.601 2.593 2.82 -2.44 -1.779 -0.628
38 T 1.011 -1.259 -0.691 -1.414 0.121 -1.186 -1.562 -1.176 -1.357 0.035 -0.307 -0.958 1.919 -1.215 -1.912 0.294 3.469 -2.114 -1.606 0.3
39 F -2.206 -2.53 -2.651 -3.27 -1.551 -3.05 -3.116 -2.95 0.449 -0.097 0.095 -2.801 -0.121 5.857 -4.084 -2.876 -2.331 1.366 4.806 -0.713
40 L -0.987 -1.381 1.552 -1.29 -0.331 -1.457 -1.965 -1.837 -1.061 0.77 2.026 -1.318 2.421 -0.339 -2.676 -0.774 1.969 -1.999 -1.427 0.355
41 E -1.429 -0.77 1.958 2.563 -2.166 0.226 3.065 -1.595 0.137 -2.027 -2.032 -0.173 -1.554 1.959 -2.429 -1.012 -1.36 -1.776 -0.5 -2.006
42 F -1.714 -2.548 -2.866 -3.343 -0.898 -3.04 -3.194 -3.034 -0.504 1.087 1.426 -2.777 0.562 5.076 -3.912 -2.865 -1.837 0.492 3.457 1.169
43 F -1.791 -2.753 -3.007 -3.394 -0.849 -3.441 -3.403 -3.024 -1.364 1.196 1.563 -3.04 0.669 5.586 -4.103 -2.969 -1.877 0.118 2.033 1.209
44 G -0.038 -1.968 -0.709 -1.243 -1.134 -1.829 -1.894 4.101 -1.377 -2.706 -3.057 -1.24 -2.336 -2.792 3.78 0.262 -1.075 -3.066 -2.756 -2.365
45 K -0.208 0.808 -0.188 -0.83 -1.077 -0.087 -0.474 1.759 -0.687 -1.865 -2.234 3.025 -1.334 -2.45 -1.861 0.613 1.014 -2.524 -2.011 -1.536
46 N -1.06 -0.692 4.839 2.602 -1.551 -0.646 -0.374 -0.343 0.5 -2.621 -3.105 -0.433 -2.109 -2.436 -2.378 0.748 -0.332 -3.034 -2.209 -2.408
47 T 0.9 -0.862 -0.761 -1.347 -0.125 1.115 -0.928 -1.271 -1.052 -0.062 0.579 -0.596 0.037 -1.259 -2.025 -0.007 2.819 -2.185 -1.58 0.085
48 L -1.658 -2.338 -3.226 -3.511 -0.38 -2.73 -3.327 -3.282 -1.965 2.074 3.448 -2.568 2.417 2.865 -3.744 -3.073 -1.658 -1.118 0.052 1.035
49 H -1.453 -0.687 2.075 -0.725 -1.667 -0.572 -0.882 -1.589 7.001 -0.678 -1.738 -0.947 -0.958 -1.027 -2.844 -1.431 -1.563 -1.86 0.864 0.08
50 D -1.419 2.001 -0.022 3.173 -1.778 1.509 0.285 -1.721 -0.378 -1.138 0.092 1.569 -0.55 -1.85 -2.453 -1.305 -1.368 -2.587 -1.953 -1.437
51 L 0.463 -2.515 -3.013 -3.053 -0.051 -2.676 -3.073 -2.408 -2.333 3.442 2.495 -2.279 1.295 0.144 -3.136 -2.182 -1.164 -2.091 -1.335 1.959
52 S 1.524 -1.208 -0.339 -0.987 0.179 -1.096 -1.156 -0.571 -1.091 -0.019 -1.189 -0.786 -0.645 -1.607 -1.791 2.178 1.606 -2.497 -1.72 0.959
53 Y -1.61 -2.106 -2.417 -3.149 -1.281 -2.23 -2.666 -2.983 1.242 0.382 -0.296 -2.21 -0.274 3.905 -3.519 -2.558 -1.84 1.608 5.823 0.834
54 A 3.901 -1.477 -1.655 -1.68 0.687 -1.313 -1.291 0.381 -1.204 -0.823 -1.314 -0.841 -0.866 -1.841 -1.468 0.462 -0.415 -2.433 -1.748 0.146
55 L -1.362 -2.483 -3.282 -3.495 -0.201 -2.862 -3.362 -3.334 -2.361 2.692 3.225 -2.613 1.626 1.857 -3.628 -3.027 -1.384 -1.568 -0.532 2.114
56 G 1.879 -2.136 -1.471 -1.788 -0.388 -2.018 -2.125 3.217 -1.631 0.679 -1.197 -1.447 -1.045 -1.837 2.113 -0.759 -1.175 -2.709 -2.254 -0.054
57 L 0.422 -2.114 -3.057 -3.251 -0.051 -2.431 -2.916 -2.375 -2.155 1.63 3.687 -2.191 1.746 0.469 -3.179 -2.211 -1.409 -1.825 -1.218 0.909
58 G 2.607 -1.92 -1.44 -1.851 -0.051 -1.84 -2.021 3.312 -1.515 -0.636 0.29 -1.384 -0.524 -1.447 -2.206 -0.437 -1.087 -2.349 -2.059 -0.385
59 L -1.542 -2.517 -3.386 -3.523 -0.207 -2.875 -3.484 -3.471 -2.497 3.159 3.508 -2.6 1.816 0.585 -3.628 -3.188 -1.459 -1.875 -1.187 1.759
60 I -1.363 -2.846 -3.207 -3.326 -0.285 -3.146 -3.499 -3.32 -2.323 3.609 1.999 -2.744 1.164 2.68 -3.655 -2.991 -1.27 -1.411 -0.049 2.562
61 L -1.349 -2.555 -3.274 -3.458 -0.201 -2.908 -3.392 -3.342 -2.392 2.969 3.027 -2.63 1.553 1.825 -3.619 -3.02 -1.342 -1.607 -0.547 2.25
62 F -2.102 -2.697 -3.075 -3.469 -0.963 -3.453 -3.479 -3.091 -1.301 0.917 2.26 -3.059 0.94 5.617 -4.196 -3.129 -2.139 0.175 2.045 0.079
63 K -0.883 2.037 -0.325 -0.779 -2.034 0.75 0.256 -1.399 -0.3 -2.18 -2.297 4.63 -1.281 -2.863 -1.744 -0.938 -1.139 -2.606 -1.846 -2.056
64 I -1.103 -2.991 -3.232 -3.234 -0.077 -3.098 -3.524 -3.396 -2.818 4.327 1.454 -2.66 1.111 0.019 -3.474 -2.914 -0.963 -2.291 -1.342 3.246
65 F -2.047 -2.707 -2.805 -3.262 -1.185 -3.228 -3.293 -3.033 -0.204 1.682 0.569 -2.87 0.271 5.484 -4.027 -2.946 -2.044 0.82 3.869 0.453
66 F -2.208 -2.986 -2.98 -3.348 -1.187 -3.801 -3.572 -3.024 -1.125 1.597 0.726 -3.247 0.353 6.137 -4.325 -3.095 -2.167 0.464 2.479 0.342
67 F -1.935 -2.727 -3.142 -3.446 -0.755 -3.351 -3.511 -3.189 -1.58 2.049 2.381 -2.956 1.1 4.939 -4.033 -3.137 -1.903 -0.242 1.506 0.825
68 D -1.814 -1.413 2.603 5.501 -2.335 -0.868 0.763 -0.995 -0.281 -2.78 -3.489 -0.79 -2.658 -2.878 -2.394 -0.852 -1.285 -3.486 -2.913 -2.868
69 E -0.61 0.405 2.027 0.596 -1.662 1.965 2.481 -1.116 0.291 -2.456 -2.552 1.676 -1.414 -2.588 -1.98 0.533 -0.612 -2.551 -1.832 -2.015
70 Q -1.186 0.672 1.895 -0.393 -1.941 3.484 0.467 -1.425 0.882 -2.05 -2.028 1.714 -0.871 -0.534 -2.357 -0.928 -1.109 -0.949 2.306 -1.836
71 T -0.43 1.994 2.03 -0.445 -0.824 -0.288 -0.712 -1.032 -0.344 -1.499 -1.94 1.535 -1.15 -2.146 -1.989 0.858 2.167 -2.488 -1.854 -1.093
72 V -0.882 -2.45 -2.951 -3.27 -0.145 -2.592 -3.034 -3.158 -1.223 2.857 1.678 -2.412 0.927 0.851 -3.378 -2.62 -1.006 -0.842 2.371 3.164
73 K -0.636 2.479 -0.528 -1.109 -1.268 0.09 -0.431 -1.51 -0.562 0.586 -1.149 3.199 -0.68 -1.918 -2.095 0.193 -0.716 -2.488 -1.747 -0.411
74 S -0.206 0.155 -0.331 -0.321 -0.917 1.662 1.348 -1.246 -0.295 -0.98 0.179 1.447 -0.314 -1.615 -2.02 1.222 -0.332 -2.349 -1.631 -1.045
75 F -1.984 -2.642 -2.917 -3.346 -1.014 -3.149 -3.322 -3.115 -0.489 1.744 1.539 -2.829 0.646 5.093 -3.98 -3.007 -1.989 0.505 3.457 0.544
76 L -0.947 -2.311 -1.98 -2.503 -0.322 -2.461 -2.93 1.308 -2.164 2.689 2.196 -2.093 0.956 -0.155 -3.078 -1.746 0.681 -2.091 -1.565 1.352
77 L 0.942 -2.01 -1.977 -2.323 0.108 -2.062 -2.288 -1.692 -1.944 2.325 1.781 -1.749 0.808 -0.348 -2.67 -0.024 -0.513 -2.242 -1.428 2.241
78 N -1.416 -0.768 4.724 0.505 -1.454 -0.853 -1.105 -0.71 0.873 -1.831 -2.293 -0.645 -1.602 -0.294 -2.578 -0.284 0.984 -1.138 2.211 -1.66
79 L -0.71 -2.239 -2.236 -2.599 -0.082 -2.374 -2.719 -2.536 -2.159 3.058 2.376 -2.075 1.205 0.041 -3.086 -0.479 -0.695 -2.137 -1.335 2.271
80 L -0.814 -2.519 -2.847 -3.151 -0.068 -2.721 -3.179 -0.202 -2.585 2.854 2.375 -2.451 1.2 0.002 -3.384 -2.583 -1.058 -2.149 -1.377 2.951
81 V -0.917 -2.803 -3.081 -3.251 -0.108 -3.027 -3.29 -3.162 -2.443 3.41 1.099 -2.677 0.838 2.552 -3.519 -2.703 -0.963 -1.536 -0.074 3.37
82 L -1.57 -2.377 -3.402 -3.599 -0.207 -2.785 -3.423 -3.455 -2.433 2.617 3.835 -2.567 1.949 0.682 -3.644 -3.201 -1.547 -1.79 -1.15 1.426
83 G 1.033 -2.241 -1.366 -1.987 -0.448 -2.212 -2.547 4.078 -1.81 0.216 0.465 -1.783 -0.384 -1.286 -2.744 -1.171 -1.345 -2.341 -2.169 0.813
84 I -1.233 -2.878 -3.277 -3.304 -0.119 -3.054 -3.532 -3.426 -2.73 4.109 2.131 -2.651 1.312 0.183 -3.519 -2.998 -1.093 -2.177 -1.302 2.902
85 L -1.254 -2.271 -2.68 -3.144 -0.372 -2.618 -3.237 1.216 -2.213 1.515 3.643 -2.379 1.657 0.416 -3.506 -2.725 -1.691 -1.825 -1.372 0.665
86 V 1.786 -2.267 -2.512 -2.662 0.147 -2.348 -2.436 -1.457 -1.897 2.018 0.323 -1.963 0.245 2.351 -2.707 -1.23 -0.792 -1.588 -0.169 2.68
87 L -1.258 -2.72 -3.293 -3.374 -0.119 -2.958 -3.469 -3.41 -2.661 3.729 2.641 -2.618 1.469 0.294 -3.535 -3.011 -1.17 -2.083 -1.264 2.682
88 T -0.098 -1.334 -0.402 -1.181 0.013 -1.315 -1.543 -1.385 -1.456 1.225 -0.579 -0.99 -0.285 -1.299 -1.938 1.056 3.545 -2.299 -1.697 0.65
89 W -2.706 -2.44 -3.223 -3.677 -2.391 -2.881 -3.026 -2.422 -1.191 -1.91 -1.707 -2.848 -1.337 1.072 -5.465 -3.412 -2.752 10.667 2.112 -2.284
90 R -1.591 5.614 -0.519 -1.621 -2.316 0.461 -0.617 -2.185 0.042 -2.668 -2.085 1.962 -1.281 -2.529 -2.761 -1.463 -1.511 -2.291 -1.829 -2.219
91 T -0.042 -0.623 -0.072 -0.814 -0.198 1.262 -0.626 -1.165 -0.818 -0.776 -1.435 -0.321 -0.665 -1.887 -1.779 1.192 3.549 -2.299 -1.697 -0.304
92 S 0.845 -0.854 0.343 -0.42 0.024 -0.709 -0.734 -0.334 -0.655 -1.609 -2.131 -0.42 -1.124 -1.936 -1.566 3.136 1.894 -2.542 -1.804 -1.033
93 G 0.96 -1.069 -0.426 -1.188 -1.138 1.082 -1.013 4.133 3.507 -2.479 -2.647 -0.742 -1.658 -2.24 -2.464 -0.799 -1.545 -2.266 -1.245 -2.011
94 E 0.887 -0.686 -0.089 2.485 -1.204 0.378 3.127 -1.014 -0.166 -2.25 -2.523 0.035 -1.672 -2.453 -1.857 0.604 -0.696 -2.643 -2.071 -1.62
95 F -1.727 -2.592 -2.297 -2.819 -0.902 -3.142 -3.092 -2.692 -1.223 1.549 0.527 -2.667 0.251 5.548 -3.678 -2.037 0.448 0.089 2.0 0.442
96 T -0.311 -1.416 -0.113 1.766 -0.285 -1.273 -0.949 -1.349 -1.291 1.054 -0.816 -0.997 -0.524 -1.462 -2.037 0.868 2.918 -2.488 -1.876 0.368
97 L -1.409 -2.07 -3.03 -3.312 -0.213 -2.135 -3.062 -3.162 -1.901 2.516 3.235 -2.179 3.883 0.562 -3.519 -2.77 -1.363 -1.667 -1.072 1.392
98 F -1.67 -2.63 -3.087 -3.443 -0.649 -3.234 -3.374 -3.105 -1.602 1.465 2.297 -2.901 1.028 4.922 -3.965 -2.989 -1.755 -0.258 1.506 1.397
99 P -0.191 -1.605 -1.07 -1.326 -0.694 -1.549 -1.469 -1.363 -1.32 -0.966 0.09 -1.011 -0.747 -1.783 4.853 1.079 -0.416 -3.211 -2.071 -1.111
100 L -1.247 -1.502 -2.376 -2.904 -0.436 -1.218 -2.412 -2.695 -0.231 1.261 1.746 -1.575 5.415 1.136 -3.314 -2.139 -1.252 -0.358 2.471 0.684
101 G -0.437 -2.305 -1.054 -1.85 -1.158 -2.23 -2.757 4.764 -1.327 -1.116 -0.876 -1.889 1.556 2.131 -3.134 -1.473 -1.877 -1.455 -0.668 -1.428
102 I -1.345 -2.93 -3.306 -3.305 -0.163 -3.108 -3.603 -3.472 -2.714 4.235 2.175 -2.676 1.345 0.228 -3.548 -3.071 -1.151 -2.161 -1.302 2.743
103 F -2.102 -2.697 -3.075 -3.469 -0.963 -3.453 -3.479 -3.091 -1.301 0.917 2.26 -3.059 0.94 5.617 -4.196 -3.129 -2.139 0.175 2.045 0.079
104 V -0.584 -2.414 -2.934 -3.163 0.126 -2.409 -2.967 -3.026 -2.512 3.163 1.249 -2.31 2.534 -0.185 -3.293 -2.41 -0.697 -2.201 -1.261 3.696
105 L -1.542 -2.517 -3.386 -3.523 -0.207 -2.875 -3.484 -3.471 -2.497 3.159 3.508 -2.6 1.816 0.585 -3.628 -3.188 -1.459 -1.875 -1.187 1.759
106 G 0.397 -1.77 -0.15 -0.975 -0.835 -1.603 -1.815 4.866 -1.153 -2.769 -3.089 -1.177 -2.142 -2.469 -2.333 1.291 -0.644 -2.533 -2.663 -2.297
107 A 3.719 -1.403 -1.228 -1.449 0.53 -1.237 -1.217 0.242 -1.128 -1.041 -1.523 -0.804 -0.98 -1.921 -1.532 1.185 -0.185 -2.515 -1.812 -0.113
108 R -1.46 5.25 -0.486 -1.462 -2.267 0.511 -0.452 -2.038 -0.013 -2.581 -2.119 2.614 -1.281 -2.582 -2.565 -1.369 -1.445 -2.341 -1.832 -2.191
109 N -1.755 -0.812 4.867 3.703 -2.068 -0.694 -0.062 -0.5 0.492 -2.774 -3.317 -0.52 -2.386 -2.602 -2.542 -0.427 -0.794 -3.199 -2.415 -2.715
110 V -0.452 -2.637 -3.039 -3.224 0.207 -2.739 -3.068 -3.093 -2.937 3.333 1.024 -2.491 0.853 -0.343 -3.281 -2.459 -0.603 -2.409 -1.342 4.073
111 D -1.804 -1.304 3.126 5.269 -2.288 -0.839 0.641 -0.906 -0.137 -2.779 -3.459 -0.743 -2.611 -2.83 -2.418 -0.777 -1.198 -3.436 -2.824 -2.842
112 F -1.567 -2.455 -2.07 -2.708 -1.331 -2.911 -2.885 0.043 -0.154 -0.266 -0.072 -2.548 -0.252 5.682 -3.761 -1.323 -1.861 0.781 3.711 -0.841
113 R -1.309 3.862 -0.271 -0.84 -2.243 0.54 0.648 -1.816 3.675 -2.516 -2.296 2.876 -1.327 -2.293 -2.318 -1.25 -1.478 -2.254 -0.907 -2.287
114 L 0.548 1.98 -1.287 -1.72 -0.798 1.382 -0.682 -1.643 -0.692 -0.009 1.591 1.477 0.431 -0.98 -2.473 -1.255 -1.209 -2.153 -1.49 -0.311
115 I -1.233 -2.878 -3.277 -3.304 -0.119 -3.054 -3.532 -3.426 -2.73 4.109 2.131 -2.651 1.312 0.183 -3.519 -2.998 -1.093 -2.177 -1.302 2.902
116 I -1.039 -2.323 1.177 -1.85 -0.243 -2.431 -2.765 -2.509 -1.782 3.629 0.94 -2.093 0.701 -0.352 -3.278 -2.156 -0.803 -2.427 -1.459 3.025
117 K -1.454 2.158 -0.499 1.63 -2.062 -0.226 -0.375 -1.929 0.719 -1.812 -1.896 2.38 -1.274 0.747 -2.482 -1.478 -1.562 -0.041 3.856 -1.81
118 L -1.385 -2.257 -2.489 -2.941 -0.328 -2.612 -3.015 -2.914 -1.963 2.213 2.861 -2.314 1.341 2.72 -3.332 -2.081 0.611 -1.245 -0.04 1.119
119 Y -1.869 -1.834 -2.182 -3.079 -1.809 -1.84 -2.42 -2.989 2.048 -0.86 -0.967 -1.93 -0.739 3.291 -3.39 -2.494 -2.146 2.252 6.771 -1.036
120 L -1.716 -2.35 -3.329 -3.624 -0.378 -2.868 -3.391 -3.348 -2.064 1.723 3.762 -2.657 1.831 2.901 -3.786 -3.194 -1.755 -1.11 0.051 0.835
121 V -0.766 -1.184 -1.881 -2.331 -0.608 -1.874 -2.226 1.357 -1.706 2.121 0.192 0.48 0.105 2.314 -3.064 -2.015 -1.198 -1.588 -0.278 2.255
122 I -1.023 -2.776 -3.22 -3.301 -0.034 -2.948 -3.394 -3.335 -2.762 3.837 2.039 -2.602 1.246 0.089 -3.462 -2.856 -0.981 -2.209 -1.302 3.194
123 G 0.221 -2.074 -0.318 -1.17 -1.093 -1.91 -2.215 5.407 -1.337 -3.01 -3.295 -1.43 -2.418 -2.599 -2.574 0.349 -1.234 -2.515 -2.921 -2.592
124 I -0.643 -1.945 -1.339 -1.955 -0.026 -1.988 -2.317 -2.234 -2.059 2.957 0.487 -1.623 0.407 -0.661 -2.491 -0.631 2.818 -2.258 -1.545 1.997
125 L -1.18 -2.697 -2.64 -2.953 -0.372 -2.881 -3.413 1.207 -2.394 3.381 2.428 -2.473 1.191 0.084 -3.459 -2.69 -1.422 -2.091 -1.495 1.792
126 L -1.435 -2.491 -3.179 -3.309 -0.21 -2.604 -3.353 -3.335 -2.272 3.581 2.771 -2.428 2.894 0.421 -3.548 -2.952 -1.285 -1.896 -1.185 2.044
127 L -1.515 -2.093 -3.226 -3.526 -0.21 -2.364 -3.18 -3.29 -2.098 1.885 3.873 -2.337 3.162 0.718 -3.598 -2.991 -1.541 -1.647 -1.074 1.03
128 L 0.971 -1.814 -1.863 -2.252 0.105 -1.76 -2.142 -1.605 -1.683 1.911 1.534 -1.585 2.41 -0.364 -2.63 0.05 -0.478 -2.122 -1.365 2.092
129 F -1.532 -2.657 -3.053 -3.405 -0.598 -3.229 -3.338 -3.071 -1.637 1.583 1.974 -2.893 0.9 4.902 -3.922 -2.911 -1.637 -0.291 1.498 1.805
130 T -0.517 -1.664 -1.237 -1.913 0.013 -1.63 -2.106 -2.096 -1.775 2.064 0.529 -1.438 2.222 -0.665 -2.44 -0.512 2.834 -2.106 -1.459 1.903
131 I -0.999 -2.545 -2.383 -2.793 -0.458 -2.595 -3.129 1.274 -1.861 2.828 0.974 -2.345 2.335 2.519 -3.455 -2.366 -1.312 -1.387 -0.17 2.059
132 I -1.241 -2.947 -3.116 -3.341 4.968 -3.284 -3.549 -3.033 -2.199 2.873 1.303 -2.879 0.695 3.309 -3.661 -2.707 -1.363 -1.228 0.3 2.114
133 S 1.506 -1.287 -0.341 -1.005 5.048 -1.17 -1.234 -0.507 -1.095 -1.228 -1.733 -0.847 -1.054 -1.934 -1.795 2.202 1.546 -2.624 -1.953 -0.631
134 S 1.793 -0.909 0.175 -0.501 0.126 -0.739 -0.723 -0.077 -0.629 -1.757 -2.191 -0.428 -1.189 -1.984 -1.532 3.119 0.759 -2.587 -1.812 -1.056
135 L -1.136 -0.963 -2.04 -2.524 -0.621 -1.703 -2.266 1.313 -1.771 1.055 3.084 0.523 1.247 -0.004 -3.105 -2.274 -1.6 -1.962 -1.493 0.278
136 L -0.753 -0.817 -1.614 -2.035 -0.404 -1.303 -1.819 -2.146 -1.439 2.591 1.651 0.7 2.46 -0.279 -2.746 -0.24 -0.725 -2.091 -1.37 1.24
137 G -0.206 -2.271 -0.151 1.715 -1.528 -1.985 -1.65 5.386 -1.354 -3.185 -3.523 -1.553 -2.729 -2.774 -2.749 -1.051 -1.885 -2.653 -3.187 -2.921
138 L -1.384 -2.692 -3.331 -3.411 -0.163 -2.963 -3.508 -3.448 -2.611 3.673 2.9 -2.626 1.575 0.391 -3.573 -3.091 -1.27 -2.022 -1.244 2.386
139 I -1.181 -2.71 -2.507 -2.744 -0.16 -2.791 -3.207 -3.047 -2.507 4.242 1.309 -2.322 0.982 -0.071 -3.168 -2.058 0.825 -2.242 -1.408 2.5
140 K -1.001 2.635 -0.545 -0.963 -1.973 1.846 0.11 -1.622 -0.22 -2.308 -2.295 3.338 -1.284 -2.909 2.176 -1.086 -1.222 -2.729 -1.873 -2.072
141 N -1.736 -0.637 5.348 2.722 -1.984 -0.638 -0.4 -0.352 0.709 -2.771 -3.262 -0.435 -2.301 -2.515 -2.592 -0.298 -0.648 -3.11 -2.267 -2.666
142 L -1.641 -2.171 -3.173 -3.568 -0.42 -2.535 -3.182 -3.359 -1.007 1.632 3.699 -2.425 1.759 1.378 -3.614 -3.082 -1.716 -0.556 2.414 0.79
143 V -0.624 -2.734 -3.093 -3.227 0.129 -2.837 -3.191 -3.176 -2.902 3.653 1.153 -2.539 0.929 -0.235 -3.335 -2.582 -0.701 -2.375 -1.342 3.86
144 Y -2.033 -2.161 -2.407 -3.173 -1.677 -2.382 -2.747 -2.97 1.358 -0.454 -0.387 -2.333 -0.413 4.85 -3.716 -2.679 -2.237 1.843 5.953 -0.87
145 H -1.787 1.461 -0.972 -2.042 -1.643 -1.076 -1.593 -2.448 5.269 0.843 -0.558 -0.711 -0.382 2.815 -3.243 -2.16 -1.923 -0.201 3.14 -0.352
146 R -1.591 5.614 -0.519 -1.621 -2.316 0.461 -0.617 -2.185 0.042 -2.668 -2.085 1.962 -1.281 -2.529 -2.761 -1.463 -1.511 -2.291 -1.829 -2.219
147 G 0.73 -1.382 3.24 2.144 -1.208 -1.246 -0.927 3.31 -0.316 -2.496 -2.946 -0.933 -2.184 -2.515 -2.436 -0.457 -1.075 -2.827 -2.536 -2.072
148 G 0.983 -1.466 -0.933 -1.475 -0.805 0.876 -1.416 4.104 -1.119 0.522 -1.355 -0.978 -0.983 -1.916 -2.565 -0.949 -1.368 -2.409 -2.222 -0.364
149 T -0.934 -1.25 -0.456 -1.454 -0.716 -1.304 -1.526 -1.771 4.376 -0.541 -0.849 -1.265 -0.513 3.07 -2.473 -0.429 2.603 -0.971 0.968 -0.537
150 S 1.082 -0.727 0.511 -0.234 0.087 -0.555 -0.541 -0.092 -0.446 -1.897 -2.314 -0.271 -1.172 -1.929 -1.461 3.212 1.025 -2.535 -1.741 -1.278
151 G 0.77 -1.193 0.21 -0.571 -0.329 -1.024 -1.102 3.304 -0.768 -2.291 -2.666 -0.68 -1.608 -2.175 -1.855 2.425 0.314 -2.519 -2.157 -1.735
152 V 0.832 -2.117 -2.18 -2.53 0.155 -2.194 -2.483 -1.965 -2.217 2.496 1.461 -1.872 0.732 -0.436 -2.692 -1.203 0.962 -2.25 -1.442 2.636
153 L -0.249 1.393 -1.069 -1.723 -0.291 -1.245 -1.665 -1.718 -1.268 1.804 1.058 -0.537 0.372 -0.744 -2.574 0.945 -0.274 -2.299 -1.527 1.529
154 R -1.591 5.614 -0.519 -1.621 -2.316 0.461 -0.617 -2.185 0.042 -2.668 -2.085 1.962 -1.281 -2.529 -2.761 -1.463 -1.511 -2.291 -1.829 -2.219
155 Q -0.112 2.126 -0.365 -0.955 -1.495 3.48 0.399 -1.548 3.736 -1.237 -1.681 0.756 -0.614 -2.112 -2.396 -1.009 -1.18 -2.149 -0.678 -0.468
156 S 1.793 -0.909 0.175 -0.501 0.126 -0.739 -0.723 -0.077 -0.629 -1.757 -2.191 -0.428 -1.189 -1.984 -1.532 3.119 0.759 -2.587 -1.812 -1.056
157 F -2.102 -2.697 -3.075 -3.469 -0.963 -3.453 -3.479 -3.091 -1.301 0.917 2.26 -3.059 0.94 5.617 -4.196 -3.129 -2.139 0.175 2.045 0.079
158 G 0.033 -2.414 -0.497 -1.38 -1.377 -2.252 -2.679 5.862 -1.533 -3.272 -3.517 -1.708 -2.724 -2.735 -2.836 -1.059 -1.976 -2.497 -3.205 -2.921
159 I -1.434 -3.158 -3.319 -3.238 -0.207 -3.266 -3.744 -3.536 -2.768 4.666 1.62 -2.736 1.214 0.161 -3.561 -3.133 -1.132 -2.242 -1.342 2.803
160 I -1.233 -2.878 -3.277 -3.304 -0.119 -3.054 -3.532 -3.426 -2.73 4.109 2.131 -2.651 1.312 0.183 -3.519 -2.998 -1.093 -2.177 -1.302 2.902
161 Y -1.869 -1.834 -2.182 -3.079 -1.809 -1.84 -2.42 -2.989 2.048 -0.86 -0.967 -1.93 -0.739 3.291 -3.39 -2.494 -2.146 2.252 6.771 -1.036
162 P -0.893 -2.07 -1.99 -1.621 -1.514 -1.99 -1.679 -1.909 -1.664 -2.374 -2.807 -1.121 -2.46 -3.392 6.719 -1.509 -1.405 -4.606 -2.692 -2.219
163 T -0.169 -1.149 -0.196 -1.071 0.065 -1.16 -1.435 -1.386 -1.47 -0.281 -1.114 -0.848 -0.589 -1.637 -1.744 0.648 4.409 -2.242 -1.763 0.173
164 D -1.834 -1.645 1.142 5.916 -2.429 -0.929 0.993 -1.18 -0.593 -2.782 -3.548 -0.886 -2.754 -2.976 -2.346 -1.009 -1.47 -3.588 -3.1 -2.921
165 F -2.391 -2.953 -2.917 -3.371 -1.431 -3.921 -3.539 -2.931 -0.885 0.22 0.508 -3.361 0.145 6.601 -4.505 -3.087 -2.427 0.795 2.874 -0.564
166 A 4.05 -1.541 -1.719 -1.744 0.623 -1.377 -1.355 0.317 -1.268 -0.887 -1.378 -0.905 -0.93 -1.905 -1.532 0.398 -0.479 -2.497 -1.812 0.082
167 A 4.05 -1.541 -1.719 -1.744 0.623 -1.377 -1.355 0.317 -1.268 -0.887 -1.378 -0.905 -0.93 -1.905 -1.532 0.398 -0.479 -2.497 -1.812 0.082
168 H -1.764 -0.414 0.403 -1.018 -2.391 -0.222 -0.557 -1.754 8.097 -2.718 -2.652 -0.822 -1.318 -0.909 -2.806 -1.636 -2.283 -1.511 1.61 -3.092
169 V 0.935 -2.438 -2.781 -2.919 0.268 -2.477 -2.72 -2.181 -2.578 3.002 0.763 -2.166 0.636 -0.532 -2.914 -1.758 -0.598 -2.418 -1.415 3.649
170 L -1.967 -2.576 -3.157 -3.52 -0.755 -3.245 -3.449 -3.174 -1.533 1.211 2.852 -2.918 1.269 4.961 -4.052 -3.151 -2.005 -0.193 1.52 0.354
171 F -2.118 -2.34 -2.526 -3.221 -1.614 -2.697 -2.926 -2.96 0.939 -0.27 -0.136 -2.558 -0.264 5.397 -3.894 -2.775 -2.283 1.614 5.436 -0.791
172 L -1.57 -2.377 -3.402 -3.599 -0.207 -2.785 -3.423 -3.455 -2.433 2.617 3.835 -2.567 1.949 0.682 -3.644 -3.201 -1.547 -1.79 -1.15 1.426
173 V -0.644 -2.583 -3.108 -3.295 0.129 -2.748 -3.136 -3.162 -2.829 3.203 1.846 -2.506 1.108 -0.107 -3.35 -2.593 -0.769 -2.274 -1.302 3.704
174 L 0.463 -1.97 -2.886 -3.12 -0.054 -2.125 -2.759 -2.271 -1.901 1.56 3.386 -2.014 2.94 0.405 -3.125 -2.051 -1.32 -1.762 -1.178 0.889
175 A 3.344 -1.271 -0.808 -1.181 0.434 -1.105 -1.086 0.166 -0.995 -1.204 -1.676 -0.705 -1.031 -1.936 -1.532 1.802 0.082 -2.533 -1.812 -0.321
176 Y -1.822 -1.899 -2.355 -3.17 -1.472 -1.967 -2.557 -3.059 1.644 -0.161 0.742 -2.022 -0.037 2.997 -3.433 -2.602 -2.055 1.868 6.283 -0.567
177 C 1.324 -1.874 -1.215 -1.749 6.776 -1.794 -1.9 -0.971 -1.657 0.033 -1.02 -1.472 -0.716 -1.689 -2.266 1.266 -0.142 -2.768 -2.026 0.963
178 Y -1.869 -1.834 -2.182 -3.079 -1.809 -1.84 -2.42 -2.989 2.048 -0.86 -0.967 -1.93 -0.739 3.291 -3.39 -2.494 -2.146 2.252 6.771 -1.036
179 L -1.334 -2.291 -3.342 -3.596 -0.119 -2.688 -3.29 -3.364 -2.462 2.146 3.784 -2.52 1.896 0.604 -3.584 -3.05 -1.416 -1.818 -1.15 1.899
180 Y -1.459 2.149 -1.148 -1.878 -1.962 -0.33 -0.968 -2.235 1.143 -1.504 -1.528 2.332 -0.997 1.627 -2.64 -1.715 -1.668 0.761 4.914 -1.523
181 F -2.159 0.145 -2.321 -2.867 -1.542 -2.503 -2.624 -2.701 -0.743 -0.083 0.2 -0.506 -0.049 6.098 -3.972 -2.671 -2.211 0.451 2.459 -0.774
182 K -1.217 2.359 2.008 1.474 -2.192 0.562 1.977 -1.387 0.132 -2.556 -2.597 2.651 -1.654 -2.689 -2.133 -0.856 -1.158 -2.643 -2.006 -2.27
183 K -0.99 3.026 -0.356 -0.903 -2.079 0.704 0.128 -1.516 -0.24 -2.256 -2.261 4.324 -1.281 -2.804 -1.89 -1.019 -1.198 -2.551 -1.843 -2.082
184 L 0.5 -2.263 -2.911 -3.136 -0.125 -2.578 -2.877 -2.26 -1.946 1.617 2.779 -2.286 1.247 2.673 -3.217 -2.078 -1.305 -1.298 -0.044 1.631
185 N -0.26 -1.02 3.383 2.285 -1.101 -0.878 -0.556 2.01 -0.089 -2.549 -3.001 -0.623 -1.999 -2.407 -2.206 1.443 -0.217 -2.867 -2.309 -2.212
186 W -2.451 -2.548 -3.239 -3.599 -1.892 -2.942 -3.134 -2.581 -1.401 0.689 -0.817 -2.829 -0.724 0.938 -5.047 -3.363 -2.41 10.148 1.756 -0.58
187 K -0.883 2.037 -0.325 -0.779 -2.034 0.75 0.256 -1.399 -0.3 -2.18 -2.297 4.63 -1.281 -2.863 -1.744 -0.938 -1.139 -2.606 -1.846 -2.056
188 S 1.416 -1.1 0.216 1.928 -0.143 -0.876 -0.485 -0.394 -0.787 -1.522 -2.093 -0.598 -1.262 -2.058 -1.689 2.237 1.54 -2.662 -1.982 -0.939
189 Y -1.95 -1.993 -2.293 -3.126 -1.742 -2.099 -2.579 -2.979 1.723 -0.65 -0.663 -2.124 -0.572 4.175 -3.548 -2.585 -2.191 2.055 6.391 -0.952
190 L -1.043 -2.2 -2.499 -2.919 -0.074 -2.447 -2.926 -2.928 -2.347 2.574 2.891 -2.191 1.417 0.188 -3.159 -1.983 0.766 -1.992 -1.289 2.098
191 F 0.929 -2.087 -1.441 -1.986 -0.42 -2.202 -2.224 1.687 -1.245 0.241 -0.47 -1.792 -0.427 3.744 -2.771 0.131 -0.866 -0.954 0.621 0.851
192 F -2.004 -2.839 -2.966 -3.292 -0.965 -3.392 -3.474 -3.044 -1.266 2.17 0.98 -2.994 1.568 5.586 -4.127 -2.999 -1.925 0.127 2.033 0.81
193 V -0.624 -2.734 -3.093 -3.227 0.129 -2.837 -3.191 -3.176 -2.902 3.653 1.153 -2.539 0.929 -0.235 -3.335 -2.582 -0.701 -2.375 -1.342 3.86
194 L -0.996 -2.457 -2.607 -3.013 -0.279 -2.694 -3.223 1.228 -2.361 2.456 2.822 -2.396 1.289 0.106 -3.418 -2.574 -1.38 -2.029 -1.454 1.931
195 L -1.258 -2.72 -3.293 -3.374 -0.119 -2.958 -3.469 -3.41 -2.661 3.729 2.641 -2.618 1.469 0.294 -3.535 -3.011 -1.17 -2.083 -1.264 2.682
196 A 3.344 -1.271 -0.808 -1.181 0.434 -1.105 -1.086 0.166 -0.995 -1.204 -1.676 -0.705 -1.031 -1.936 -1.532 1.802 0.082 -2.533 -1.812 -0.321
197 L 0.475 -2.247 -2.735 -3.026 -0.426 -2.377 -2.701 -2.146 -0.818 1.951 1.229 -2.151 0.45 0.942 -3.249 -2.014 -1.326 5.773 2.644 1.657
198 L -2.01 -2.495 -3.21 -3.571 -0.864 -3.084 -3.36 -3.075 -1.594 1.028 2.736 -2.839 1.135 4.127 -4.171 -3.203 -2.05 5.789 1.336 0.192
199 L -1.093 -2.34 -3.268 -3.517 -0.034 -2.679 -3.218 -3.29 -2.557 2.331 3.393 -2.505 1.704 0.421 -3.51 -2.893 -1.21 -1.933 -1.187 2.555
200 I -1.243 -2.48 -2.336 -2.722 -0.369 -2.541 -2.984 -2.964 -1.052 3.723 0.974 -2.191 0.713 0.803 -3.142 -1.977 0.752 -0.842 2.341 2.078
201 K -1.008 0.763 -0.836 -1.474 -1.204 -0.194 -0.659 -1.955 3.481 0.26 0.564 2.923 -0.039 -1.167 -2.385 -1.549 -1.258 -2.209 -0.743 0.7
202 F -1.753 -1.215 -1.654 -1.316 -1.732 1.063 0.78 -2.495 0.294 -0.64 -0.43 -1.039 -0.35 4.957 -3.296 -2.048 -1.912 0.454 3.432 -1.056
203 C -0.388 -2.44 -1.749 -2.436 8.618 -2.502 -2.865 -1.914 -2.399 -0.609 -1.117 -2.174 -0.941 -1.927 -2.664 -0.703 1.928 -2.898 -2.443 -0.237
204 D -1.645 -0.829 2.496 4.96 -2.255 1.334 0.828 -1.047 -0.044 -2.693 -3.184 -0.345 -2.142 -2.884 -2.37 -0.82 -1.212 -3.222 -2.558 -2.662
205 A 4.05 -1.541 -1.719 -1.744 0.623 -1.377 -1.355 0.317 -1.268 -0.887 -1.378 -0.905 -0.93 -1.905 -1.532 0.398 -0.479 -2.497 -1.812 0.082
206 R -1.591 5.614 -0.519 -1.621 -2.316 0.461 -0.617 -2.185 0.042 -2.668 -2.085 1.962 -1.281 -2.529 -2.761 -1.463 -1.511 -2.291 -1.829 -2.219
207 L -1.597 -2.243 -3.419 -3.677 -0.207 -2.697 -3.362 -3.439 -2.37 1.948 4.128 -2.535 2.076 0.776 -3.661 -3.215 -1.637 -1.707 -1.113 1.049
208 S -0.052 -0.805 3.431 2.345 -0.842 -0.66 -0.324 -0.326 0.031 -2.343 -2.814 -0.429 -1.759 -2.285 -1.993 2.12 0.21 -2.887 -2.098 -1.952
209 A 3.06 -1.962 -2.113 -2.177 0.233 -1.941 -1.936 -0.458 -1.398 1.189 -0.29 -1.456 -0.266 2.226 -2.145 -0.373 -0.833 -1.588 -0.267 0.674
210 Y -1.289 -2.291 -2.625 -3.153 -0.733 -2.338 -2.835 -3.122 0.53 2.442 0.368 -2.24 0.261 2.061 -3.39 -2.6 -1.397 0.786 4.94 2.152
211 A 2.101 -1.697 -1.099 -1.541 5.06 -1.581 -1.645 -0.597 -1.398 0.93 -0.8 -1.2 -0.557 -1.493 -2.033 1.415 -0.11 -2.606 -1.873 0.363
212 L -0.855 -2.044 -2.156 -2.55 -0.172 -2.082 -2.629 -2.48 -1.829 2.869 2.519 -1.918 2.736 0.179 -3.097 -0.454 -0.792 -1.947 -1.254 1.522
213 L -1.542 -2.517 -3.386 -3.523 -0.207 -2.875 -3.484 -3.471 -2.497 3.159 3.508 -2.6 1.816 0.585 -3.628 -3.188 -1.459 -1.875 -1.187 1.759
214 L -1.57 -2.377 -3.402 -3.599 -0.207 -2.785 -3.423 -3.455 -2.433 2.617 3.835 -2.567 1.949 0.682 -3.644 -3.201 -1.547 -1.79 -1.15 1.426
215 L -0.998 -1.932 -2.369 -2.861 -0.077 -2.07 -2.72 -2.789 -2.021 1.829 2.943 -1.988 2.824 0.231 -3.119 -1.843 0.768 -1.839 -1.209 1.789
216 I 0.608 -2.717 -2.931 -2.926 0.032 -2.754 -3.06 -2.366 -2.487 3.963 1.168 -2.294 0.875 -0.199 -3.058 -2.056 -0.903 -2.316 -1.415 2.829
217 P -0.977 -2.225 -2.174 -1.835 -1.251 -2.167 -1.936 -2.124 -1.821 0.54 -1.44 -1.335 -1.43 -2.412 6.21 -1.724 -1.358 -4.052 -2.419 -0.549
218 V -0.234 -2.521 -2.393 -2.821 0.065 -2.575 -2.903 1.292 -2.677 2.512 0.485 -2.308 0.415 -0.731 -3.159 -2.084 -0.707 -2.453 -1.58 3.793
219 L -1.233 -1.907 -2.687 -2.988 -0.219 -1.665 -2.79 -2.909 -1.498 2.99 1.933 -1.863 4.986 0.33 -3.384 -2.385 -1.112 -1.627 -1.032 1.699
220 W -1.804 -2.174 -0.181 -2.507 -1.039 -2.266 -2.794 -2.533 -0.834 2.314 0.522 -2.187 2.142 0.811 -3.894 -2.576 -1.587 7.596 1.906 0.874
221 I -1.46 -2.984 -3.336 -3.306 -0.207 -3.163 -3.676 -3.52 -2.698 4.357 2.219 -2.701 1.377 0.273 -3.578 -3.147 -1.21 -2.145 -1.302 2.576
222 G 1.643 -2.18 -0.914 -1.586 -0.587 -2.036 -2.306 4.862 -1.558 -1.325 -2.207 -1.536 -1.728 -2.249 -2.478 -0.695 -1.39 -2.493 -2.606 -0.416
223 K -0.892 1.882 -0.295 -0.715 -2.023 2.07 0.467 -1.421 -0.104 -2.199 -2.254 4.273 -1.127 -2.887 -1.816 -0.917 -1.121 -2.542 -1.755 -2.019
224 R -1.626 3.02 1.651 -1.091 -1.662 1.38 -0.767 -1.855 -0.088 -0.902 0.381 0.481 -0.255 1.03 -3.036 -1.511 -1.397 3.888 -0.39 -1.217
225 A 3.598 -1.558 -1.001 1.615 0.291 -1.297 -0.807 0.115 -1.144 -1.128 -1.644 -0.902 -1.165 -2.058 -1.653 0.206 -0.622 -2.653 -1.991 -0.247
226 R 0.847 2.068 -0.606 -1.177 -1.01 1.541 -0.328 -1.107 0.323 -1.725 -1.812 1.636 -0.972 -0.366 -2.117 0.427 -0.717 -0.944 2.276 -1.291
227 K -0.923 1.279 -0.318 0.22 -2.16 2.192 2.604 -1.612 0.109 -2.399 -2.398 3.312 -1.284 -2.819 -1.881 -0.886 -1.191 -2.488 -1.793 -2.063
228 G -0.566 0.324 3.184 -0.245 -1.614 -1.3 -1.715 4.525 -0.354 -3.043 -3.265 -0.709 -2.402 -2.613 -2.765 -0.762 -1.366 -2.643 -2.674 -2.753
229 D -1.723 -0.348 2.128 2.175 -2.081 -0.82 -0.587 -1.456 0.441 -1.988 -2.168 1.136 -1.557 0.418 -2.849 -1.361 -1.478 6.228 2.919 -2.086
230 G -0.17 -0.647 -0.949 -1.515 -0.514 -1.193 -1.521 1.941 -1.391 1.72 -0.415 1.037 -0.275 -1.294 -2.446 0.245 -0.563 -2.455 -1.814 1.52
231 F 0.715 -2.546 -2.695 -2.893 -0.287 -2.837 -2.856 -1.995 -1.594 2.191 0.604 -2.386 0.378 4.267 -3.221 -1.848 -1.245 -0.663 1.075 1.903
232 C 0.163 -1.842 -0.981 -1.483 7.2 -1.754 -1.778 -1.149 -1.512 -1.48 -1.854 -1.338 -1.381 -2.245 2.532 1.414 -0.194 -3.174 -2.342 -1.076
233 R -1.266 4.621 -0.419 -1.233 -2.179 0.601 -0.214 -1.823 -0.069 -2.442 -2.147 3.309 -1.259 -2.637 -2.289 -1.22 -1.335 -2.392 -1.814 -2.131
234 F -1.004 -0.639 -1.15 -1.834 -1.079 -1.153 -1.514 -1.873 2.275 -0.299 -0.056 0.725 1.947 3.959 -2.873 -0.149 -1.117 -0.274 2.299 -0.727
235 L -1.435 -2.491 -3.179 -3.309 -0.21 -2.604 -3.353 -3.335 -2.272 3.581 2.771 -2.428 2.894 0.421 -3.548 -2.952 -1.285 -1.896 -1.185 2.044
236 A 3.625 -0.947 -1.391 -1.475 0.323 1.142 -0.696 0.08 -0.829 -1.079 -1.48 -0.44 -0.846 -2.063 -1.634 0.228 -0.564 -2.453 -1.728 -0.162
237 A 0.804 -0.293 1.861 -0.664 -0.751 -0.651 -0.903 -0.866 3.571 0.652 -1.177 1.045 -0.744 -1.47 -2.208 0.454 -0.596 -2.375 -0.863 -0.233
238 F -2.208 -2.986 -2.98 -3.348 -1.187 -3.801 -3.572 -3.024 -1.125 1.597 0.726 -3.247 0.353 6.137 -4.325 -3.095 -2.167 0.464 2.479 0.342
239 Y -0.915 -1.658 -1.264 -2.066 -1.002 -1.711 -1.993 -2.009 0.927 -0.693 -0.859 -1.57 -0.621 3.518 -2.803 0.079 0.778 1.082 5.1 -0.763
240 W -2.706 -2.44 -3.223 -3.677 -2.391 -2.881 -3.026 -2.422 -1.191 -1.91 -1.707 -2.848 -1.337 1.072 -5.465 -3.412 -2.752 10.667 2.112 -2.284
241 L -0.492 -1.869 -1.551 -2.134 5.008 -1.845 -2.317 -1.976 -1.713 1.719 1.412 -1.671 2.318 -0.485 -2.707 0.123 1.021 -2.177 -1.562 0.83
242 V 0.832 -2.117 -2.18 -2.53 0.155 -2.194 -2.483 -1.965 -2.217 2.496 1.461 -1.872 0.732 -0.436 -2.692 -1.203 0.962 -2.25 -1.442 2.636
243 P 0.734 -1.975 -1.943 -1.641 -1.029 -1.878 -1.623 -1.398 -1.594 -2.067 -2.514 -1.084 -2.142 -3.085 6.226 -1.09 -1.229 -4.13 -2.526 -1.685
244 V -0.82 -2.692 -2.92 -2.891 -0.16 -2.757 -2.973 -2.988 -2.629 3.48 0.888 -2.285 0.646 -0.476 1.954 -2.472 -0.895 -2.615 -1.527 3.179
245 L -1.514 -2.664 -3.369 -3.449 -0.207 -2.968 -3.547 -3.487 -2.562 3.616 3.139 -2.633 1.677 0.485 -3.611 -3.174 -1.373 -1.962 -1.225 2.057
246 L 1.68 -2.114 -2.078 -2.432 -0.213 -2.26 -2.455 1.704 -1.562 0.361 1.773 -1.852 0.443 2.422 -2.739 -1.179 -1.346 -1.405 -0.27 0.057
247 A 3.218 -1.804 -1.252 -1.617 0.097 -1.64 -1.733 3.433 -1.354 -1.486 -1.932 -1.149 -1.414 -2.156 -1.905 -0.011 -0.897 -2.497 -2.206 -0.619
248 Y -1.507 -1.708 -1.741 -2.632 -1.399 -1.715 -2.231 -2.652 1.687 -0.755 -0.991 -1.719 -0.713 2.868 -3.042 -1.674 0.439 1.845 6.275 -0.796
249 I -0.912 -2.805 -3.184 -3.265 0.007 -2.943 -3.356 -3.298 -2.815 3.89 1.683 -2.594 1.127 -0.019 -3.426 -2.782 -0.891 -2.274 -1.322 3.42
250 T -0.495 -1.452 -0.838 -1.593 -0.026 -1.411 -1.869 -1.842 -1.565 1.581 0.243 -1.198 2.11 -0.844 -2.204 -0.082 3.444 -2.075 -1.527 0.926
251 V -0.728 -2.704 -3.027 -3.248 -0.023 -2.922 -3.162 -3.079 -2.472 3.06 0.967 -2.628 0.759 2.511 -3.462 -2.575 -0.855 -1.562 -0.074 3.621
252 C 0.525 -2.667 -2.784 -3.102 6.731 -3.004 -3.131 -1.933 -1.759 0.177 1.02 -2.6 0.108 3.814 -3.266 -1.759 -1.54 -0.997 0.594 -0.091
253 L 0.463 -1.97 -2.886 -3.12 -0.054 -2.125 -2.759 -2.271 -1.901 1.56 3.386 -2.014 2.94 0.405 -3.125 -2.051 -1.32 -1.762 -1.178 0.889
254 S 1.555 -1.195 -0.087 -0.795 -0.048 -1.055 -1.13 2.047 -0.934 -1.571 -2.09 -0.708 -1.259 -2.028 -1.749 2.234 1.513 -2.506 -1.994 -0.939
255 Y -1.869 -1.834 -2.182 -3.079 -1.809 -1.84 -2.42 -2.989 2.048 -0.86 -0.967 -1.93 -0.739 3.291 -3.39 -2.494 -2.146 2.252 6.771 -1.036
256 F -2.068 -2.854 -3.06 -3.397 -0.963 -3.567 -3.542 -3.105 -1.344 1.832 1.67 -3.098 0.75 5.6 -4.175 -3.116 -2.032 0.133 2.033 0.593
257 Y -1.95 -1.993 -2.293 -3.126 -1.742 -2.099 -2.579 -2.979 1.723 -0.65 -0.663 -2.124 -0.572 4.175 -3.548 -2.585 -2.191 2.055 6.391 -0.952
258 N 1.156 -0.847 3.255 0.044 -0.353 -0.809 -0.91 -0.26 -0.168 -1.622 -2.165 -0.513 -1.343 -2.054 -1.896 1.722 1.45 -2.653 -1.905 -1.063
259 P -0.461 -1.507 -0.851 -1.315 -0.925 -1.387 -1.389 -1.518 3.414 0.56 -1.354 -1.052 -1.031 -1.718 4.363 0.585 -0.672 -2.939 -1.057 -0.479
260 G 1.383 -1.184 2.021 -0.383 -0.412 -1.073 -1.168 2.803 -0.533 -2.133 -2.542 -0.725 -1.642 -2.221 -1.982 1.851 -0.038 -2.624 -2.158 -1.519
261 N -0.926 0.094 4.151 0.425 -1.566 -0.263 -0.518 -0.588 3.801 -2.51 -2.799 1.256 -1.711 -2.106 -2.291 0.613 -0.506 -2.578 -0.999 -2.336
262 P -1.19 2.655 -0.659 -1.246 -1.962 0.791 -0.503 -1.823 3.578 -2.459 -2.435 1.694 -1.542 -2.506 3.783 -1.351 -1.478 -2.753 -1.049 -2.284
263 L 0.37 -2.408 -2.738 -2.985 -0.426 -2.592 -2.883 -2.279 -0.754 2.565 1.536 -2.256 0.701 2.992 -3.214 -2.082 -1.417 -0.307 2.762 1.256
264 L -1.808 -2.605 -3.226 -3.496 -0.56 -3.149 -3.481 -3.275 -1.837 2.251 2.951 -2.82 1.411 4.082 -3.898 -3.158 -1.779 -0.671 0.86 1.039
265 E -1.377 0.031 1.123 1.699 -2.291 0.315 2.623 -1.623 -0.05 -2.469 -2.519 1.571 -1.704 -1.459 -2.441 -1.155 -1.44 6.128 -0.616 -2.28
266 K -1.212 0.931 -0.962 -1.358 -1.533 1.573 -0.266 -1.905 -0.435 -0.582 0.534 3.031 -0.057 2.147 -2.418 -1.479 -1.38 -1.517 -0.2 -0.988
267 L 0.504 -2.35 -2.844 -2.931 -0.054 -2.345 -2.907 -2.303 -2.064 3.404 2.028 -2.097 2.65 0.071 -3.083 -2.023 -1.082 -2.022 -1.293 1.945
268 N -1.755 -0.812 4.867 3.703 -2.068 -0.694 -0.062 -0.5 0.492 -2.774 -3.317 -0.52 -2.386 -2.602 -2.542 -0.427 -0.794 -3.199 -2.415 -2.715
269 H -0.821 0.342 2.156 -0.27 -1.643 1.637 -0.048 -1.052 5.286 -2.425 -2.518 1.401 -1.262 -1.894 -2.245 0.386 -0.824 -2.193 -0.167 -2.269
270 L -1.461 -2.352 -3.195 -3.38 -0.21 -2.521 -3.294 -3.32 -2.213 3.118 3.187 -2.397 2.986 0.523 -3.565 -2.965 -1.368 -1.811 -1.148 1.744
271 L -1.334 -2.291 -3.342 -3.596 -0.119 -2.688 -3.29 -3.364 -2.462 2.146 3.784 -2.52 1.896 0.604 -3.584 -3.05 -1.416 -1.818 -1.15 1.899
272 S 1.011 -0.798 0.44 -0.305 0.016 -0.627 -0.612 -0.163 -0.517 -1.968 -2.385 -0.342 -1.244 -2.0 -1.532 3.451 0.954 -2.606 -1.812 -1.349
273 G 0.221 -2.074 -0.318 -1.17 -1.093 -1.91 -2.215 5.407 -1.337 -3.01 -3.295 -1.43 -2.418 -2.599 -2.574 0.349 -1.234 -2.515 -2.921 -2.592
274 R -1.591 5.614 -0.519 -1.621 -2.316 0.461 -0.617 -2.185 0.042 -2.668 -2.085 1.962 -1.281 -2.529 -2.761 -1.463 -1.511 -2.291 -1.829 -2.219
275 L -1.716 -2.35 -3.329 -3.624 -0.378 -2.868 -3.391 -3.348 -2.064 1.723 3.762 -2.657 1.831 2.901 -3.786 -3.194 -1.755 -1.11 0.051 0.835
276 A 1.815 -0.617 -1.174 -1.63 -0.455 -1.079 -1.26 -0.824 -0.1 -0.983 -1.143 0.884 -0.788 2.622 -2.169 0.481 -0.725 -0.44 2.699 -0.708
277 L -1.628 -2.36 -2.917 -3.32 -0.649 -2.541 -3.12 -3.311 -0.142 2.737 2.297 -2.379 1.072 1.746 -3.535 -2.929 -1.609 0.182 3.942 1.343
278 S 0.398 -1.125 -0.218 -0.355 -0.432 -0.622 0.882 1.83 -0.782 -0.517 -1.679 -0.592 -1.042 -1.87 -2.023 1.952 0.068 -2.533 -1.939 0.488
279 H -1.748 -0.433 3.374 -0.064 -2.219 -0.338 -0.63 -1.144 7.044 -2.735 -2.826 -0.657 -1.588 -1.333 -2.751 -1.063 -1.563 -1.933 0.811 -2.925
280 E -0.699 -0.36 -0.611 0.387 -1.238 1.895 3.08 -1.948 -0.195 -0.364 -1.407 0.182 -0.78 -2.035 -2.127 -0.712 0.837 -2.375 -1.71 0.6
281 A 3.65 -1.685 -1.895 -1.944 0.569 -1.553 -1.567 -0.033 -1.491 0.221 -0.855 -1.112 -0.567 -1.607 -1.754 0.087 -0.484 -2.488 -1.728 1.337
282 I -1.601 -2.951 -3.264 -3.329 -0.378 -3.259 -3.642 -3.41 -2.295 3.902 2.092 -2.795 1.233 2.718 -3.716 -3.139 -1.395 -1.387 -0.049 2.193
283 H -1.454 0.259 2.229 2.079 -2.178 1.615 0.233 -1.254 5.285 -2.567 -2.69 1.356 -1.466 -2.03 -2.4 -0.99 -1.38 -2.316 -0.267 -2.561
284 K -1.015 2.721 -0.338 -0.311 -2.137 2.103 1.652 -1.637 0.058 -2.376 -2.288 3.422 -1.204 -2.795 -2.001 -0.981 -1.215 -2.462 -1.771 -2.067
285 Y -1.869 -1.834 -2.182 -3.079 -1.809 -1.84 -2.42 -2.989 2.048 -0.86 -0.967 -1.93 -0.739 3.291 -3.39 -2.494 -2.146 2.252 6.771 -1.036
286 G -0.102 -2.354 -0.698 -1.418 -1.399 -2.207 -2.486 5.375 -1.555 -3.102 -3.386 -1.601 -2.678 -2.835 2.033 -1.129 -1.873 -2.758 -3.113 -2.792
287 F -1.196 -2.539 -2.911 -3.211 -0.369 -2.745 -3.151 -2.998 -1.751 2.548 1.142 -2.571 2.429 3.955 -3.668 -2.644 -1.245 -0.782 0.842 2.538
288 S 0.35 -0.675 2.268 -0.083 -0.54 -0.548 -0.63 -0.383 3.65 -2.204 -2.552 -0.418 -1.398 -1.85 -1.878 2.593 0.386 -2.453 -0.921 -1.767
289 L 0.582 -2.425 -2.96 -3.051 0.032 -2.584 -2.955 -2.344 -2.361 3.096 2.414 -2.235 1.229 0.049 -3.086 -2.074 -1.049 -2.122 -1.335 2.358
290 F -2.391 -2.953 -2.917 -3.371 -1.431 -3.921 -3.539 -2.931 -0.885 0.22 0.508 -3.361 0.145 6.601 -4.505 -3.087 -2.427 0.795 2.874 -0.564
291 G 0.033 -2.414 -0.497 -1.38 -1.377 -2.252 -2.679 5.862 -1.533 -3.272 -3.517 -1.708 -2.724 -2.735 -2.836 -1.059 -1.976 -2.497 -3.205 -2.921
292 R -0.919 3.205 1.984 -0.434 -1.78 2.723 0.074 0.577 0.307 -2.535 -2.358 1.021 -1.19 -2.632 -2.436 -0.171 -0.915 -2.427 -1.789 -2.116
293 H -1.728 -0.66 2.063 -0.755 -1.819 -0.576 -0.914 -1.63 7.005 -1.238 0.051 -0.956 -0.497 -0.731 -2.903 -1.524 -1.797 -1.748 0.883 -1.803
294 I -1.068 -2.093 -2.784 -3.046 -0.128 -1.916 -2.885 -2.973 -1.79 3.171 1.757 -2.018 4.382 0.199 -3.372 -2.433 -1.004 -1.797 -1.107 2.408
295 V -0.797 -1.2 -1.579 -2.167 -0.423 0.946 -1.315 -2.536 3.377 1.804 1.219 -1.206 0.63 -0.554 -3.023 -2.016 -1.005 -2.106 -0.561 2.737
296 E -0.97 0.043 -0.353 1.222 -2.378 2.367 4.275 -1.922 0.402 -2.727 -2.628 0.718 -1.537 -2.72 -1.982 -0.842 -1.301 -2.409 -1.851 -2.13
297 H -1.748 -0.433 3.374 -0.064 -2.219 -0.338 -0.63 -1.144 7.044 -2.735 -2.826 -0.657 -1.588 -1.333 -2.751 -1.063 -1.563 -1.933 0.811 -2.925
298 G 1.337 -1.927 -0.478 -1.224 -0.687 -1.762 -1.986 4.881 -1.294 -2.494 -2.843 -1.294 -2.068 -2.45 -2.333 0.536 -0.991 -2.515 -2.663 -1.897
299 W -2.24 -2.45 -3.232 -3.624 -1.333 -2.964 -3.216 -2.811 -1.473 0.255 1.805 -2.816 0.463 2.974 -4.588 -3.289 -2.282 8.725 1.561 -0.493
300 G 0.033 -2.414 -0.497 -1.38 -1.377 -2.252 -2.679 5.862 -1.533 -3.272 -3.517 -1.708 -2.724 -2.735 -2.836 -1.059 -1.976 -2.497 -3.205 -2.921
301 G 1.211 -2.249 -0.668 -1.437 -0.932 -2.087 -2.412 5.42 -1.487 -2.712 -3.032 -1.557 -2.336 -2.579 -2.574 -0.759 -1.666 -2.497 -2.921 -2.153
302 L -0.735 -1.511 1.585 -1.109 -0.42 -1.597 -1.805 -1.692 -1.22 0.606 0.685 -1.245 -0.057 -1.144 2.087 -0.638 2.018 -2.578 -1.755 1.113
303 G 1.209 -0.443 -0.347 -1.023 -0.301 -0.818 -1.072 1.888 -1.049 -1.283 -1.847 1.052 -1.144 -2.089 -1.823 0.962 2.149 -2.444 -1.991 -0.746
304 G 0.033 -2.414 -0.497 -1.38 -1.377 -2.252 -2.679 5.862 -1.533 -3.272 -3.517 -1.708 -2.724 -2.735 -2.836 -1.059 -1.976 -2.497 -3.205 -2.921
305 L -0.855 -2.044 -2.156 -2.55 -0.172 -2.082 -2.629 -2.48 -1.829 2.869 2.519 -1.918 2.736 0.179 -3.097 -0.454 -0.792 -1.947 -1.254 1.522
306 K -1.128 2.704 1.958 -0.382 -2.045 1.925 0.203 -1.293 0.173 -2.369 -2.348 3.369 -1.256 -2.753 -2.109 -0.852 -1.062 -2.551 -1.796 -2.131
307 L 0.478 -1.461 1.348 -1.559 -0.445 -1.366 -2.017 -1.467 -0.611 0.576 0.939 -1.39 4.151 2.498 -2.956 -1.247 -1.054 -1.199 -0.037 0.186
308 F 1.952 -1.907 -1.689 -2.091 -0.143 -2.068 -2.043 -0.947 -1.125 -0.26 -0.411 -1.62 -0.369 4.155 -2.425 -0.459 1.008 -0.669 1.002 -0.118
309 Y -1.791 -1.756 -2.104 -3.001 -1.73 -1.762 -2.342 -2.91 2.126 -0.782 -0.888 -1.852 -0.661 3.37 -3.312 -2.416 -2.068 2.33 6.609 -0.958
310 Q -0.861 1.029 -0.071 -0.335 -1.889 4.804 1.414 -1.457 0.791 -2.219 -1.969 1.243 -0.381 -2.937 -2.129 -0.733 -0.953 -2.163 -1.263 -1.765
311 D 0.815 -0.957 1.968 2.18 -0.802 -0.406 1.171 -0.796 -0.256 -1.105 -1.086 -0.485 1.598 -1.678 -2.149 0.579 -0.534 -2.506 -1.879 -0.98
312 G 1.911 0.043 -0.784 -1.273 -0.698 -0.673 -1.011 3.283 -0.983 -1.949 -2.268 2.123 -1.547 -2.469 -1.983 -0.454 -1.134 -2.533 -2.219 -1.345
313 D -0.822 -0.993 1.923 2.13 -1.008 -0.453 1.089 -1.325 -0.295 -0.418 0.282 -0.617 2.562 -1.121 -2.457 0.272 -0.666 -2.32 -1.723 -0.733
314 G -0.8 1.26 -1.214 -1.744 -1.602 -1.567 -1.926 3.024 -0.706 -2.169 -2.213 -0.615 -1.827 0.936 3.739 -1.51 -1.74 -1.598 1.024 -2.12
315 G 1.232 -0.659 2.008 -0.325 -0.587 1.269 -0.532 2.036 -0.222 -2.096 -2.4 -0.281 -1.372 -2.318 -1.997 1.517 -0.162 -2.569 -1.965 -1.493
316 K -0.685 1.016 3.26 0.116 -1.537 0.154 -0.192 -0.735 0.133 -2.324 -2.586 3.103 -1.554 -2.557 -1.974 0.588 -0.474 -2.738 -1.93 -2.093
317 Y -1.869 -1.834 -2.182 -3.079 -1.809 -1.84 -2.42 -2.989 2.048 -0.86 -0.967 -1.93 -0.739 3.291 -3.39 -2.494 -2.146 2.252 6.771 -1.036
318 F -1.917 -2.881 -2.928 -3.346 -1.065 -3.665 -3.432 -2.945 -1.144 0.9 0.575 -3.187 0.26 6.125 -4.249 -2.949 -2.005 0.451 2.479 1.007
319 F -2.297 -2.734 -2.781 -3.32 -1.491 -3.453 -3.32 -2.941 -0.142 0.066 0.309 -3.068 0.015 6.253 -4.287 -2.98 -2.379 1.095 3.999 -0.638
320 I -1.0 -2.938 -3.204 -3.232 -0.034 -3.044 -3.454 -3.35 -2.834 4.204 1.396 -2.635 1.075 -0.03 -3.446 -2.844 -0.908 -2.307 -1.342 3.38
321 D -1.834 -1.645 1.142 5.916 -2.429 -0.929 0.993 -1.18 -0.593 -2.782 -3.548 -0.886 -2.754 -2.976 -2.346 -1.009 -1.47 -3.588 -3.1 -2.921
322 S 1.011 -0.798 0.44 -0.305 0.016 -0.627 -0.612 -0.163 -0.517 -1.968 -2.385 -0.342 -1.244 -2.0 -1.532 3.451 0.954 -2.606 -1.812 -1.349
323 S 1.793 -0.909 0.175 -0.501 0.126 -0.739 -0.723 -0.077 -0.629 -1.757 -2.191 -0.428 -1.189 -1.984 -1.532 3.119 0.759 -2.587 -1.812 -1.056
324 Y -2.033 -2.161 -2.407 -3.173 -1.677 -2.382 -2.747 -2.97 1.358 -0.454 -0.387 -2.333 -0.413 4.85 -3.716 -2.679 -2.237 1.843 5.953 -0.87
325 L -1.21 -2.402 -3.123 -3.306 -0.122 -2.513 -3.223 -3.247 -2.3 3.252 2.698 -2.383 2.856 0.335 -3.49 -2.813 -1.166 -1.925 -1.185 2.432
326 R -1.591 5.614 -0.519 -1.621 -2.316 0.461 -0.617 -2.185 0.042 -2.668 -2.085 1.962 -1.281 -2.529 -2.761 -1.463 -1.511 -2.291 -1.829 -2.219
327 L -1.409 -2.07 -3.03 -3.312 -0.213 -2.135 -3.062 -3.162 -1.901 2.516 3.235 -2.179 3.883 0.562 -3.519 -2.77 -1.363 -1.667 -1.072 1.392
328 L -1.334 -1.984 -2.36 -2.883 -0.331 -2.214 -2.804 -2.777 -1.676 1.353 2.914 -2.101 2.777 2.738 -3.29 -1.937 0.614 -1.126 0.012 0.675
329 I -1.233 -2.878 -3.277 -3.304 -0.119 -3.054 -3.532 -3.426 -2.73 4.109 2.131 -2.651 1.312 0.183 -3.519 -2.998 -1.093 -2.177 -1.302 2.902
330 L -1.383 -2.196 -3.015 -3.243 -0.213 -2.207 -3.116 -3.176 -1.954 3.076 2.827 -2.208 3.816 0.46 -3.503 -2.759 -1.28 -1.748 -1.109 1.729
331 Y -1.869 -1.834 -2.182 -3.079 -1.809 -1.84 -2.42 -2.989 2.048 -0.86 -0.967 -1.93 -0.739 3.291 -3.39 -2.494 -2.146 2.252 6.771 -1.036
332 G 0.033 -2.414 -0.497 -1.38 -1.377 -2.252 -2.679 5.862 -1.533 -3.272 -3.517 -1.708 -2.724 -2.735 -2.836 -1.059 -1.976 -2.497 -3.205 -2.921
333 V -0.644 -2.583 -3.108 -3.295 0.129 -2.748 -3.136 -3.162 -2.829 3.203 1.846 -2.506 1.108 -0.107 -3.35 -2.593 -0.769 -2.274 -1.302 3.704
334 V -0.806 -2.834 -3.148 -3.229 0.048 -2.938 -3.32 -3.262 -2.868 3.942 1.277 -2.587 1.003 -0.131 -3.39 -2.71 -0.803 -2.341 -1.342 3.63
335 V -0.156 -1.993 -1.571 -2.1 0.126 -2.004 -2.231 -2.084 -2.107 2.616 0.425 -1.719 0.409 -0.713 -2.637 0.108 1.231 -2.401 -1.483 3.091
336 F 1.623 -1.979 -1.933 -2.321 -0.172 -2.182 -2.244 -1.259 -1.317 0.231 1.001 -1.773 0.195 3.829 -2.616 -0.791 0.732 -0.837 0.722 0.096
337 L -1.175 -2.524 -3.28 -3.445 -0.077 -2.815 -3.341 -3.349 -2.609 3.114 3.042 -2.561 1.589 0.358 -3.522 -2.952 -1.19 -2.007 -1.225 2.619
338 L 0.63 -2.311 -2.847 -3.069 -0.04 -2.569 -2.815 -2.21 -2.025 1.838 2.208 -2.272 1.004 2.585 -3.151 -1.966 -1.106 -1.393 -0.069 2.343
339 V -0.272 -2.378 -2.58 -2.938 0.271 -2.466 -2.768 -2.813 -2.791 2.797 0.761 -2.25 0.681 -0.538 -3.05 -1.893 0.478 -2.418 -1.371 4.048
340 L -1.51 -2.554 -3.358 -3.472 -0.186 -2.89 -3.488 -3.456 -2.502 3.325 3.344 -2.592 1.782 0.567 -3.6 -3.161 -1.403 -1.888 -1.181 1.903
341 I 2.041 -2.275 -2.495 -2.522 0.268 -2.237 -2.405 -1.292 -2.082 3.011 0.598 -1.795 0.451 -0.621 -2.503 -1.079 -0.708 -2.361 -1.5 2.455
342 I -0.579 -1.973 -1.439 -2.035 0.025 -2.02 -2.347 -2.277 -2.12 2.905 0.525 -1.671 0.448 -0.639 -2.533 -0.731 2.605 -2.263 -1.512 2.327
343 L -1.149 -1.758 -2.677 -3.05 -0.175 -1.573 -2.688 -2.858 -1.463 2.168 2.436 -1.819 5.022 0.393 -3.372 -2.337 -1.132 -1.562 -0.997 1.61
344 T 1.039 -1.29 -0.579 -1.325 0.145 -1.297 -1.54 -1.133 -1.5 -0.098 -0.113 -0.966 -0.293 -1.377 -1.825 0.422 3.732 -2.233 -1.711 0.242
345 I -1.434 -3.158 -3.319 -3.238 -0.207 -3.266 -3.744 -3.536 -2.768 4.666 1.62 -2.736 1.214 0.161 -3.561 -3.133 -1.132 -2.242 -1.342 2.803
346 I -1.233 -2.878 -3.277 -3.304 -0.119 -3.054 -3.532 -3.426 -2.73 4.109 2.131 -2.651 1.312 0.183 -3.519 -2.998 -1.093 -2.177 -1.302 2.902
347 S 1.685 -1.132 0.025 -0.665 -0.057 -0.963 -0.991 2.123 -0.782 -1.925 -2.341 -0.622 -1.385 -2.094 -1.713 2.657 0.411 -2.569 -2.003 -1.244
348 W -1.847 -1.663 -1.921 -2.782 -1.357 -1.686 -2.257 -2.609 3.713 -0.024 1.018 -1.917 2.112 1.491 -3.695 -2.556 -2.006 6.898 3.744 -0.591
349 R -1.207 3.858 -0.654 -1.352 -1.737 1.206 -0.287 -1.907 -0.158 -1.269 -0.884 2.871 1.748 -1.895 -2.408 -1.306 -1.272 -2.205 -1.613 -1.329
350 S 0.831 -1.025 0.085 -0.629 0.062 -0.879 -0.892 -0.482 -0.806 -0.342 -1.516 -0.602 -0.794 -1.678 -1.754 3.002 0.756 -2.578 -1.728 0.654
351 I -0.593 -1.027 -1.67 -2.032 -0.307 -1.581 -1.923 -2.205 -1.775 3.31 0.647 0.627 0.514 -0.586 -2.724 -0.258 -0.566 -2.392 -1.495 2.327
352 K -0.611 0.368 -0.79 -0.683 -0.978 0.017 1.073 -1.656 -0.583 -0.254 0.816 2.251 2.048 -1.098 -2.208 0.147 -0.758 -2.177 -1.547 -0.587
353 H -0.912 -0.309 -0.239 -1.192 -0.932 0.615 -0.742 -1.7 5.177 -0.666 -0.715 0.372 1.833 -1.093 -2.332 -0.606 1.875 -1.85 -0.052 -0.705
354 A 1.713 -1.373 -0.654 -1.281 -0.03 -1.209 -1.483 1.936 -1.091 -0.644 -0.756 -0.948 1.735 -1.448 -1.997 1.206 1.219 -2.258 -1.807 -0.364
355 D -1.303 -0.702 0.347 4.145 -2.452 0.56 3.601 -1.633 -0.016 -2.805 -3.063 0.084 -2.167 -2.791 -2.101 -0.914 -1.404 -2.867 -2.385 -2.473
356 Y -1.9 1.318 -1.927 -2.821 -1.819 -1.519 -2.169 -2.829 1.44 -0.866 -0.805 -0.938 -0.65 3.85 -3.427 -2.379 -2.073 1.614 5.817 -1.113
357 A 2.592 1.487 -1.082 -1.594 -0.143 -0.916 -1.225 -0.459 -0.089 -1.28 -1.556 -0.217 -1.003 -0.201 -1.957 0.747 -0.526 -0.96 2.257 -0.599
358 L -1.597 -2.243 -3.419 -3.677 -0.207 -2.697 -3.362 -3.439 -2.37 1.948 4.128 -2.535 2.076 0.776 -3.661 -3.215 -1.637 -1.707 -1.113 1.049
359 A 3.605 -1.646 -1.941 -1.989 0.5 -1.559 -1.607 -0.056 -1.425 -0.178 0.559 -1.121 -0.161 -1.249 -1.795 0.032 -0.643 -2.349 -1.683 0.267
360 A 1.355 -1.558 -0.816 -1.424 5.056 -1.478 -1.586 -0.869 -1.452 0.102 -1.019 -1.16 -0.631 -1.619 -2.039 1.476 1.386 -2.597 -1.865 1.035
361 I -1.209 -3.046 -3.261 -3.235 -0.119 -3.153 -3.595 -3.442 -2.801 4.444 1.51 -2.685 1.146 0.067 -3.503 -2.985 -1.018 -2.274 -1.342 3.106
362 L -1.332 -1.929 -2.861 -3.178 -0.216 -1.858 -2.897 -3.026 -1.668 2.464 2.88 -2.003 4.514 0.499 -3.459 -2.577 -1.275 -1.607 -1.034 1.375
363 V -0.471 -2.491 -3.054 -3.292 0.207 -2.653 -3.015 -3.079 -2.862 2.825 1.745 -2.46 1.036 -0.21 -3.296 -2.469 -0.668 -2.307 -1.302 3.928
364 L -1.138 -2.243 -2.949 -3.173 -0.125 -2.199 -3.049 -3.107 -2.034 3.211 2.266 -2.195 3.719 0.268 -3.43 -2.617 -1.084 -1.86 -1.146 2.42
365 L -0.849 -2.53 -3.179 -3.368 0.048 -2.757 -3.205 -3.233 -2.725 3.068 2.485 -2.522 1.342 0.112 -3.421 -2.733 -0.944 -2.145 -1.264 3.28
366 A 2.646 -1.516 -1.087 -1.523 0.168 -1.48 -1.485 -0.372 -1.095 -0.706 -1.05 -1.072 -0.711 2.111 -1.898 0.952 1.161 -1.601 -0.312 -0.201
367 I -1.434 -3.158 -3.319 -3.238 -0.207 -3.266 -3.744 -3.536 -2.768 4.666 1.62 -2.736 1.214 0.161 -3.561 -3.133 -1.132 -2.242 -1.342 2.803
368 S 1.793 -0.909 0.175 -0.501 0.126 -0.739 -0.723 -0.077 -0.629 -1.757 -2.191 -0.428 -1.189 -1.984 -1.532 3.119 0.759 -2.587 -1.812 -1.056
369 A 2.735 -1.761 -1.162 -1.59 5.053 -1.622 -1.698 2.091 -1.387 -1.322 -1.749 -1.194 -1.253 -2.075 -1.953 0.828 -0.493 -2.634 -2.163 -0.569
370 V 0.83 -2.528 -2.83 -2.921 0.191 -2.567 -2.829 -2.241 -2.547 3.359 0.904 -2.208 0.718 -0.416 -2.961 -1.854 -0.696 -2.384 -1.415 3.4
371 V -0.601 -2.431 -2.376 -2.737 0.092 -2.51 -2.851 -2.815 -2.598 3.384 0.925 -2.193 0.752 -0.389 -3.017 -1.76 0.997 -2.341 -1.408 3.405
372 E -0.976 -0.179 -0.395 1.461 -2.468 1.289 4.622 -2.006 0.336 -2.821 -2.76 0.62 -1.81 -2.665 -1.938 -0.848 -1.358 -2.444 -1.965 -2.191
373 Q -1.055 0.757 2.026 -0.068 -1.957 4.631 1.074 -1.268 0.747 -2.371 -2.211 0.961 -0.688 -2.909 -2.276 -0.695 -0.938 -2.358 -1.459 -1.959
374 R -1.676 3.951 -0.022 -1.304 -2.353 0.14 -0.587 -1.961 6.268 -2.693 -2.354 0.893 -1.299 -1.607 -2.783 -1.548 -1.871 -1.875 0.375 -2.623
375 L -1.515 -2.093 -3.226 -3.526 -0.21 -2.364 -3.18 -3.29 -2.098 1.885 3.873 -2.337 3.162 0.718 -3.598 -2.991 -1.541 -1.647 -1.074 1.03
376 L -1.414 -2.146 -2.88 -3.388 -0.547 -2.374 -2.948 -3.209 -0.126 1.525 2.708 -2.305 1.175 1.759 -3.494 -2.803 -1.563 0.21 3.948 1.504
377 D -1.672 -1.343 0.936 5.511 -2.436 -0.42 2.004 -1.303 -0.416 -2.789 -3.401 -0.574 -2.574 -2.922 -2.274 -0.981 -1.451 -3.363 -2.877 -2.786
378 L -1.445 -2.431 -2.847 -2.919 -0.574 -2.552 -2.969 -2.935 -1.81 2.695 1.83 -2.227 2.498 2.593 1.916 -2.612 -1.437 -1.461 -0.112 1.292
379 A 2.841 -1.388 -0.629 -1.128 0.166 -1.221 -1.251 2.201 -1.034 -1.523 -1.97 -0.816 -1.271 -2.061 -1.713 1.683 -0.083 -2.533 -2.003 -0.703
380 Y -1.869 -1.834 -2.182 -3.079 -1.809 -1.84 -2.42 -2.989 2.048 -0.86 -0.967 -1.93 -0.739 3.291 -3.39 -2.494 -2.146 2.252 6.771 -1.036
381 D -1.794 -1.199 3.568 5.017 -2.243 -0.809 0.514 -0.82 -0.0 -2.778 -3.43 -0.697 -2.564 -2.783 -2.442 -0.703 -1.112 -3.387 -2.737 -2.816
382 P -0.893 -2.07 -1.99 -1.621 -1.514 -1.99 -1.679 -1.909 -1.664 -2.374 -2.807 -1.121 -2.46 -3.392 6.719 -1.509 -1.405 -4.606 -2.692 -2.219
383 F -2.391 -2.953 -2.917 -3.371 -1.431 -3.921 -3.539 -2.931 -0.885 0.22 0.508 -3.361 0.145 6.601 -4.505 -3.087 -2.427 0.795 2.874 -0.564
384 L -1.716 -2.35 -3.329 -3.624 -0.378 -2.868 -3.391 -3.348 -2.064 1.723 3.762 -2.657 1.831 2.901 -3.786 -3.194 -1.755 -1.11 0.051 0.835
385 I -1.46 -2.984 -3.336 -3.306 -0.207 -3.163 -3.676 -3.52 -2.698 4.357 2.219 -2.701 1.377 0.273 -3.578 -3.147 -1.21 -2.145 -1.302 2.576
386 A 3.609 -1.755 -1.931 -1.945 0.5 -1.618 -1.64 -0.061 -1.47 1.077 -0.611 -1.141 -0.444 -1.441 -1.786 0.037 -0.578 -2.453 -1.728 0.752
387 L -1.57 -2.377 -3.402 -3.599 -0.207 -2.785 -3.423 -3.455 -2.433 2.617 3.835 -2.567 1.949 0.682 -3.644 -3.201 -1.547 -1.79 -1.15 1.426
388 F -1.849 -2.888 -3.013 -3.437 4.883 -3.612 -3.577 -2.875 -1.367 0.462 1.365 -3.175 0.417 5.56 -4.111 -2.83 -2.085 0.067 1.972 -0.21
389 A 3.632 -1.61 -1.655 -1.778 0.519 -1.475 -1.501 0.018 -1.384 0.297 -0.949 -1.016 -0.649 -1.642 -1.674 0.246 0.394 -2.453 -1.766 0.443
390 N -0.708 0.366 3.265 0.544 -1.585 1.777 1.468 -0.826 0.396 -2.448 -2.617 1.579 -1.47 -2.548 -2.088 0.61 -0.488 -2.643 -1.857 -2.078
391 C -0.406 -2.181 -1.881 -1.527 6.725 -1.628 0.267 1.403 -1.877 0.766 -0.669 -1.71 -0.591 -1.585 -2.916 -1.617 -1.135 -2.709 -2.163 1.832
392 Y -1.857 -2.248 -2.505 -3.153 -1.326 -2.402 -2.834 -3.064 1.074 1.462 0.066 -2.308 -0.046 4.04 -3.603 -2.711 -1.948 1.485 5.565 0.32
393 F -0.779 -0.824 -1.143 -1.725 -0.723 -1.468 -1.665 -1.816 -1.034 1.195 -0.145 0.69 -0.131 3.775 -2.654 0.143 0.906 -0.918 0.7 0.216
394 S 0.218 0.739 2.138 -0.217 -0.747 0.518 -0.655 1.981 -0.192 -2.363 -2.613 -0.079 -1.515 -2.302 -2.036 2.056 0.078 -2.592 -2.011 -1.866
395 K -1.007 0.743 2.322 -0.323 -1.494 0.017 -0.367 -1.164 4.029 -1.851 -2.214 2.581 -1.278 -2.022 -2.083 -0.485 1.051 -2.337 -0.76 -1.671
396 D -1.29 0.565 2.814 2.885 -2.055 2.185 0.58 -1.011 0.275 -2.473 -2.688 2.011 -1.522 -2.791 -2.196 -0.693 -0.995 -2.801 -2.014 -2.306
397 L -1.398 2.094 -2.127 -2.709 -0.577 -1.242 -2.227 -2.859 -1.277 2.342 2.157 -0.46 3.053 -0.012 -3.264 -2.341 -1.301 -1.839 -1.237 1.169
398 I -0.627 -1.569 -0.846 -1.62 -0.517 -1.468 -1.716 -1.856 4.311 2.833 0.273 -1.42 0.264 -0.481 -2.703 0.298 -0.612 -2.086 -0.32 1.325
399 G 0.62 -1.438 0.066 -0.736 -0.541 -1.27 -1.407 4.159 -0.924 -2.49 -2.839 -0.888 -1.833 -2.287 -2.054 1.855 -0.097 -2.494 -2.369 -1.973
400 E -0.549 -0.701 -0.379 0.835 -2.007 0.564 3.46 3.012 -0.114 -2.914 -2.941 0.081 -2.034 -2.638 -2.158 -0.867 -1.5 -2.412 -2.272 -2.365
401 E -1.153 -0.223 3.131 1.434 -2.217 0.839 3.566 -1.227 0.59 -2.754 -2.852 0.38 -1.89 -2.535 -2.105 -0.556 -0.996 -2.575 -1.968 -2.276
402 N -1.376 0.687 3.228 0.045 -2.052 0.088 -0.276 -0.994 5.229 -2.494 -2.645 2.202 -1.525 -1.891 -2.309 -0.805 -1.17 -2.258 -0.198 -2.508
403 D -1.916 -1.466 3.166 3.311 -1.843 -1.427 -0.515 -1.185 -0.027 -1.355 -1.402 -1.219 -1.268 3.587 -2.97 -1.136 -1.313 -1.184 0.517 -1.783
404 L -1.34 -0.895 1.899 0.24 -1.248 -0.147 2.33 -1.946 -0.291 0.051 1.822 -0.492 0.36 -0.746 -2.653 -1.376 -1.254 -2.208 -1.607 -0.478
405 R 1.0 2.207 -0.748 -1.386 -0.501 -0.451 -0.954 -1.206 -0.892 0.257 -1.054 1.681 -0.635 -1.782 -2.005 -0.278 1.785 -2.357 -1.743 -0.046
406 R -1.071 3.463 -0.745 -1.488 -1.142 0.914 -0.75 -2.042 -0.556 1.032 -0.721 1.468 -0.375 -1.64 -2.473 -0.988 1.014 -2.282 -1.649 0.094
407 G -1.084 -0.205 2.14 -0.707 -1.461 -0.71 -1.11 1.999 3.96 -0.992 0.343 1.184 -0.502 -1.249 -2.659 -1.227 -1.425 -2.198 -0.806 -1.423
408 L -0.567 -1.284 -0.901 -0.748 -0.635 -0.865 0.947 -1.734 -0.827 -0.084 0.911 -0.933 0.073 2.66 -2.44 0.496 1.199 -1.306 -0.003 -0.344
409 K -0.78 2.29 -0.973 -1.459 -1.065 1.581 -0.357 -2.008 -0.637 0.602 -0.766 2.502 -0.307 -1.798 -2.418 -1.402 -0.95 -2.435 -1.58 1.686