#Seq2Logo.py -f /work3/idamei/ssn-clusterings/clustering/2205110921/clusters/0005_400/sequences.afa -o /work3/idamei/ssn-clusterings/clustering/2205110921/clusters/0005_400/sequences.logo
Last position-specific scoring matrix computed, values are in halfbits
A R N D C Q E G H I L K M F P S T W Y V
0 L -1.123 -1.426 -2.403 -2.857 -0.211 -1.094 -2.396 -2.626 -1.011 1.56 2.092 -1.495 5.818 0.425 -3.285 -2.059 -1.089 -1.349 -0.875 0.947
1 N -1.34 -0.79 4.562 2.761 -1.455 -0.744 -0.416 -0.579 0.305 -2.059 -2.69 -0.533 -1.883 -2.335 -2.368 -0.115 1.237 -2.933 -2.201 -1.833
2 E -0.431 -1.1 -0.721 -0.011 -0.937 -0.193 2.324 1.874 -0.784 -0.114 -1.361 -0.484 -0.949 -1.87 -2.266 -0.718 1.032 -2.399 -1.972 0.85
3 S 0.485 -1.212 -0.26 -0.984 0.125 -1.129 -1.231 -0.939 -1.182 0.506 -0.884 -0.85 -0.421 -1.421 -1.902 2.043 2.05 -2.442 -1.647 1.456
4 N -1.399 0.082 2.526 -0.509 -1.472 -0.473 -0.847 -1.466 4.488 1.251 -0.868 1.575 -0.56 -1.228 -2.588 -1.25 -1.169 -2.263 -0.456 -0.061
5 L -0.201 -1.071 2.105 -0.646 -0.365 -1.015 -1.341 -0.996 -0.5 0.053 1.141 -0.878 2.365 -0.709 -2.387 1.454 -0.061 -2.179 -1.498 -0.305
6 I -0.689 -2.14 -1.932 -2.295 -0.151 -2.041 -2.541 -2.32 -1.778 3.558 1.279 -1.825 2.703 -0.089 -2.966 -0.14 -0.558 -2.094 -1.317 1.995
7 D -0.984 -1.44 1.029 5.335 -1.733 -0.852 0.75 -0.932 -0.564 -2.586 -3.261 -0.755 -2.368 -2.739 -2.15 0.569 -0.781 -3.349 -2.778 -2.517
8 R 0.808 3.419 -0.654 0.017 -1.472 0.585 2.543 -1.41 -0.032 -2.251 -2.152 1.049 -1.388 -2.43 -2.131 -0.745 -1.201 -2.378 -1.865 -1.566
9 K 0.888 2.653 -0.597 -0.419 -1.363 0.516 1.547 -1.171 -0.236 -2.047 -2.113 2.929 -1.289 -2.528 -1.9 -0.673 -1.089 -2.472 -1.845 -1.517
10 K -1.266 2.573 2.069 -0.665 -1.573 -0.041 -0.609 -1.534 -0.244 0.847 -1.04 2.779 -0.694 -1.822 -2.397 -1.162 -1.053 -2.526 -1.772 -0.296
11 R -1.273 4.63 -0.426 -1.24 -2.186 0.594 -0.222 -1.83 -0.076 -2.449 -2.154 3.317 -1.266 -2.644 -2.296 -1.227 -1.342 -2.399 -1.821 -2.138
12 N -1.34 0.815 4.485 0.594 -1.941 0.04 -0.307 -0.616 0.5 -2.505 -2.795 2.645 -1.792 -2.582 -2.236 -0.442 -0.73 -2.835 -1.996 -2.365
13 L -1.462 1.917 -1.538 -1.91 -1.545 1.415 -0.92 -2.217 -0.66 -0.803 0.559 -0.022 -0.225 -0.751 2.404 -1.89 -1.599 6.128 -0.413 -1.145
14 G 1.364 -1.921 -0.622 -1.369 -0.541 -1.803 -2.081 4.588 -1.451 -1.864 -2.372 -1.332 -1.756 -2.295 -2.281 -0.304 0.936 -2.43 -2.539 -1.291
15 E -0.962 -0.165 -0.381 1.475 -2.454 1.304 4.591 -1.992 0.35 -2.807 -2.746 0.634 -1.796 -2.651 -1.924 -0.834 -1.344 -2.43 -1.951 -2.177
16 L -1.448 -0.452 1.731 -1.337 -0.775 -1.192 -1.668 -2.037 -0.94 0.878 2.808 0.996 1.092 -0.148 -2.95 -1.82 -1.262 -2.084 -1.416 0.132
17 V -0.934 -2.692 -3.186 -3.299 0.013 -2.874 -3.314 -3.283 -2.747 3.625 2.115 -2.562 1.266 0.089 -3.428 -2.79 -0.938 -2.189 -1.28 3.253
18 F -2.377 -2.939 -2.903 -3.357 -1.417 -3.907 -3.525 -2.917 -0.871 0.234 0.522 -3.347 0.159 6.58 -4.491 -3.073 -2.413 0.809 2.888 -0.55
19 F -2.377 -2.939 -2.903 -3.357 -1.417 -3.907 -3.525 -2.917 -0.871 0.234 0.522 -3.347 0.159 6.58 -4.491 -3.073 -2.413 0.809 2.888 -0.55
20 A 4.018 -1.526 -1.705 -1.73 0.637 -1.363 -1.341 0.331 -1.254 -0.873 -1.364 -0.891 -0.916 -1.891 -1.518 0.412 -0.465 -2.483 -1.798 0.096
21 L -1.453 -2.201 -3.156 -3.395 -0.197 -2.379 -3.198 -3.265 -2.1 2.671 3.406 -2.32 3.214 0.605 -3.551 -2.919 -1.404 -1.718 -1.096 1.49
22 F -2.377 -2.939 -2.903 -3.357 -1.417 -3.907 -3.525 -2.917 -0.871 0.234 0.522 -3.347 0.159 6.58 -4.491 -3.073 -2.413 0.809 2.888 -0.55
23 I -1.42 -3.143 -3.305 -3.223 -0.193 -3.252 -3.729 -3.522 -2.754 4.631 1.634 -2.721 1.228 0.175 -3.547 -3.119 -1.117 -2.227 -1.328 2.817
24 P -0.879 -2.056 -1.976 -1.606 -1.5 -1.976 -1.665 -1.895 -1.65 -2.36 -2.793 -1.107 -2.446 -3.378 6.706 -1.495 -1.391 -4.592 -2.678 -2.204
25 W -2.692 -2.426 -3.209 -3.663 -2.377 -2.867 -3.012 -2.408 -1.177 -1.896 -1.693 -2.834 -1.323 1.086 -5.451 -3.398 -2.738 10.653 2.127 -2.27
26 I -1.452 -2.936 -3.325 -3.306 -0.193 -3.129 -3.649 -3.502 -2.67 4.26 2.326 -2.68 1.422 0.309 -3.567 -3.135 -1.212 -2.112 -1.28 2.542
27 A 2.957 -1.613 -1.515 -1.811 0.466 -1.527 -1.614 -0.408 -1.566 0.499 -0.702 -1.128 -0.423 -1.488 -1.832 0.094 1.335 -2.42 -1.688 1.534
28 L -1.875 -2.492 -3.194 -3.537 -0.622 -3.112 -3.418 -3.211 -1.668 1.389 3.14 -2.823 1.463 4.466 -3.956 -3.149 -1.914 -0.425 1.167 0.521
29 C -0.534 -2.577 -2.216 -2.714 7.229 -2.655 -3.024 -2.367 -2.564 2.067 0.1 -2.318 0.012 -1.057 -2.918 -1.335 1.098 -2.648 -1.937 1.934
30 I -1.304 -2.97 -3.152 -3.246 -0.287 -3.231 -3.513 -3.283 -2.3 3.826 1.302 -2.773 0.956 2.935 -3.639 -2.934 -1.188 -1.342 0.138 2.786
31 L -1.55 -2.39 -3.385 -3.569 -0.193 -2.788 -3.421 -3.444 -2.432 2.729 3.753 -2.56 1.937 0.677 -3.627 -3.185 -1.515 -1.792 -1.143 1.51
32 S 1.444 -1.517 -0.854 -1.47 5.435 -1.408 -1.531 -0.759 -0.163 -1.229 -1.568 -1.139 -1.038 0.089 -2.109 1.578 -0.148 -0.829 2.605 -0.754
33 E -0.943 0.435 -0.367 1.146 -2.362 1.203 4.104 -1.86 0.233 -2.667 -2.647 1.971 -1.682 -2.689 -1.884 -0.851 -1.298 -2.462 -1.926 -2.149
34 T 0.376 -0.99 0.09 -0.726 0.059 -0.92 -1.063 -0.819 -1.036 -0.829 -1.543 -0.621 -0.819 -1.763 -1.643 2.081 3.434 -2.368 -1.769 -0.33
35 T -0.155 -1.135 -0.182 -1.057 0.079 -1.146 -1.421 -1.372 -1.456 -0.267 -1.1 -0.834 -0.575 -1.623 -1.73 0.662 4.369 -2.227 -1.749 0.187
36 L -1.103 -2.479 -3.123 -3.412 -0.179 -2.867 -3.209 -3.144 -2.19 2.185 2.582 -2.63 1.287 2.997 -3.607 -2.796 -1.236 -1.201 0.195 2.62
37 A 2.364 -1.413 -0.781 -1.271 0.072 -1.358 -1.309 -0.3 -0.857 -0.965 -1.178 -0.974 -0.778 2.484 -1.915 1.748 -0.039 -1.489 -0.079 -0.535
38 Y -1.463 -1.949 -2.312 -3.093 -1.237 -1.97 -2.505 -2.979 1.542 0.428 -0.474 -2.012 -0.352 2.852 -3.343 -2.449 -1.722 1.76 6.143 1.031
39 K -0.664 0.317 2.218 -0.353 -1.406 1.753 -0.174 -1.071 0.736 -1.927 -2.074 1.605 -1.114 -0.114 -2.216 0.578 -0.573 -0.775 2.651 -1.714
40 F -2.157 -2.438 -2.586 -3.237 -1.562 -2.89 -3.024 -2.94 0.669 -0.151 0.019 -2.687 -0.163 5.667 -3.992 -2.821 -2.298 1.482 5.058 -0.73
41 S 0.138 -1.306 -0.403 -1.138 -0.517 -1.274 -1.317 -0.972 0.17 -1.152 -1.255 -1.024 -0.797 3.059 -2.248 2.15 0.061 -0.155 3.108 -1.099
42 D -1.017 2.317 0.026 2.382 -1.637 0.251 1.647 -1.591 -0.319 -1.95 -2.235 1.893 -1.443 -2.479 -2.066 -0.61 0.991 -2.581 -2.046 -1.611
43 A 2.364 -1.7 -0.906 2.355 -0.087 -1.496 -0.828 -0.616 -1.279 -0.107 1.004 -1.201 -0.055 -1.107 -2.119 -0.502 -0.938 -2.469 -1.847 -0.075
44 A 1.999 -2.021 -2.318 -2.606 5.449 -2.035 -2.295 -1.138 -0.548 -0.022 0.886 -1.74 -0.015 0.519 -2.505 -0.938 -1.135 -0.705 2.639 0.04
45 G -0.929 -1.955 0.085 3.535 -1.832 -1.563 -0.598 3.51 -0.081 -2.424 -2.791 -1.374 -2.199 -0.216 -2.711 -1.259 -1.779 -0.933 2.453 -2.419
46 Y 1.06 -1.147 -0.993 -0.783 -0.824 -0.597 1.06 -1.211 0.846 -1.364 -1.585 -0.715 -1.051 1.249 -2.221 0.528 -0.767 0.351 4.312 -0.999
47 I -1.452 -2.936 -3.325 -3.306 -0.193 -3.129 -3.649 -3.502 -2.67 4.26 2.326 -2.68 1.422 0.309 -3.567 -3.135 -1.212 -2.112 -1.28 2.542
48 V -0.975 -2.59 -2.913 -3.185 -0.225 -2.669 -3.102 -3.191 -1.004 3.415 0.961 -2.429 0.743 0.965 -3.376 -2.651 -1.012 -0.659 2.729 3.11
49 N -1.256 -1.014 3.467 0.349 -1.967 -0.613 1.049 2.112 0.08 -2.659 -2.791 -0.677 -2.01 -1.369 -2.878 -0.912 -1.282 6.119 -0.723 -2.5
50 L -1.24 -2.451 -3.294 -3.475 -0.088 -2.777 -3.331 -3.353 -2.545 2.911 3.279 -2.541 1.707 0.461 -3.536 -2.988 -1.26 -1.93 -1.188 2.361
51 L -1.398 -2.418 -3.209 -3.504 -0.287 -2.878 -3.295 -3.229 -2.089 1.948 3.173 -2.649 1.551 3.089 -3.701 -2.979 -1.488 -1.094 0.223 1.853
52 K -0.869 2.051 -0.311 -0.765 -2.02 0.764 0.271 -1.385 -0.286 -2.166 -2.283 4.596 -1.266 -2.848 -1.73 -0.924 -1.125 -2.592 -1.831 -2.042
53 S 0.416 -1.162 -0.331 -1.016 -0.014 -1.124 -1.231 -0.861 -0.971 0.019 1.458 -0.863 0.363 -0.713 -2.041 2.29 0.362 -2.232 -1.517 -0.271
54 L -1.3 -2.408 -2.307 -2.73 -0.339 -2.683 -2.999 -2.821 -1.937 2.955 1.869 -2.293 0.971 2.928 -3.239 -1.875 0.932 -1.229 0.12 1.581
55 V -0.681 -2.759 -3.101 -3.214 0.111 -2.863 -3.228 -3.196 -2.874 3.76 1.218 -2.544 0.973 -0.179 -3.343 -2.618 -0.727 -2.347 -1.328 3.749
56 L -1.726 -2.358 -3.298 -3.599 -0.4 -2.89 -3.383 -3.316 -1.992 1.69 3.663 -2.668 1.793 3.178 -3.797 -3.175 -1.765 -0.99 0.251 0.805
57 P -0.879 -2.056 -1.976 -1.606 -1.5 -1.976 -1.665 -1.895 -1.65 -2.36 -2.793 -1.107 -2.446 -3.378 6.706 -1.495 -1.391 -4.592 -2.678 -2.204
58 L 1.011 -2.007 -2.629 -2.854 0.184 -1.993 -2.503 -1.958 -1.987 2.018 1.874 -1.877 2.742 -0.173 -2.868 -1.606 -0.798 -2.038 -1.269 2.655
59 G 0.163 -1.745 -0.756 -1.461 5.415 -1.705 -1.899 2.075 -1.41 -0.588 0.53 -1.385 -0.344 -1.29 -2.416 1.388 -0.305 -2.483 -2.046 -0.699
60 L -1.589 -2.328 -3.057 -3.337 -0.404 -2.564 -3.231 -3.161 -1.764 2.46 2.828 -2.458 3.017 3.098 -3.696 -2.895 -1.535 -1.009 0.252 1.269
61 V -0.495 -2.467 -3.054 -3.293 0.206 -2.641 -3.014 -3.079 -2.827 2.809 1.888 -2.449 1.1 -0.149 -3.296 -2.482 -0.687 -2.267 -1.28 3.823
62 L 1.176 -1.787 -1.782 -2.186 0.133 -1.861 -2.083 -1.44 -1.746 1.36 2.203 -1.579 0.896 -0.298 -2.538 0.283 -0.481 -2.15 -1.407 1.662
63 L -1.335 -2.774 -3.171 -3.33 -0.287 -3.108 -3.438 -3.265 -2.228 3.325 2.068 -2.731 1.168 2.987 -3.659 -2.949 -1.285 -1.257 0.167 2.507
64 N -0.633 0.775 3.622 0.281 -1.433 0.033 -0.277 -0.604 0.226 -2.34 -2.633 2.646 -1.597 -2.485 -2.008 0.801 -0.344 -2.752 -1.933 -2.086
65 L -0.988 -2.345 -3.224 -3.472 0.013 -2.662 -3.176 -3.247 -2.582 2.416 3.205 -2.484 1.637 0.358 -3.466 -2.819 -1.117 -1.966 -1.188 2.761
66 L -1.731 -2.461 -2.962 -3.279 -0.627 -2.762 -3.264 -3.062 -1.464 2.232 2.106 -2.602 2.805 4.416 -3.849 -2.872 -1.672 -0.44 1.168 1.029
67 L -1.531 -2.556 -3.108 -3.444 -0.501 -3.1 -3.328 -3.127 -1.755 1.674 2.541 -2.803 1.191 4.41 -3.854 -2.955 -1.623 -0.51 1.147 1.659
68 L -1.55 -2.39 -3.385 -3.569 -0.193 -2.788 -3.421 -3.444 -2.432 2.729 3.753 -2.56 1.937 0.677 -3.627 -3.185 -1.515 -1.792 -1.143 1.51
69 D -0.038 -1.383 0.608 3.674 -1.021 -1.001 -0.083 2.229 -0.712 -2.495 -3.006 -0.777 -2.034 -2.488 -2.059 1.573 -0.296 -2.921 -2.517 -2.173
70 K -1.132 3.997 -0.387 -1.073 -2.13 0.652 -0.048 -1.674 -0.144 -2.351 -2.196 3.809 -1.266 -2.71 -2.095 -1.123 -1.268 -2.462 -1.825 -2.106
71 G 1.167 -1.263 2.159 -0.576 -0.339 -1.243 -1.46 2.247 -0.774 -1.225 -1.868 -0.886 -1.266 -2.022 -2.038 0.174 2.351 -2.472 -2.071 -0.689
72 D -0.631 1.855 0.495 3.632 -1.152 -0.561 0.041 -1.132 -0.573 -1.904 -2.371 0.059 -1.581 -2.36 -2.097 0.773 1.264 -2.787 -2.239 -1.579
73 L -1.361 -2.092 -2.335 -2.871 -0.339 -2.483 -2.875 -2.791 -1.811 1.326 3.038 -2.222 1.38 3.031 -3.274 -1.896 0.839 -1.067 0.177 0.634
74 L -1.234 1.695 -1.778 -2.49 -0.446 -1.44 -2.163 -2.632 -1.523 1.065 2.892 -0.655 1.228 -0.039 -2.976 -1.619 0.909 -1.904 -1.353 0.462
75 K -0.833 2.912 -0.322 -0.974 -1.505 0.409 -0.168 -1.523 -0.408 -1.75 -1.965 3.613 -1.114 -2.495 -1.906 -0.614 1.041 -2.451 -1.812 -1.463
76 K -1.018 1.695 2.244 -0.238 -1.993 0.542 0.091 -1.105 0.001 -2.274 -2.444 4.08 -1.431 -2.757 -1.889 -0.754 -0.987 -2.671 -1.885 -2.145
77 L -1.583 -2.229 -3.405 -3.663 -0.193 -2.683 -3.348 -3.425 -2.356 1.962 4.106 -2.521 2.09 0.79 -3.647 -3.201 -1.623 -1.693 -1.099 1.063
78 L 0.683 -2.074 -2.976 -3.159 -0.007 -2.366 -2.82 -2.188 -2.1 1.576 3.569 -2.113 1.69 0.418 -3.077 -2.032 -1.351 -1.835 -1.226 0.894
79 L 1.176 -1.787 -1.782 -2.186 0.133 -1.861 -2.083 -1.44 -1.746 1.36 2.203 -1.579 0.896 -0.298 -2.538 0.283 -0.481 -2.15 -1.407 1.662
80 L -1.69 -2.527 -3.278 -3.508 -0.4 -3.003 -3.456 -3.335 -2.058 2.522 3.248 -2.709 1.623 3.129 -3.776 -3.159 -1.651 -1.067 0.223 1.29
81 G 0.034 -1.717 -0.783 -1.437 -0.295 -1.677 -1.875 2.027 -1.381 1.459 1.007 -1.335 0.163 -0.813 -2.458 1.311 -0.27 -2.297 -1.759 0.391
82 V -0.325 -2.282 -1.976 -2.347 0.056 -2.291 -2.524 -2.307 -2.206 3.373 0.843 -1.963 0.687 -0.406 -2.896 -0.102 -0.342 -2.378 -1.416 3.096
83 L -1.366 -2.59 -3.19 -3.416 -0.287 -2.991 -3.365 -3.247 -2.158 2.718 2.673 -2.69 1.366 3.039 -3.68 -2.964 -1.385 -1.174 0.195 2.199
84 V 1.231 -2.299 -2.67 -2.845 0.368 -2.328 -2.539 -1.958 -2.527 2.526 0.57 -2.05 0.519 -0.679 -2.786 -1.533 -0.488 -2.44 -1.416 3.759
85 L -1.39 -1.881 -2.962 -3.313 -0.2 -1.94 -2.929 -3.079 -1.741 1.808 3.459 -2.066 4.17 0.65 -3.497 -2.689 -1.397 -1.55 -1.007 1.017
86 L 0.83 -2.129 -2.896 -3.077 0.092 -2.357 -2.747 -2.129 -2.201 1.845 3.06 -2.097 1.439 0.18 -3.002 -1.899 -1.11 -1.975 -1.272 1.915
87 T -0.611 -1.318 -0.851 -1.676 -0.272 -1.259 -1.774 -1.86 -0.266 0.112 -0.098 -1.149 2.208 0.532 -2.268 -0.186 3.131 -0.499 2.695 0.163
88 A 3.467 -1.583 -1.792 -1.952 0.288 -1.45 -1.525 -0.092 -0.22 -0.868 -1.277 -1.069 -0.877 0.125 -1.806 0.021 -0.73 -0.728 2.643 -0.096
89 Q -0.925 0.964 -0.135 -0.4 -1.954 5.03 1.349 -1.522 0.727 -2.283 -2.034 1.179 -0.446 -3.001 -2.194 -0.797 -1.018 -2.227 -1.328 -1.83
90 C -1.105 -3.196 -2.965 -3.419 8.29 -3.657 -3.782 -2.47 -1.952 -0.328 -0.341 -3.231 -0.54 4.145 -3.684 -2.183 -1.736 -0.939 0.785 -0.491
91 F -1.613 -2.791 -2.832 -3.289 5.336 -3.167 -3.377 -2.877 -0.461 1.584 0.306 -2.844 0.057 4.557 -3.78 -2.638 -1.835 0.339 3.496 0.46
92 L -0.28 -1.547 -1.28 -1.91 0.007 -1.511 -1.96 -1.851 -1.523 1.33 1.6 -1.393 2.612 -0.366 -2.543 0.418 1.372 -2.02 -1.347 1.654
93 L -0.961 -2.513 -3.205 -3.384 0.013 -2.766 -3.244 -3.265 -2.663 3.083 2.711 -2.523 1.457 0.227 -3.447 -2.805 -1.026 -2.075 -1.234 3.017
94 T -0.179 -1.365 -0.563 -1.378 0.124 -1.388 -1.667 -1.632 -1.7 0.74 -0.573 -1.09 -0.246 -1.345 -1.972 0.264 3.856 -2.267 -1.66 1.568
95 Y -1.855 -1.82 -2.168 -3.065 -1.794 -1.826 -2.406 -2.975 2.062 -0.846 -0.953 -1.916 -0.725 3.306 -3.376 -2.48 -2.132 2.266 6.743 -1.022
96 N -0.308 -0.792 3.761 2.666 -1.035 -0.653 -0.256 -0.346 0.143 -2.41 -2.894 -0.433 -1.86 -2.332 -2.081 1.731 0.05 -2.933 -2.145 -2.075
97 D -1.626 -1.272 0.907 5.404 -2.423 -0.314 2.163 -1.314 -0.368 -2.776 -3.358 -0.501 -2.525 -2.897 -2.246 -0.962 -1.433 -3.306 -2.82 -2.745
98 D -1.82 -1.631 1.156 5.896 -2.415 -0.915 1.007 -1.166 -0.579 -2.768 -3.534 -0.872 -2.74 -2.962 -2.332 -0.995 -1.455 -3.574 -3.086 -2.907
99 L -1.583 -2.229 -3.405 -3.663 -0.193 -2.683 -3.348 -3.425 -2.356 1.962 4.106 -2.521 2.09 0.79 -3.647 -3.201 -1.623 -1.693 -1.099 1.063
100 L -1.55 -2.39 -3.385 -3.569 -0.193 -2.788 -3.421 -3.444 -2.432 2.729 3.753 -2.56 1.937 0.677 -3.627 -3.185 -1.515 -1.792 -1.143 1.51
101 L -1.583 -2.229 -3.405 -3.663 -0.193 -2.683 -3.348 -3.425 -2.356 1.962 4.106 -2.521 2.09 0.79 -3.647 -3.201 -1.623 -1.693 -1.099 1.063
102 C 1.131 -2.903 -2.695 -3.022 9.111 -2.928 -3.217 -1.49 -2.551 -0.794 -1.154 -2.539 -1.079 -2.033 -2.81 -1.145 -1.157 -3.1 -2.599 -0.334
103 V 1.107 -2.208 -1.976 -2.369 5.48 -2.217 -2.464 -1.614 -2.179 2.06 0.067 -1.845 0.04 -1.031 -2.524 -0.831 1.186 -2.504 -1.759 1.986
104 C -1.011 -3.236 -3.182 -3.316 7.216 -3.349 -3.822 -2.922 -2.847 3.438 0.823 -2.887 0.501 -0.528 -3.424 -2.473 -1.212 -2.603 -1.841 1.905
105 L -1.583 -2.229 -3.405 -3.663 -0.193 -2.683 -3.348 -3.425 -2.356 1.962 4.106 -2.521 2.09 0.79 -3.647 -3.201 -1.623 -1.693 -1.099 1.063
106 V -0.633 -2.375 -2.91 -3.137 0.108 -2.35 -2.956 -3.014 -2.414 3.197 1.33 -2.27 2.754 -0.12 -3.292 -2.41 -0.722 -2.141 -1.231 3.542
107 I -0.907 -2.882 -3.167 -3.217 0.013 -2.987 -3.386 -3.301 -2.834 4.08 1.363 -2.602 1.061 -0.056 -3.409 -2.776 -0.852 -2.307 -1.328 3.471
108 G 1.668 -1.489 -0.249 -0.946 -0.295 -1.322 -1.428 3.729 -1.022 -2.116 -2.508 -0.923 -1.657 -2.237 -1.972 1.714 -0.202 -2.526 -2.278 -1.452
109 A 3.619 -1.362 -1.125 -1.379 0.525 -1.196 -1.176 0.241 -1.087 -1.059 -1.539 -0.77 -0.976 -1.91 -1.518 1.309 -0.116 -2.504 -1.798 -0.139
110 S -0.393 -1.545 -1.054 -1.701 -0.643 -1.542 -1.769 -1.38 -0.8 -0.411 -0.179 -1.408 2.143 2.845 -2.847 1.228 -0.433 6.202 0.81 -0.695
111 G 1.035 -1.303 2.193 -0.617 -1.069 -1.203 -1.457 3.662 3.944 -2.419 -2.719 -1.036 -1.873 -2.042 -2.469 -0.6 -1.322 -2.347 -1.083 -1.984
112 I -0.907 -2.882 -3.167 -3.217 0.013 -2.987 -3.386 -3.301 -2.834 4.08 1.363 -2.602 1.061 -0.056 -3.409 -2.776 -0.852 -2.307 -1.328 3.471
113 D -1.613 -1.013 0.762 4.703 -2.415 -0.187 1.998 -1.425 3.999 -2.763 -3.167 -0.49 -2.199 -2.36 -2.329 -1.076 -1.577 -2.799 -1.204 -2.777
114 F -2.265 -2.678 -2.74 -3.296 -1.489 -3.354 -3.264 -2.929 0.001 0.048 0.281 -2.998 0.002 6.159 -4.231 -2.944 -2.355 1.165 4.173 -0.639
115 K -0.997 3.185 -0.349 -0.915 -2.074 0.709 0.116 -1.526 -0.214 -2.257 -2.239 4.23 -1.266 -2.779 -1.906 -1.022 -1.195 -2.526 -1.828 -2.073
116 K -0.869 2.051 -0.311 -0.765 -2.02 0.764 0.271 -1.385 -0.286 -2.166 -2.283 4.596 -1.266 -2.848 -1.73 -0.924 -1.125 -2.592 -1.831 -2.042
117 I -1.452 -2.936 -3.325 -3.306 -0.193 -3.129 -3.649 -3.502 -2.67 4.26 2.326 -2.68 1.422 0.309 -3.567 -3.135 -1.212 -2.112 -1.28 2.542
118 L -1.583 -2.229 -3.405 -3.663 -0.193 -2.683 -3.348 -3.425 -2.356 1.962 4.106 -2.521 2.09 0.79 -3.647 -3.201 -1.623 -1.693 -1.099 1.063
119 K -0.869 2.051 -0.311 -0.765 -2.02 0.764 0.271 -1.385 -0.286 -2.166 -2.283 4.596 -1.266 -2.848 -1.73 -0.924 -1.125 -2.592 -1.831 -2.042
120 V -0.252 -2.191 -2.158 -2.63 0.255 -2.266 -2.563 -2.591 -2.588 2.568 0.598 -2.033 0.563 -0.642 -2.85 -1.432 1.326 -2.388 -1.407 3.764
121 Y -1.855 -1.82 -2.168 -3.065 -1.794 -1.826 -2.406 -2.975 2.062 -0.846 -0.953 -1.916 -0.725 3.306 -3.376 -2.48 -2.132 2.266 6.743 -1.022
122 L -1.583 -2.229 -3.405 -3.663 -0.193 -2.683 -3.348 -3.425 -2.356 1.962 4.106 -2.521 2.09 0.79 -3.647 -3.201 -1.623 -1.693 -1.099 1.063
123 F -2.033 -2.634 -3.093 -3.475 -0.864 -3.354 -3.453 -3.11 -1.377 1.053 2.501 -2.988 1.09 5.354 -4.123 -3.124 -2.071 0.048 1.861 0.206
124 E -0.478 -0.904 -0.653 0.029 -0.631 -0.065 2.379 -1.887 -0.774 0.219 -1.024 -0.356 -0.625 -1.677 -2.055 -0.329 2.324 -2.347 -1.736 1.137
125 S 0.825 -0.851 0.338 -0.429 0.04 -0.712 -0.745 -0.356 -0.67 -1.528 -2.068 -0.422 -1.086 -1.91 -1.559 3.028 2.04 -2.515 -1.788 -0.96
126 L -1.27 -2.287 -3.313 -3.566 -0.088 -2.672 -3.261 -3.335 -2.467 2.198 3.691 -2.503 1.872 0.582 -3.555 -3.004 -1.359 -1.826 -1.143 2.035
127 A 2.276 -1.401 -1.009 -1.497 0.258 -1.358 -1.48 -0.559 -1.305 -0.075 0.766 -1.006 -0.005 -1.091 -1.882 1.032 1.433 -2.277 -1.635 0.118
128 L -0.988 -2.345 -3.224 -3.472 0.013 -2.662 -3.176 -3.247 -2.582 2.416 3.205 -2.484 1.637 0.358 -3.466 -2.819 -1.117 -1.966 -1.188 2.761
129 V 1.143 -2.061 -2.559 -2.78 0.276 -1.984 -2.437 -1.903 -2.084 2.249 0.883 -1.863 2.57 -0.467 -2.798 -1.491 -0.597 -2.189 -1.317 3.254
130 I 2.052 -2.282 -2.502 -2.529 0.261 -2.244 -2.412 -1.299 -2.089 3.022 0.591 -1.802 0.444 -0.628 -2.51 -1.086 -0.715 -2.368 -1.507 2.458
131 L -1.656 -2.706 -3.259 -3.419 -0.4 -3.121 -3.531 -3.353 -2.126 3.168 2.762 -2.751 1.443 3.079 -3.755 -3.142 -1.542 -1.147 0.195 1.705
132 T -0.324 -1.191 -0.509 -1.338 0.023 -1.135 -1.591 -1.583 -1.361 0.203 -0.119 -0.954 2.219 -1.081 -1.981 0.286 3.832 -2.029 -1.552 0.356
133 T -0.155 -1.135 -0.182 -1.057 0.079 -1.146 -1.421 -1.372 -1.456 -0.267 -1.1 -0.834 -0.575 -1.623 -1.73 0.662 4.369 -2.227 -1.749 0.187
134 I -0.876 -2.503 -2.304 -2.638 -0.034 -2.578 -2.954 -2.852 -2.479 3.8 1.106 -2.181 0.856 -0.231 -3.021 -1.754 1.141 -2.267 -1.407 2.839
135 A 2.808 -1.787 -2.271 -2.357 0.333 -1.821 -1.987 -0.662 -1.646 0.604 2.049 -1.438 0.671 -0.512 -2.194 -0.559 -0.874 -2.141 -1.498 0.522
136 A 4.018 -1.526 -1.705 -1.73 0.637 -1.363 -1.341 0.331 -1.254 -0.873 -1.364 -0.891 -0.916 -1.891 -1.518 0.412 -0.465 -2.483 -1.798 0.096
137 L -0.595 -1.927 -2.059 -2.536 -0.044 -2.124 -2.483 -2.344 -1.972 1.774 3.023 -1.914 1.412 0.171 -3.002 -0.184 -0.68 -1.993 -1.272 1.793
138 T 2.247 -1.285 -0.699 -1.308 0.315 -1.231 -1.389 -0.567 -1.373 -0.494 -1.203 -0.857 -0.706 -1.727 -1.643 0.565 3.235 -2.327 -1.769 0.151
139 G 0.047 -2.4 -0.483 -1.365 -1.363 -2.238 -2.665 5.849 -1.519 -3.258 -3.503 -1.693 -2.71 -2.721 -2.822 -1.045 -1.962 -2.483 -3.191 -2.907
140 L -1.634 -2.239 -3.119 -3.395 -0.521 -2.411 -3.131 -3.043 -1.845 2.317 2.686 -2.376 2.93 0.671 -3.823 -2.953 -1.58 6.164 -0.102 1.127
141 I -1.42 -3.143 -3.305 -3.223 -0.193 -3.252 -3.729 -3.522 -2.754 4.631 1.634 -2.721 1.228 0.175 -3.547 -3.119 -1.117 -2.227 -1.328 2.817
142 P -0.538 -1.238 -0.273 2.387 -1.417 -0.561 1.45 -1.328 -0.705 -2.433 -2.823 -0.475 -2.078 -2.823 4.273 0.48 -0.743 -3.407 -2.397 -2.122
143 N -1.722 -0.435 4.547 0.536 -2.074 -0.419 -0.676 -0.72 5.771 -2.735 -2.959 -0.517 -1.81 -1.71 -2.694 -0.66 -1.08 -2.307 -0.026 -2.784
144 I -1.152 -3.01 -3.236 -3.22 -0.088 -3.117 -3.552 -3.409 -2.793 4.369 1.502 -2.661 1.146 0.062 -3.478 -2.942 -0.982 -2.267 -1.328 3.162
145 V -0.325 -2.282 -1.976 -2.347 0.056 -2.291 -2.524 -2.307 -2.206 3.373 0.843 -1.963 0.687 -0.406 -2.896 -0.102 -0.342 -2.378 -1.416 3.096
146 N -0.257 -0.974 3.571 0.117 -0.647 -0.961 -1.085 -0.599 -0.105 0.872 -1.197 -0.678 -0.816 -1.539 -2.268 1.612 0.092 -2.671 -1.815 -0.163
147 H -1.75 -0.4 0.417 -1.004 -2.377 -0.208 -0.543 -1.74 8.073 -2.704 -2.638 -0.808 -1.304 -0.895 -2.792 -1.622 -2.269 -1.497 1.624 -3.078
148 R -1.321 3.618 2.242 -0.353 -2.074 3.094 0.317 -1.42 0.521 -2.519 -2.247 1.307 -1.055 -2.679 -2.491 -0.89 -1.08 -2.388 -1.663 -2.12
149 N -1.261 1.886 3.486 -0.232 -1.832 -0.783 -1.31 2.082 0.717 -2.32 -2.416 -0.098 -1.73 -0.107 -2.828 -0.935 -1.23 -0.811 2.568 -2.186
150 G 1.389 -2.203 -0.689 -1.435 -0.837 -2.041 -2.347 5.31 -1.464 -2.598 -2.93 -1.514 -2.251 -2.535 -2.51 -0.689 -1.594 -2.483 -2.853 -2.007
151 V 0.998 -1.57 -1.614 -2.26 -0.098 -1.433 -1.87 -1.695 3.772 1.524 0.44 -1.526 2.405 -0.553 -2.72 -1.374 -0.886 -1.993 -0.44 2.39
152 T -0.286 -1.298 -0.462 -1.159 -0.175 -1.294 -1.468 -1.469 -1.494 -0.581 -1.368 -0.886 -0.864 -1.899 2.624 0.341 3.822 -2.57 -1.913 -0.158
153 R -1.577 5.589 -0.505 -1.606 -2.302 0.475 -0.603 -2.171 0.056 -2.654 -2.071 1.976 -1.266 -2.515 -2.747 -1.449 -1.497 -2.277 -1.815 -2.204
154 Y -1.855 -1.82 -2.168 -3.065 -1.794 -1.826 -2.406 -2.975 2.062 -0.846 -0.953 -1.916 -0.725 3.306 -3.376 -2.48 -2.132 2.266 6.743 -1.022
155 A 3.619 -1.362 -1.125 -1.379 0.525 -1.196 -1.176 0.241 -1.087 -1.059 -1.539 -0.77 -0.976 -1.91 -1.518 1.309 -0.116 -2.504 -1.798 -0.139
156 L -1.583 -2.229 -3.405 -3.663 -0.193 -2.683 -3.348 -3.425 -2.356 1.962 4.106 -2.521 2.09 0.79 -3.647 -3.201 -1.623 -1.693 -1.099 1.063
157 G 0.047 -2.4 -0.483 -1.365 -1.363 -2.238 -2.665 5.849 -1.519 -3.258 -3.503 -1.693 -2.71 -2.721 -2.822 -1.045 -1.962 -2.483 -3.191 -2.907
158 A 2.345 -1.547 -0.972 -1.477 5.498 -1.45 -1.539 -0.449 -1.385 -0.898 -1.425 -1.075 -0.943 -1.888 -1.836 1.121 1.452 -2.592 -1.968 -0.229
159 I -1.765 -3.06 -3.138 -3.276 -0.622 -3.497 -3.646 -3.265 -1.849 3.548 1.239 -2.956 0.847 4.372 -3.889 -3.101 -1.569 -0.62 1.106 1.888
160 W -2.692 -2.426 -3.209 -3.663 -2.377 -2.867 -3.012 -2.408 -1.177 -1.896 -1.693 -2.834 -1.323 1.086 -5.451 -3.398 -2.738 10.653 2.127 -2.27
161 C -0.49 -3.381 -3.007 -3.461 9.724 -3.501 -3.967 -2.206 -2.993 -0.774 -1.104 -3.156 -1.121 -2.07 -3.249 -1.713 -1.359 -3.278 -2.839 -0.452
162 T -0.155 -1.135 -0.182 -1.057 0.079 -1.146 -1.421 -1.372 -1.456 -0.267 -1.1 -0.834 -0.575 -1.623 -1.73 0.662 4.369 -2.227 -1.749 0.187
163 D -1.82 -1.631 1.156 5.896 -2.415 -0.915 1.007 -1.166 -0.579 -2.768 -3.534 -0.872 -2.74 -2.962 -2.332 -0.995 -1.455 -3.574 -3.086 -2.907
164 Y -1.855 -1.82 -2.168 -3.065 -1.794 -1.826 -2.406 -2.975 2.062 -0.846 -0.953 -1.916 -0.725 3.306 -3.376 -2.48 -2.132 2.266 6.743 -1.022
165 A 2.605 -1.058 -0.229 -0.784 0.288 -0.89 -0.873 0.053 -0.78 -1.472 -1.925 -0.54 -1.1 -1.948 -1.518 2.544 0.477 -2.548 -1.798 -0.676
166 A 3.619 -1.362 -1.125 -1.379 0.525 -1.196 -1.176 0.241 -1.087 -1.059 -1.539 -0.77 -0.976 -1.91 -1.518 1.309 -0.116 -2.504 -1.798 -0.139
167 R -1.577 5.589 -0.505 -1.606 -2.302 0.475 -0.603 -2.171 0.056 -2.654 -2.071 1.976 -1.266 -2.515 -2.747 -1.449 -1.497 -2.277 -1.815 -2.204
168 V 0.998 -2.511 -2.786 -2.851 0.187 -2.537 -2.791 -2.095 -2.455 3.414 0.922 -2.149 0.72 -0.395 -2.896 -1.751 -0.721 -2.357 -1.416 3.175
169 F -2.377 -2.939 -2.903 -3.357 -1.417 -3.907 -3.525 -2.917 -0.871 0.234 0.522 -3.347 0.159 6.58 -4.491 -3.073 -2.413 0.809 2.888 -0.55
170 F -2.265 -2.678 -2.74 -3.296 -1.489 -3.354 -3.264 -2.929 0.001 0.048 0.281 -2.998 0.002 6.159 -4.231 -2.944 -2.355 1.165 4.173 -0.639
171 L -1.583 -2.229 -3.405 -3.663 -0.193 -2.683 -3.348 -3.425 -2.356 1.962 4.106 -2.521 2.09 0.79 -3.647 -3.201 -1.623 -1.693 -1.099 1.063
172 L -1.24 -2.451 -3.294 -3.475 -0.088 -2.777 -3.331 -3.353 -2.545 2.911 3.279 -2.541 1.707 0.461 -3.536 -2.988 -1.26 -1.93 -1.188 2.361
173 L -1.27 -2.287 -3.313 -3.566 -0.088 -2.672 -3.261 -3.335 -2.467 2.198 3.691 -2.503 1.872 0.582 -3.555 -3.004 -1.359 -1.826 -1.143 2.035
174 I -0.876 -2.503 -2.304 -2.638 -0.034 -2.578 -2.954 -2.852 -2.479 3.8 1.106 -2.181 0.856 -0.231 -3.021 -1.754 1.141 -2.267 -1.407 2.839
175 V 1.119 -1.934 -1.984 -2.393 0.236 -2.007 -2.271 -1.719 -2.105 1.777 1.424 -1.712 0.639 -0.558 -2.532 -0.921 1.228 -2.237 -1.448 2.58
176 L -1.583 -2.229 -3.405 -3.663 -0.193 -2.683 -3.348 -3.425 -2.356 1.962 4.106 -2.521 2.09 0.79 -3.647 -3.201 -1.623 -1.693 -1.099 1.063
177 Y -1.855 -1.82 -2.168 -3.065 -1.794 -1.826 -2.406 -2.975 2.062 -0.846 -0.953 -1.916 -0.725 3.306 -3.376 -2.48 -2.132 2.266 6.743 -1.022
178 L -1.583 -2.229 -3.405 -3.663 -0.193 -2.683 -3.348 -3.425 -2.356 1.962 4.106 -2.521 2.09 0.79 -3.647 -3.201 -1.623 -1.693 -1.099 1.063
179 Y -1.855 -1.82 -2.168 -3.065 -1.794 -1.826 -2.406 -2.975 2.062 -0.846 -0.953 -1.916 -0.725 3.306 -3.376 -2.48 -2.132 2.266 6.743 -1.022
180 S 1.025 -0.784 0.454 -0.291 0.03 -0.613 -0.598 -0.149 -0.503 -1.954 -2.371 -0.328 -1.229 -1.986 -1.518 3.406 0.968 -2.592 -1.798 -1.335
181 A 2.809 3.291 -1.164 -1.68 -0.214 -0.483 -1.023 -0.43 -0.657 -1.461 -1.626 0.606 -1.051 -2.125 -1.949 -0.196 -0.835 -2.399 -1.805 -0.62
182 K -0.997 3.185 -0.349 -0.915 -2.074 0.709 0.116 -1.526 -0.214 -2.257 -2.239 4.23 -1.266 -2.779 -1.906 -1.022 -1.195 -2.526 -1.828 -2.073
183 L -1.123 -1.426 -2.403 -2.857 -0.211 -1.094 -2.396 -2.626 -1.011 1.56 2.092 -1.495 5.818 0.425 -3.285 -2.059 -1.089 -1.349 -0.875 0.947
184 K -0.869 2.051 -0.311 -0.765 -2.02 0.764 0.271 -1.385 -0.286 -2.166 -2.283 4.596 -1.266 -2.848 -1.73 -0.924 -1.125 -2.592 -1.831 -2.042
185 L -1.484 -2.742 -3.345 -3.391 -0.193 -3.011 -3.571 -3.483 -2.588 3.834 2.884 -2.639 1.604 0.437 -3.587 -3.152 -1.309 -2.002 -1.234 2.237
186 Y -1.743 -1.977 -2.602 -3.289 -1.045 -2.139 -2.747 -3.147 0.977 0.614 2.129 -2.143 0.739 2.541 -3.481 -2.747 -1.918 1.243 5.394 -0.002
187 H -1.75 -0.4 0.417 -1.004 -2.377 -0.208 -0.543 -1.74 8.073 -2.704 -2.638 -0.808 -1.304 -0.895 -2.792 -1.622 -2.269 -1.497 1.624 -3.078
188 W -2.692 -2.426 -3.209 -3.663 -2.377 -2.867 -3.012 -2.408 -1.177 -1.896 -1.693 -2.834 -1.323 1.086 -5.451 -3.398 -2.738 10.653 2.127 -2.27
189 L -1.21 -2.626 -3.274 -3.388 -0.088 -2.886 -3.403 -3.372 -2.626 3.483 2.799 -2.581 1.532 0.334 -3.516 -2.973 -1.164 -2.038 -1.234 2.654
190 G 1.228 -2.17 -1.114 -1.779 -0.606 -2.119 -2.458 4.551 -1.61 -0.882 0.36 -1.653 -0.67 -1.471 -2.642 -0.971 -1.531 -2.307 -2.353 -0.968
191 L -1.55 -2.39 -3.385 -3.569 -0.193 -2.788 -3.421 -3.444 -2.432 2.729 3.753 -2.56 1.937 0.677 -3.627 -3.185 -1.515 -1.792 -1.143 1.51
192 L 0.683 -2.074 -2.976 -3.159 -0.007 -2.366 -2.82 -2.188 -2.1 1.576 3.569 -2.113 1.69 0.418 -3.077 -2.032 -1.351 -1.835 -1.226 0.894
193 A 2.994 -1.606 -1.333 -1.593 0.371 -1.471 -1.501 -0.235 -1.317 1.247 -0.593 -1.042 -0.39 -1.358 -1.825 0.993 -0.221 -2.451 -1.698 0.706
194 A 2.85 -1.893 -2.019 -1.946 0.152 -1.779 -1.756 -0.518 -1.58 1.222 -0.636 -1.222 -0.543 -1.542 2.593 -0.372 -0.754 -2.74 -1.848 0.631
195 V 2.216 -2.085 -2.397 -2.523 0.438 -2.055 -2.19 -1.195 -2.152 1.978 0.194 -1.714 0.222 -0.937 -2.413 -0.911 -0.482 -2.451 -1.507 3.187
196 G 0.163 -1.745 -0.756 -1.461 5.415 -1.705 -1.899 2.075 -1.41 -0.588 0.53 -1.385 -0.344 -1.29 -2.416 1.388 -0.305 -2.483 -2.046 -0.699
197 L 0.97 -2.184 -2.819 -2.998 0.187 -2.347 -2.676 -2.071 -2.305 2.09 2.443 -2.081 1.163 -0.079 -2.928 -1.772 -0.888 -2.122 -1.319 2.668
198 V -0.276 -2.529 -2.972 -3.207 0.297 -2.63 -2.936 -2.998 -2.958 2.987 0.903 -2.431 0.789 -0.441 -3.214 -2.327 -0.494 -2.43 -1.328 4.236
199 F -2.265 -2.678 -2.74 -3.296 -1.489 -3.354 -3.264 -2.929 0.001 0.048 0.281 -2.998 0.002 6.159 -4.231 -2.944 -2.355 1.165 4.173 -0.639
200 W -1.661 0.43 -0.941 -1.67 -2.229 -0.45 -0.846 -1.829 3.934 -2.151 -2.094 2.363 -1.296 -0.374 -2.979 -1.845 -1.904 8.06 0.969 -2.316
201 F 0.564 -2.418 -2.429 -2.559 -0.886 -2.788 -2.539 -1.744 -1.087 -0.347 -0.242 -2.171 -0.418 5.187 2.388 -1.69 -1.706 -0.242 1.726 -0.659
202 T -0.155 -1.135 -0.182 -1.057 0.079 -1.146 -1.421 -1.372 -1.456 -0.267 -1.1 -0.834 -0.575 -1.623 -1.73 0.662 4.369 -2.227 -1.749 0.187
203 F -1.694 -2.175 1.612 -1.67 -1.059 -2.648 -2.627 -2.143 -0.676 0.736 0.164 -2.291 -0.029 5.23 -3.751 -2.086 -1.488 -0.145 1.783 1.062
204 G 0.047 -2.4 -0.483 -1.365 -1.363 -2.238 -2.665 5.849 -1.519 -3.258 -3.503 -1.693 -2.71 -2.721 -2.822 -1.045 -1.962 -2.483 -3.191 -2.907
205 K -0.997 3.185 -0.349 -0.915 -2.074 0.709 0.116 -1.526 -0.214 -2.257 -2.239 4.23 -1.266 -2.779 -1.906 -1.022 -1.195 -2.526 -1.828 -2.073
206 L -1.148 -1.81 -2.246 -2.78 -0.14 -1.954 -2.662 -2.733 -1.849 1.548 3.208 -1.89 3.076 0.365 -3.084 -1.739 0.946 -1.718 -1.17 0.884
207 D -1.82 -1.631 1.156 5.896 -2.415 -0.915 1.007 -1.166 -0.579 -2.768 -3.534 -0.872 -2.74 -2.962 -2.332 -0.995 -1.455 -3.574 -3.086 -2.907
208 F -2.2 -2.782 -2.997 -3.416 -1.127 -3.617 -3.489 -3.012 -1.113 0.672 1.678 -3.162 0.662 6.032 -4.301 -3.098 -2.237 0.453 2.42 -0.147
209 I 0.902 -2.255 -2.67 -2.786 0.088 -2.169 -2.681 -2.037 -2.022 3.213 1.2 -1.955 2.67 -0.202 -2.909 -1.706 -0.84 -2.112 -1.317 2.544
210 C -0.49 -3.381 -3.007 -3.461 9.724 -3.501 -3.967 -2.206 -2.993 -0.774 -1.104 -3.156 -1.121 -2.07 -3.249 -1.713 -1.359 -3.278 -2.839 -0.452
211 L -0.547 -1.285 -1.562 -2.13 -0.161 -0.991 -1.936 -1.932 -0.902 1.122 1.598 -1.221 5.237 0.078 -2.834 0.121 -0.543 -1.558 -1.037 0.613
212 L -0.908 -2.159 -3.007 -3.303 0.01 -2.269 -2.971 -3.079 -2.233 2.352 2.779 -2.251 3.025 0.278 -3.394 -2.583 -1.021 -1.886 -1.141 2.748
213 L -1.206 -2.122 -2.397 -2.848 -0.137 -2.395 -2.907 -2.897 -2.222 2.48 3.15 -2.129 1.544 0.315 -3.131 -1.902 0.944 -1.895 -1.264 1.377
214 A 3.619 -1.362 -1.125 -1.379 0.525 -1.196 -1.176 0.241 -1.087 -1.059 -1.539 -0.77 -0.976 -1.91 -1.518 1.309 -0.116 -2.504 -1.798 -0.139
215 I -1.452 -2.936 -3.325 -3.306 -0.193 -3.129 -3.649 -3.502 -2.67 4.26 2.326 -2.68 1.422 0.309 -3.567 -3.135 -1.212 -2.112 -1.28 2.542
216 V 1.119 -1.934 -1.984 -2.393 0.236 -2.007 -2.271 -1.719 -2.105 1.777 1.424 -1.712 0.639 -0.558 -2.532 -0.921 1.228 -2.237 -1.448 2.58
217 V -0.754 -2.731 -3.127 -3.347 5.46 -2.917 -3.354 -2.991 -2.793 2.833 1.799 -2.639 0.93 -0.252 -3.369 -2.484 -0.982 -2.368 -1.522 2.895
218 F -2.377 -2.939 -2.903 -3.357 -1.417 -3.907 -3.525 -2.917 -0.871 0.234 0.522 -3.347 0.159 6.58 -4.491 -3.073 -2.413 0.809 2.888 -0.55
219 F -2.377 -2.939 -2.903 -3.357 -1.417 -3.907 -3.525 -2.917 -0.871 0.234 0.522 -3.347 0.159 6.58 -4.491 -3.073 -2.413 0.809 2.888 -0.55
220 L -0.961 -2.513 -3.205 -3.384 0.013 -2.766 -3.244 -3.265 -2.663 3.083 2.711 -2.523 1.457 0.227 -3.447 -2.805 -1.026 -2.075 -1.234 3.017
221 H -1.565 -0.071 0.314 -0.872 -2.287 1.833 -0.053 -1.695 7.485 -2.615 -2.506 -0.286 -1.111 -1.211 -2.662 -1.437 -1.972 -1.629 1.229 -2.782
222 E -0.44 -0.278 -0.194 1.198 -1.757 1.009 4.064 -1.518 0.198 -2.615 -2.667 0.466 -1.674 -2.505 -1.838 0.645 -0.71 -2.462 -1.92 -1.988
223 L -0.386 -1.81 -1.401 -2.046 5.444 -1.923 -2.236 -1.835 -1.797 0.589 2.03 -1.661 0.656 -0.51 -2.602 0.391 1.249 -2.237 -1.65 0.245
224 I -1.452 -2.936 -3.325 -3.306 -0.193 -3.129 -3.649 -3.502 -2.67 4.26 2.326 -2.68 1.422 0.309 -3.567 -3.135 -1.212 -2.112 -1.28 2.542
225 E -0.64 -0.699 -0.699 0.538 -1.098 0.422 3.302 -2.024 -0.402 -0.081 -1.28 -0.048 -0.835 -1.859 -2.097 -0.679 1.081 -2.388 -1.775 0.895
226 K -1.018 1.695 2.244 -0.238 -1.993 0.542 0.091 -1.105 0.001 -2.274 -2.444 4.08 -1.431 -2.757 -1.889 -0.754 -0.987 -2.671 -1.885 -2.145
227 K -0.387 1.45 -0.107 -0.589 -1.466 2.123 0.38 -1.116 -0.092 -2.145 -2.248 3.557 -1.076 -2.682 -1.772 0.617 -0.549 -2.515 -1.717 -1.844
228 K -0.378 0.562 0.221 2.235 -1.059 -0.108 0.022 -1.049 -0.591 -1.728 -2.212 2.578 -1.334 -2.401 -1.795 0.833 1.321 -2.682 -2.017 -1.429
229 K -0.395 0.652 -0.404 -0.192 -1.45 0.27 1.525 -1.281 -0.405 -2.276 -2.486 2.68 -1.564 -2.707 2.625 0.551 -0.645 -2.859 -2.0 -1.941
230 E -0.275 -0.779 -0.391 0.278 -1.04 0.073 2.479 -1.386 -0.458 -1.868 -2.272 -0.109 -1.499 -2.395 2.617 0.804 1.29 -2.74 -2.007 -1.377
231 F -0.666 0.023 2.545 -0.355 -1.186 -0.638 -0.843 -0.948 -0.086 -1.401 -1.434 1.601 -0.994 2.925 -2.367 0.773 -0.496 -1.353 0.201 -1.515
232 K 1.27 1.501 -0.587 -0.963 -1.081 0.375 -0.042 -0.837 -0.485 -1.77 -2.01 3.874 -1.161 -2.564 -1.661 -0.514 -0.931 -2.55 -1.809 -1.328
233 L -0.433 -1.992 -1.794 -2.343 5.985 -2.141 -2.468 -1.949 -1.875 0.783 2.454 -1.897 0.911 -0.274 -2.854 0.289 -0.664 -2.225 -1.612 0.273
234 R 1.048 4.296 -0.474 -1.313 -0.941 -0.018 -0.735 -1.042 -0.275 -2.067 -1.969 1.199 -1.186 -2.27 -2.191 0.632 -0.618 -2.378 -1.808 -1.416
235 S 1.623 -1.06 -0.134 -0.835 0.181 -0.959 -1.049 -0.459 -1.0 -0.965 -1.603 -0.631 -0.89 -1.817 -1.601 2.052 2.699 -2.42 -1.779 -0.351
236 S -0.034 -0.41 -0.672 -1.273 -0.477 -0.963 -1.13 -1.256 -0.881 0.216 -0.718 1.15 -0.421 2.53 -2.278 1.366 -0.148 -1.497 -0.026 0.937
237 W -2.692 -2.426 -3.209 -3.663 -2.377 -2.867 -3.012 -2.408 -1.177 -1.896 -1.693 -2.834 -1.323 1.086 -5.451 -3.398 -2.738 10.653 2.127 -2.27
238 D -1.057 -1.246 0.171 3.754 -1.556 -0.5 1.67 -1.497 -0.692 -2.003 -2.591 -0.534 -1.934 -2.651 2.567 -0.63 0.97 -3.154 -2.455 -1.743
239 G 1.006 2.377 -0.579 -1.127 -1.177 1.785 -0.284 2.112 -0.336 -2.134 -2.172 1.911 -1.229 -2.568 -2.155 -0.688 -1.17 -2.409 -1.93 -1.584
240 F -1.696 -2.637 -2.944 -3.198 -0.627 -2.871 -3.334 -3.079 -1.519 2.938 1.351 -2.642 2.687 4.384 -3.827 -2.857 -1.562 -0.504 1.148 1.48
241 W -2.692 -2.426 -3.209 -3.663 -2.377 -2.867 -3.012 -2.408 -1.177 -1.896 -1.693 -2.834 -1.323 1.086 -5.451 -3.398 -2.738 10.653 2.127 -2.27
242 E -0.706 0.407 -0.336 0.325 -2.02 2.174 2.737 1.943 0.023 -2.637 -2.62 1.843 -1.507 -2.771 -2.095 -0.885 -1.34 -2.43 -1.989 -2.204
243 K -0.869 2.051 -0.311 -0.765 -2.02 0.764 0.271 -1.385 -0.286 -2.166 -2.283 4.596 -1.266 -2.848 -1.73 -0.924 -1.125 -2.592 -1.831 -2.042
244 L -1.206 -2.122 -2.397 -2.848 -0.137 -2.395 -2.907 -2.897 -2.222 2.48 3.15 -2.129 1.544 0.315 -3.131 -1.902 0.944 -1.895 -1.264 1.377
245 A 3.156 -1.206 -0.642 -1.066 0.409 -1.039 -1.021 0.148 -0.93 -1.258 -1.726 -0.653 -1.038 -1.929 -1.518 1.992 0.196 -2.526 -1.798 -0.395
246 P -1.007 -2.09 -2.211 -1.917 -1.187 -2.104 -1.932 -2.143 -1.778 -0.838 0.363 -1.339 -0.809 -1.937 6.082 -1.764 -1.436 -3.734 -2.286 -1.191
247 F -1.817 -2.852 -2.917 -3.326 -0.983 -3.602 -3.397 -2.933 -1.184 1.033 0.602 -3.139 0.296 5.999 -4.186 -2.908 -1.914 0.391 2.407 1.226
248 F -1.955 -3.019 -3.057 -3.303 -0.864 -3.627 -3.605 -3.144 -1.485 2.803 1.019 -3.08 0.635 5.308 -4.076 -3.092 -1.824 -0.061 1.829 1.279
249 T -0.155 -1.135 -0.182 -1.057 0.079 -1.146 -1.421 -1.372 -1.456 -0.267 -1.1 -0.834 -0.575 -1.623 -1.73 0.662 4.369 -2.227 -1.749 0.187
250 P -0.879 -2.056 -1.976 -1.606 -1.5 -1.976 -1.665 -1.895 -1.65 -2.36 -2.793 -1.107 -2.446 -3.378 6.706 -1.495 -1.391 -4.592 -2.678 -2.204
251 A 2.949 -1.887 -2.147 -2.234 0.506 -1.805 -1.878 -0.592 -1.821 1.301 -0.238 -1.413 -0.11 -1.222 -2.083 -0.4 -0.477 -2.462 -1.601 2.473
252 A 2.836 -2.072 -2.142 -2.29 5.483 -2.087 -2.079 -0.507 -1.439 -0.597 -0.83 -1.621 -0.703 2.484 -2.231 -0.397 -0.939 -1.558 -0.177 -0.128
253 A 4.018 -1.526 -1.705 -1.73 0.637 -1.363 -1.341 0.331 -1.254 -0.873 -1.364 -0.891 -0.916 -1.891 -1.518 0.412 -0.465 -2.483 -1.798 0.096
254 V 2.135 -2.182 -2.449 -2.526 0.351 -2.148 -2.299 -1.247 -2.121 2.547 0.4 -1.758 0.335 -0.779 -2.461 -0.997 -0.596 -2.409 -1.507 2.845
255 L -1.366 -2.59 -3.19 -3.416 -0.287 -2.991 -3.365 -3.247 -2.158 2.718 2.673 -2.69 1.366 3.039 -3.68 -2.964 -1.385 -1.174 0.195 2.199
256 L -1.18 -1.697 -2.562 -2.926 -0.207 -1.415 -2.618 -2.784 -1.285 2.489 2.006 -1.702 5.318 0.377 -3.335 -2.242 -1.094 -1.504 -0.96 1.43
257 T -0.324 -1.191 -0.509 -1.338 0.023 -1.135 -1.591 -1.583 -1.361 0.203 -0.119 -0.954 2.219 -1.081 -1.981 0.286 3.832 -2.029 -1.552 0.356
258 V -0.516 -2.8 -3.043 -3.26 5.475 -2.905 -3.267 -2.913 -2.923 3.009 0.777 -2.621 0.598 -0.555 -3.285 -2.329 -0.768 -2.537 -1.573 3.451
259 L -1.583 -2.229 -3.405 -3.663 -0.193 -2.683 -3.348 -3.425 -2.356 1.962 4.106 -2.521 2.09 0.79 -3.647 -3.201 -1.623 -1.693 -1.099 1.063
260 T -0.155 -1.135 -0.182 -1.057 0.079 -1.146 -1.421 -1.372 -1.456 -0.267 -1.1 -0.834 -0.575 -1.623 -1.73 0.662 4.369 -2.227 -1.749 0.187
261 L -1.583 -2.229 -3.405 -3.663 -0.193 -2.683 -3.348 -3.425 -2.356 1.962 4.106 -2.521 2.09 0.79 -3.647 -3.201 -1.623 -1.693 -1.099 1.063
262 L 0.683 -2.074 -2.976 -3.159 -0.007 -2.366 -2.82 -2.188 -2.1 1.576 3.569 -2.113 1.69 0.418 -3.077 -2.032 -1.351 -1.835 -1.226 0.894
263 Y -1.855 -1.82 -2.168 -3.065 -1.794 -1.826 -2.406 -2.975 2.062 -0.846 -0.953 -1.916 -0.725 3.306 -3.376 -2.48 -2.132 2.266 6.743 -1.022
264 S 0.503 -0.397 0.225 -0.451 -0.261 1.636 -0.212 -0.6 -0.362 -1.583 -2.004 -0.04 -0.92 -2.081 -1.684 2.473 1.835 -2.44 -1.688 -1.041
265 S 1.498 -1.243 -0.544 -1.172 0.13 -1.192 -1.307 -0.682 -1.135 -0.215 0.683 -0.88 -0.049 -1.105 -1.882 1.776 1.619 -2.297 -1.635 -0.115
266 D -0.682 -0.071 0.492 3.817 -1.673 0.079 1.899 -1.109 -0.297 -2.47 -2.843 1.543 -1.878 -2.658 -1.949 0.596 -0.709 -2.908 -2.29 -2.212
267 N -0.294 -0.584 4.551 0.72 -0.964 -0.587 -0.699 -0.178 0.436 -2.408 -2.836 -0.334 -1.774 -2.237 -2.133 1.806 0.182 -2.835 -1.982 -2.028
268 G 1.002 1.82 -0.932 -0.654 -1.162 -0.41 1.095 2.059 -0.679 -2.266 -2.403 0.114 -1.747 -2.592 2.546 -0.792 -1.289 -2.74 -2.235 -1.672
269 L -1.802 -2.858 -3.156 -3.36 -0.622 -3.363 -3.568 -3.247 -1.788 2.991 2.02 -2.911 1.067 4.404 -3.911 -3.117 -1.679 -0.553 1.126 1.5
270 L -1.55 -2.39 -3.385 -3.569 -0.193 -2.788 -3.421 -3.444 -2.432 2.729 3.753 -2.56 1.937 0.677 -3.627 -3.185 -1.515 -1.792 -1.143 1.51
271 L 1.176 -1.787 -1.782 -2.186 0.133 -1.861 -2.083 -1.44 -1.746 1.36 2.203 -1.579 0.896 -0.298 -2.538 0.283 -0.481 -2.15 -1.407 1.662
272 K -1.172 2.89 0.015 2.166 -2.151 0.437 0.288 -1.479 -0.269 -2.371 -2.446 3.611 -1.507 -2.8 -2.024 -1.036 -1.26 -2.693 -2.039 -2.229
273 L -1.453 -2.201 -3.156 -3.395 -0.197 -2.379 -3.198 -3.265 -2.1 2.671 3.406 -2.32 3.214 0.605 -3.551 -2.919 -1.404 -1.718 -1.096 1.49
274 N -0.913 -0.52 5.201 0.991 -1.39 -0.578 -0.733 -0.188 0.691 -2.576 -3.01 -0.336 -1.981 -2.325 -2.371 0.987 -0.136 -2.921 -2.046 -2.301
275 D -0.962 -1.379 2.54 3.741 -1.439 -1.104 -0.234 2.136 -0.497 -2.134 -2.795 -0.89 -2.058 -2.492 -2.345 -0.424 1.013 -2.921 -2.581 -1.923
276 I 1.986 -2.045 -2.397 -2.47 0.165 -1.91 -2.315 -1.256 -1.704 2.79 0.902 -1.629 2.533 -0.42 -2.521 -1.05 -0.833 -2.122 -1.404 1.62
277 L -1.485 -2.05 -3.175 -3.483 -0.197 -2.287 -3.131 -3.247 -2.032 1.886 3.801 -2.284 3.313 0.721 -3.571 -2.934 -1.508 -1.621 -1.053 1.04
278 S 0.825 -0.851 0.338 -0.429 0.04 -0.712 -0.745 -0.356 -0.67 -1.528 -2.068 -0.422 -1.086 -1.91 -1.559 3.028 2.04 -2.515 -1.788 -0.96
279 G -0.259 1.74 0.11 2.124 -1.342 -0.919 -0.764 3.577 -0.747 -2.737 -2.923 -0.162 -2.039 -2.562 -2.402 0.507 -0.939 -2.648 -2.539 -2.381
280 R -1.577 5.589 -0.505 -1.606 -2.302 0.475 -0.603 -2.171 0.056 -2.654 -2.071 1.976 -1.266 -2.515 -2.747 -1.449 -1.497 -2.277 -1.815 -2.204
281 L -1.583 -2.229 -3.405 -3.663 -0.193 -2.683 -3.348 -3.425 -2.356 1.962 4.106 -2.521 2.09 0.79 -3.647 -3.201 -1.623 -1.693 -1.099 1.063
282 L -0.507 -1.134 -0.819 -0.723 -0.689 -0.66 1.004 -1.741 0.033 -0.293 0.702 -0.777 -0.088 0.493 -2.309 0.534 1.216 -0.609 2.672 -0.426
283 L -1.83 -2.18 -3.075 -3.533 -0.806 -2.524 -3.068 -3.103 -0.619 1.046 2.914 -2.446 1.208 1.547 -3.867 -3.078 -1.916 6.275 3.07 0.272
284 G 0.047 -2.4 -0.483 -1.365 -1.363 -2.238 -2.665 5.849 -1.519 -3.258 -3.503 -1.693 -2.71 -2.721 -2.822 -1.045 -1.962 -2.483 -3.191 -2.907
285 H -1.576 -0.289 2.282 -0.527 -2.068 1.673 -0.334 -1.498 5.816 -2.157 -2.184 -0.356 -1.135 0.22 -2.732 -1.227 -1.538 -0.504 3.165 -2.208
286 R -1.434 5.087 -0.427 -1.321 -2.229 2.122 -0.093 -2.029 0.203 -2.576 -2.063 1.833 -1.083 -2.606 -2.627 -1.306 -1.394 -2.267 -1.711 -2.125
287 A 4.018 -1.526 -1.705 -1.73 0.637 -1.363 -1.341 0.331 -1.254 -0.873 -1.364 -0.891 -0.916 -1.891 -1.518 0.412 -0.465 -2.483 -1.798 0.096
288 F -2.377 -2.939 -2.903 -3.357 -1.417 -3.907 -3.525 -2.917 -0.871 0.234 0.522 -3.347 0.159 6.58 -4.491 -3.073 -2.413 0.809 2.888 -0.55
289 S 0.733 0.048 0.317 -0.38 -0.28 -0.28 -0.402 -0.357 -0.458 -1.995 -2.353 1.527 -1.237 -2.139 -1.559 2.918 0.654 -2.592 -1.805 -1.463
290 E -1.094 0.242 0.011 2.863 -2.354 0.864 3.572 -1.683 0.063 -2.659 -2.783 1.82 -1.841 -2.75 -1.96 -0.883 -1.32 -2.659 -2.119 -2.28
291 I -1.358 -2.709 -3.101 -3.146 -0.197 -2.672 -3.409 -3.319 -2.311 4.226 1.732 -2.431 2.895 0.227 -3.493 -2.874 -1.112 -2.029 -1.231 2.528
292 G -0.242 -2.229 -0.072 2.059 -1.545 -1.921 -1.468 5.268 -1.305 -3.153 -3.51 -1.509 -2.716 -2.768 -2.717 -1.035 -1.853 -2.671 -3.17 -2.907
293 I -0.907 -2.882 -3.167 -3.217 0.013 -2.987 -3.386 -3.301 -2.834 4.08 1.363 -2.602 1.061 -0.056 -3.409 -2.776 -0.852 -2.307 -1.328 3.471
294 T 0.123 -1.062 -0.043 -0.887 0.069 -1.031 -1.236 -1.082 -1.238 -0.534 -1.313 -0.725 -0.694 -1.692 -1.686 1.458 3.939 -2.297 -1.759 -0.06
295 L -1.497 -2.664 -2.927 -2.915 -0.635 -2.94 -3.081 -2.984 -1.982 2.856 1.776 -2.38 0.805 2.873 2.351 -2.719 -1.495 -1.467 0.035 1.373
296 F 0.693 -2.492 -2.004 -2.49 -0.864 -2.855 -2.777 1.944 -1.065 -0.425 -0.294 -2.329 -0.443 5.194 -3.288 -1.588 -1.824 -0.108 1.706 -0.733
297 G 0.047 -2.4 -0.483 -1.365 -1.363 -2.238 -2.665 5.849 -1.519 -3.258 -3.503 -1.693 -2.71 -2.721 -2.822 -1.045 -1.962 -2.483 -3.191 -2.907
298 Q -0.914 1.217 -0.17 -0.469 -1.967 4.547 1.163 -1.494 0.551 -2.259 -2.082 2.259 -0.592 -2.97 -2.095 -0.822 -1.039 -2.297 -1.422 -1.871
299 Y -1.6 -0.313 1.883 -1.164 -1.857 -0.855 -1.317 -1.862 1.502 -1.385 -1.532 1.113 -1.076 2.068 -2.819 -1.53 -1.52 1.107 5.362 -1.47
300 V -0.472 -2.642 -3.036 -3.21 0.206 -2.744 -3.078 -3.095 -2.916 3.399 1.064 -2.487 0.882 -0.307 -3.278 -2.469 -0.608 -2.388 -1.328 4.003
301 K -0.769 0.899 -0.656 -0.368 -1.439 2.084 1.716 -1.796 -0.25 -0.246 -1.329 2.761 -0.646 -2.171 -2.109 -1.108 -1.007 -2.451 -1.641 0.679
302 W -2.692 -2.426 -3.209 -3.663 -2.377 -2.867 -3.012 -2.408 -1.177 -1.896 -1.693 -2.834 -1.323 1.086 -5.451 -3.398 -2.738 10.653 2.127 -2.27
303 I -1.42 -3.143 -3.305 -3.223 -0.193 -3.252 -3.729 -3.522 -2.754 4.631 1.634 -2.721 1.228 0.175 -3.547 -3.119 -1.117 -2.227 -1.328 2.817
304 G 0.047 -2.4 -0.483 -1.365 -1.363 -2.238 -2.665 5.849 -1.519 -3.258 -3.503 -1.693 -2.71 -2.721 -2.822 -1.045 -1.962 -2.483 -3.191 -2.907
305 L -1.123 -1.426 -2.403 -2.857 -0.211 -1.094 -2.396 -2.626 -1.011 1.56 2.092 -1.495 5.818 0.425 -3.285 -2.059 -1.089 -1.349 -0.875 0.947
306 G 0.047 -2.4 -0.483 -1.365 -1.363 -2.238 -2.665 5.849 -1.519 -3.258 -3.503 -1.693 -2.71 -2.721 -2.822 -1.045 -1.962 -2.483 -3.191 -2.907
307 G 0.047 -2.4 -0.483 -1.365 -1.363 -2.238 -2.665 5.849 -1.519 -3.258 -3.503 -1.693 -2.71 -2.721 -2.822 -1.045 -1.962 -2.483 -3.191 -2.907
308 I -0.907 -2.882 -3.167 -3.217 0.013 -2.987 -3.386 -3.301 -2.834 4.08 1.363 -2.602 1.061 -0.056 -3.409 -2.776 -0.852 -2.307 -1.328 3.471
309 S 0.609 -0.919 0.216 -0.574 0.049 -0.814 -0.899 -0.578 -0.847 -1.158 -1.794 -0.52 -0.949 -1.835 -1.601 2.593 2.82 -2.44 -1.779 -0.628
310 N -1.749 -0.871 4.627 4.006 -2.088 -0.703 0.077 -0.547 0.414 -2.76 -3.325 -0.54 -2.407 -2.623 -2.507 -0.466 -0.841 -3.222 -2.463 -2.721
311 D -1.337 -1.769 0.895 5.31 -2.172 -1.135 0.559 2.075 -0.744 -2.86 -3.528 -1.019 -2.734 -2.912 -2.424 -1.005 -1.55 -3.32 -3.107 -2.907
312 V -0.252 -2.191 -2.158 -2.63 0.255 -2.266 -2.563 -2.591 -2.588 2.568 0.598 -2.033 0.563 -0.642 -2.85 -1.432 1.326 -2.388 -1.407 3.764
313 L 2.044 -1.697 -1.82 -2.175 0.218 -1.769 -2.006 -1.05 -1.691 0.684 2.066 -1.424 0.713 -0.477 -2.246 -0.486 1.126 -2.094 -1.489 0.538
314 P -0.879 -2.056 -1.976 -1.606 -1.5 -1.976 -1.665 -1.895 -1.65 -2.36 -2.793 -1.107 -2.446 -3.378 6.706 -1.495 -1.391 -4.592 -2.678 -2.204
315 E -0.924 0.931 -0.353 0.773 -2.272 1.1 3.518 -1.734 0.112 -2.533 -2.552 2.882 -1.573 -2.728 -1.845 -0.869 -1.254 -2.494 -1.902 -2.122
316 G -0.242 -2.229 -0.072 2.059 -1.545 -1.921 -1.468 5.268 -1.305 -3.153 -3.51 -1.509 -2.716 -2.768 -2.717 -1.035 -1.853 -2.671 -3.17 -2.907
317 Y -1.855 -1.82 -2.168 -3.065 -1.794 -1.826 -2.406 -2.975 2.062 -0.846 -0.953 -1.916 -0.725 3.306 -3.376 -2.48 -2.132 2.266 6.743 -1.022
318 N -1.703 -0.458 5.732 1.239 -1.889 -0.569 -0.768 -0.197 0.926 -2.755 -3.194 -0.338 -2.204 -2.417 -2.63 -0.161 -0.494 -3.009 -2.111 -2.603
319 F -2.377 -2.939 -2.903 -3.357 -1.417 -3.907 -3.525 -2.917 -0.871 0.234 0.522 -3.347 0.159 6.58 -4.491 -3.073 -2.413 0.809 2.888 -0.55
320 V -0.276 -2.529 -2.972 -3.207 0.297 -2.63 -2.936 -2.998 -2.958 2.987 0.903 -2.431 0.789 -0.441 -3.214 -2.327 -0.494 -2.43 -1.328 4.236
321 D -1.82 -1.631 1.156 5.896 -2.415 -0.915 1.007 -1.166 -0.579 -2.768 -3.534 -0.872 -2.74 -2.962 -2.332 -0.995 -1.455 -3.574 -3.086 -2.907
322 C 1.131 -2.903 -2.695 -3.022 9.111 -2.928 -3.217 -1.49 -2.551 -0.794 -1.154 -2.539 -1.079 -2.033 -2.81 -1.145 -1.157 -3.1 -2.599 -0.334
323 S 1.025 -0.784 0.454 -0.291 0.03 -0.613 -0.598 -0.149 -0.503 -1.954 -2.371 -0.328 -1.229 -1.986 -1.518 3.406 0.968 -2.592 -1.798 -1.335
324 Y -1.855 -1.82 -2.168 -3.065 -1.794 -1.826 -2.406 -2.975 2.062 -0.846 -0.953 -1.916 -0.725 3.306 -3.376 -2.48 -2.132 2.266 6.743 -1.022
325 L -1.583 -2.229 -3.405 -3.663 -0.193 -2.683 -3.348 -3.425 -2.356 1.962 4.106 -2.521 2.09 0.79 -3.647 -3.201 -1.623 -1.693 -1.099 1.063
326 N -1.712 -0.446 5.2 0.909 -1.98 -0.493 -0.722 -0.447 4.265 -2.745 -3.074 -0.426 -2.0 -2.042 -2.662 -0.4 -0.772 -2.637 -0.885 -2.692
327 I -1.42 -3.143 -3.305 -3.223 -0.193 -3.252 -3.729 -3.522 -2.754 4.631 1.634 -2.721 1.228 0.175 -3.547 -3.119 -1.117 -2.227 -1.328 2.817
328 L -1.583 -2.229 -3.405 -3.663 -0.193 -2.683 -3.348 -3.425 -2.356 1.962 4.106 -2.521 2.09 0.79 -3.647 -3.201 -1.623 -1.693 -1.099 1.063
329 F -2.377 -2.939 -2.903 -3.357 -1.417 -3.907 -3.525 -2.917 -0.871 0.234 0.522 -3.347 0.159 6.58 -4.491 -3.073 -2.413 0.809 2.888 -0.55
330 T 1.461 -1.134 -0.278 -1.002 0.19 -1.071 -1.221 -0.69 -1.2 -0.657 -1.368 -0.736 -0.762 -1.745 -1.643 1.421 3.336 -2.347 -1.769 -0.08
331 F -2.377 -2.939 -2.903 -3.357 -1.417 -3.907 -3.525 -2.917 -0.871 0.234 0.522 -3.347 0.159 6.58 -4.491 -3.073 -2.413 0.809 2.888 -0.55
332 G 0.047 -2.4 -0.483 -1.365 -1.363 -2.238 -2.665 5.849 -1.519 -3.258 -3.503 -1.693 -2.71 -2.721 -2.822 -1.045 -1.962 -2.483 -3.191 -2.907
333 I -1.152 -3.01 -3.236 -3.22 -0.088 -3.117 -3.552 -3.409 -2.793 4.369 1.502 -2.661 1.146 0.062 -3.478 -2.942 -0.982 -2.267 -1.328 3.162
334 L -1.21 -2.626 -3.274 -3.388 -0.088 -2.886 -3.403 -3.372 -2.626 3.483 2.799 -2.581 1.532 0.334 -3.516 -2.973 -1.164 -2.038 -1.234 2.654
335 L 0.859 -2.449 -2.862 -2.926 0.092 -2.547 -2.865 -2.153 -2.345 3.261 1.901 -2.165 1.039 -0.107 -2.969 -1.878 -0.931 -2.198 -1.367 2.557
336 A 4.018 -1.526 -1.705 -1.73 0.637 -1.363 -1.341 0.331 -1.254 -0.873 -1.364 -0.891 -0.916 -1.891 -1.518 0.412 -0.465 -2.483 -1.798 0.096
337 L -1.484 -2.742 -3.345 -3.391 -0.193 -3.011 -3.571 -3.483 -2.588 3.834 2.884 -2.639 1.604 0.437 -3.587 -3.152 -1.309 -2.002 -1.234 2.237
338 A 3.476 -1.654 -1.974 -2.027 0.489 -1.583 -1.646 -0.123 -1.443 -0.041 0.82 -1.152 -0.015 -1.12 -1.836 -0.033 -0.662 -2.307 -1.644 0.317
339 V -0.427 -2.272 -2.849 -3.134 0.203 -2.25 -2.82 -2.92 -2.449 2.752 1.183 -2.218 2.705 -0.246 -3.228 -2.271 -0.603 -2.179 -1.231 3.814
340 I -1.42 -3.143 -3.305 -3.223 -0.193 -3.252 -3.729 -3.522 -2.754 4.631 1.634 -2.721 1.228 0.175 -3.547 -3.119 -1.117 -2.227 -1.328 2.817
341 A 2.879 -1.837 -2.208 -2.295 0.421 -1.813 -1.932 -0.627 -1.732 0.973 1.126 -1.426 0.307 -0.845 -2.138 -0.478 -0.669 -2.297 -1.549 1.66
342 L -1.583 -2.229 -3.405 -3.663 -0.193 -2.683 -3.348 -3.425 -2.356 1.962 4.106 -2.521 2.09 0.79 -3.647 -3.201 -1.623 -1.693 -1.099 1.063
343 H -1.83 -1.084 -0.545 -1.765 -1.608 -1.075 -1.386 -2.228 6.667 -0.48 0.779 -1.476 0.017 2.822 -3.228 -2.137 -2.155 -0.896 1.589 -1.195
344 S 0.542 -1.462 -0.489 -1.162 5.464 -1.356 -1.424 -0.894 -1.258 0.06 -1.14 -1.076 -0.679 -1.618 -2.088 2.213 0.359 -2.682 -1.872 1.006
345 F -2.053 -2.217 -2.44 -3.178 -1.637 -2.49 -2.803 -2.952 1.212 -0.365 -0.27 -2.407 -0.338 5.072 -3.772 -2.703 -2.241 1.768 5.735 -0.824
346 L -1.359 -2.023 -2.944 -3.23 -0.2 -2.021 -2.991 -3.095 -1.802 2.611 3.01 -2.099 4.097 0.531 -3.478 -2.675 -1.297 -1.645 -1.05 1.47
347 A 4.018 -1.526 -1.705 -1.73 0.637 -1.363 -1.341 0.331 -1.254 -0.873 -1.364 -0.891 -0.916 -1.891 -1.518 0.412 -0.465 -2.483 -1.798 0.096
348 Y -1.855 -1.82 -2.168 -3.065 -1.794 -1.826 -2.406 -2.975 2.062 -0.846 -0.953 -1.916 -0.725 3.306 -3.376 -2.48 -2.132 2.266 6.743 -1.022
349 K -1.025 1.7 -0.15 -0.811 -2.088 0.594 0.125 -1.453 4.004 -2.266 -2.351 4.061 -1.274 -2.338 -1.913 -1.051 -1.32 -2.337 -0.735 -2.221
350 N -1.722 -0.435 4.547 0.536 -2.074 -0.419 -0.676 -0.72 5.771 -2.735 -2.959 -0.517 -1.81 -1.71 -2.694 -0.66 -1.08 -2.307 -0.026 -2.784
351 R -1.577 5.589 -0.505 -1.606 -2.302 0.475 -0.603 -2.171 0.056 -2.654 -2.071 1.976 -1.266 -2.515 -2.747 -1.449 -1.497 -2.277 -1.815 -2.204
352 K -1.049 2.899 -0.667 -1.246 -1.602 0.415 -0.277 -1.746 -0.342 -1.003 -0.707 3.587 2.026 -1.783 -2.174 -1.223 -1.188 -2.237 -1.61 -1.17
353 D -1.796 -1.355 2.814 5.392 -2.302 -0.842 0.729 -0.945 -0.209 -2.765 -3.463 -0.757 -2.625 -2.845 -2.389 -0.808 -1.236 -3.452 -2.863 -2.844
354 T -0.39 -1.323 -0.599 -1.423 0.026 -1.394 -1.716 -1.682 -1.615 0.338 0.922 -1.101 0.19 -0.953 -2.024 0.201 3.814 -2.112 -1.607 0.385
355 R 0.686 5.005 -0.708 -1.631 -1.428 0.19 -0.737 -1.468 -0.163 -2.199 -1.915 1.587 -1.193 -2.379 -2.456 -0.968 -1.259 -2.317 -1.812 -1.575
356 F -2.2 -2.782 -2.997 -3.416 -1.127 -3.617 -3.489 -3.012 -1.113 0.672 1.678 -3.162 0.662 6.032 -4.301 -3.098 -2.237 0.453 2.42 -0.147
357 V -0.934 -2.692 -3.186 -3.299 0.013 -2.874 -3.314 -3.283 -2.747 3.625 2.115 -2.562 1.266 0.089 -3.428 -2.79 -0.938 -2.189 -1.28 3.253
358 L -1.484 -2.742 -3.345 -3.391 -0.193 -3.011 -3.571 -3.483 -2.588 3.834 2.884 -2.639 1.604 0.437 -3.587 -3.152 -1.309 -2.002 -1.234 2.237
359 V -0.276 -2.529 -2.972 -3.207 0.297 -2.63 -2.936 -2.998 -2.958 2.987 0.903 -2.431 0.789 -0.441 -3.214 -2.327 -0.494 -2.43 -1.328 4.236
360 I -1.152 -3.01 -3.236 -3.22 -0.088 -3.117 -3.552 -3.409 -2.793 4.369 1.502 -2.661 1.146 0.062 -3.478 -2.942 -0.982 -2.267 -1.328 3.162
361 A 3.539 -1.444 -1.329 -1.582 0.534 -1.318 -1.357 0.062 -1.293 -0.741 -1.309 -0.88 -0.845 -1.835 -1.559 0.464 1.338 -2.43 -1.788 0.114
362 L -1.623 -2.17 -3.075 -3.423 -0.404 -2.467 -3.163 -3.144 -1.704 1.606 3.304 -2.42 3.123 3.148 -3.717 -2.91 -1.644 -0.933 0.28 0.78
363 I -1.42 -3.143 -3.305 -3.223 -0.193 -3.252 -3.729 -3.522 -2.754 4.631 1.634 -2.721 1.228 0.175 -3.547 -3.119 -1.117 -2.227 -1.328 2.817
364 S 1.922 -0.918 0.133 -0.527 0.162 -0.748 -0.732 -0.046 -0.638 -1.703 -2.14 -0.432 -1.164 -1.967 -1.518 3.007 0.733 -2.57 -1.798 -0.987
365 L -1.69 -2.527 -3.278 -3.508 -0.4 -3.003 -3.456 -3.335 -2.058 2.522 3.248 -2.709 1.623 3.129 -3.776 -3.159 -1.651 -1.067 0.223 1.29
366 N -1.529 -0.112 5.181 0.977 -1.902 1.696 -0.202 -0.418 0.887 -2.654 -2.922 0.036 -1.756 -2.525 -2.538 -0.277 -0.591 -2.835 -1.937 -2.431
367 C -0.117 -2.642 -1.908 -2.49 9.105 -2.648 -2.909 -1.661 -2.294 -0.975 -1.317 -2.327 -1.143 -2.053 -2.81 0.256 -0.72 -3.127 -2.599 -0.608
368 I 0.744 -2.74 -2.906 -2.857 -0.007 -2.762 -3.068 -2.238 -2.385 4.092 1.235 -2.251 0.909 -0.136 -3.011 -1.988 -0.975 -2.277 -1.416 2.442
369 V -0.934 -2.692 -3.186 -3.299 0.013 -2.874 -3.314 -3.283 -2.747 3.625 2.115 -2.562 1.266 0.089 -3.428 -2.79 -0.938 -2.189 -1.28 3.253
370 A 4.018 -1.526 -1.705 -1.73 0.637 -1.363 -1.341 0.331 -1.254 -0.873 -1.364 -0.891 -0.916 -1.891 -1.518 0.412 -0.465 -2.483 -1.798 0.096
371 H -1.75 -0.4 0.417 -1.004 -2.377 -0.208 -0.543 -1.74 8.073 -2.704 -2.638 -0.808 -1.304 -0.895 -2.792 -1.622 -2.269 -1.497 1.624 -3.078
372 H -1.75 -0.4 0.417 -1.004 -2.377 -0.208 -0.543 -1.74 8.073 -2.704 -2.638 -0.808 -1.304 -0.895 -2.792 -1.622 -2.269 -1.497 1.624 -3.078
373 F -2.033 -2.634 -3.093 -3.475 -0.864 -3.354 -3.453 -3.11 -1.377 1.053 2.501 -2.988 1.09 5.354 -4.123 -3.124 -2.071 0.048 1.861 0.206
374 I -1.452 -2.936 -3.325 -3.306 -0.193 -3.129 -3.649 -3.502 -2.67 4.26 2.326 -2.68 1.422 0.309 -3.567 -3.135 -1.212 -2.112 -1.28 2.542
375 D -1.445 -0.953 0.635 4.81 -2.431 0.183 2.986 -1.469 -0.171 -2.783 -3.192 -0.173 -2.325 -2.834 -2.162 -0.929 -1.41 -3.061 -2.577 -2.592
376 V -0.59 -2.537 -2.802 -2.811 -0.085 -2.595 -2.761 -2.83 -2.607 2.943 0.641 -2.163 0.479 -0.682 2.402 -2.273 -0.773 -2.705 -1.552 3.382
377 A 4.018 -1.526 -1.705 -1.73 0.637 -1.363 -1.341 0.331 -1.254 -0.873 -1.364 -0.891 -0.916 -1.891 -1.518 0.412 -0.465 -2.483 -1.798 0.096
378 Y -1.855 -1.82 -2.168 -3.065 -1.794 -1.826 -2.406 -2.975 2.062 -0.846 -0.953 -1.916 -0.725 3.306 -3.376 -2.48 -2.132 2.266 6.743 -1.022
379 N -0.913 -0.52 5.201 0.991 -1.39 -0.578 -0.733 -0.188 0.691 -2.576 -3.01 -0.336 -1.981 -2.325 -2.371 0.987 -0.136 -2.921 -2.046 -2.301
380 P -0.879 -2.056 -1.976 -1.606 -1.5 -1.976 -1.665 -1.895 -1.65 -2.36 -2.793 -1.107 -2.446 -3.378 6.706 -1.495 -1.391 -4.592 -2.678 -2.204
381 F -2.158 -2.979 -2.979 -3.33 -1.127 -3.763 -3.565 -3.029 -1.162 1.795 0.781 -3.211 0.407 6.014 -4.276 -3.082 -2.103 0.407 2.407 0.507
382 W -2.227 -2.348 -2.917 -3.118 -2.179 -2.665 -2.687 -2.298 -1.266 -1.983 -1.882 -2.396 -1.515 0.591 2.228 -2.903 -2.413 10.013 1.616 -2.257
383 A 2.886 -1.977 -2.195 -2.236 0.421 -1.891 -1.976 -0.634 -1.792 2.003 -0.001 -1.452 0.017 -1.047 -2.126 -0.472 -0.59 -2.42 -1.601 2.028
384 A 3.533 -1.701 -1.917 -1.971 0.572 -1.575 -1.597 -0.094 -1.523 0.414 -0.746 -1.14 -0.485 -1.537 -1.787 0.035 -0.471 -2.472 -1.698 1.523
385 L -1.875 -2.492 -3.194 -3.537 -0.622 -3.112 -3.418 -3.211 -1.668 1.389 3.14 -2.823 1.463 4.466 -3.956 -3.149 -1.914 -0.425 1.167 0.521
386 L -1.563 -2.321 -2.962 -3.065 -0.635 -2.722 -2.954 -2.952 -1.854 1.15 2.977 -2.308 1.236 2.978 2.346 -2.747 -1.715 -1.292 0.094 0.342
387 A 3.533 -1.701 -1.917 -1.971 0.572 -1.575 -1.597 -0.094 -1.523 0.414 -0.746 -1.14 -0.485 -1.537 -1.787 0.035 -0.471 -2.472 -1.698 1.523
388 G 1.135 -0.768 -1.061 -1.582 -0.698 -1.314 -1.678 3.568 -1.361 0.902 -1.086 1.034 -0.88 -1.743 -2.389 -0.939 -1.269 -2.451 -2.167 -0.051
389 L -1.013 1.751 -1.45 -2.009 -0.689 -1.084 -1.743 -2.217 -1.169 0.245 1.27 -0.351 2.395 -0.813 2.466 -1.218 0.977 -2.237 -1.576 -0.098
390 P 1.11 -1.336 -1.054 -0.64 -0.723 -0.818 1.055 -1.067 -0.702 -1.332 -1.448 -0.741 -1.111 2.406 2.555 0.573 -0.696 -1.685 -0.18 -1.091
391 C 1.267 -2.386 -2.403 -2.821 7.797 -2.373 -2.687 -1.449 -0.455 -0.803 -1.113 -2.105 -0.952 0.442 -2.722 -1.14 -1.254 -0.578 3.057 -0.416
392 A 1.566 -1.206 2.437 -0.525 -0.07 -1.168 -1.264 -0.49 -0.607 0.32 -1.056 -0.867 -0.665 -1.567 -2.116 1.053 -0.033 -2.606 -1.731 1.341
393 A 3.26 -1.806 -1.947 -2.045 0.258 -1.806 -1.738 -0.189 -1.139 -0.54 -0.751 -1.323 -0.594 2.99 -2.01 -0.13 -0.829 -1.237 0.243 -0.038
394 P 1.208 -0.411 -1.615 -1.689 -0.564 -1.062 -1.271 -1.28 -1.339 1.435 -0.613 1.477 -0.513 -1.627 3.074 -1.0 -0.99 -2.824 -1.855 0.447
395 S 0.38 0.179 0.14 -0.569 -0.334 -0.296 -0.51 -0.684 -0.639 -1.46 -1.963 1.778 -1.046 -2.063 -1.608 2.141 1.991 -2.482 -1.78 -0.996
396 S 1.068 -0.741 0.497 -0.249 0.072 -0.57 -0.555 -0.106 -0.46 -1.911 -2.328 -0.285 -1.187 -1.943 -1.475 3.262 1.011 -2.549 -1.756 -1.292
397 H -1.266 0.405 0.197 -0.643 -2.115 3.345 0.598 -1.586 6.224 -2.443 -2.277 0.396 -0.8 -1.718 -2.435 -1.138 -1.533 -1.796 0.553 -2.344
398 P -0.862 -0.366 -1.447 -1.358 -1.607 -0.999 -1.033 -1.745 -1.23 -2.296 -2.643 1.579 -2.089 -3.222 5.913 -1.327 -1.308 -3.934 -2.428 -2.149
399 S 0.012 -1.425 0.122 2.588 -0.464 -1.152 -0.525 -0.952 -0.93 1.321 -0.879 -0.9 -0.608 -1.429 -2.104 1.798 0.071 -2.691 -1.919 0.209
400 G -0.782 -1.217 0.228 3.45 -2.003 -0.212 2.29 3.073 -0.454 -2.908 -3.209 -0.451 -2.353 -2.747 -2.308 -0.928 -1.546 -2.755 -2.657 -2.614
401 A 3.267 -1.229 -0.766 -1.139 0.477 -1.062 -1.043 0.208 -0.953 -1.162 -1.634 -0.663 -0.989 -1.894 -1.49 1.739 0.124 -2.49 -1.77 -0.279
402 E -0.933 -0.136 -0.353 1.504 -2.425 1.332 4.527 -1.964 0.378 -2.778 -2.717 0.662 -1.768 -2.622 -1.896 -0.805 -1.315 -2.402 -1.922 -2.148
403 S 0.254 0.264 0.217 -0.302 -0.752 3.289 0.58 -0.712 0.22 -2.071 -2.155 0.566 -0.768 -2.406 -1.793 1.903 0.186 -2.361 -1.511 -1.529
404 P -0.822 -1.999 -1.919 -1.549 -1.443 -1.919 -1.608 -1.838 -1.593 -2.303 -2.736 -1.05 -2.389 -3.321 6.648 -1.437 -1.334 -4.535 -2.621 -2.147
405 A 3.883 -1.469 -1.648 -1.673 0.694 -1.306 -1.284 0.388 -1.197 -0.816 -1.307 -0.834 -0.859 -1.834 -1.461 0.469 -0.408 -2.426 -1.741 0.153
406 S 1.068 -0.741 0.497 -0.249 0.072 -0.57 -0.555 -0.106 -0.46 -1.911 -2.328 -0.285 -1.187 -1.943 -1.475 3.262 1.011 -2.549 -1.756 -1.292
407 D 1.479 -1.567 0.506 4.788 -0.983 -1.028 0.443 -0.548 -0.758 -1.961 -2.589 -0.85 -1.968 -2.531 -2.006 -0.418 -1.058 -3.134 -2.562 -1.504
408 I -1.196 -0.267 -1.907 -2.127 -0.655 -1.213 -1.701 -2.594 -1.652 3.527 0.842 1.794 0.638 -0.5 -2.779 -2.161 -1.091 -2.315 -1.458 1.932
409 I -0.958 -2.895 -3.162 -3.19 0.008 -3.001 -3.412 -3.308 -2.792 4.13 1.439 -2.593 1.118 0.012 -3.404 -2.802 -0.866 -2.265 -1.299 3.355
410 G -0.17 -1.547 -0.4 -0.483 -1.177 -0.928 0.85 4.514 -1.025 -2.292 -2.702 -0.898 -1.967 -2.452 -2.381 -0.576 0.842 -2.42 -2.577 -1.851
411 S 0.241 -0.635 -0.246 -0.868 -0.2 1.5 -0.507 -1.058 -0.695 0.111 -1.093 -0.323 -0.437 -1.687 -1.969 1.688 1.66 -2.409 -1.592 1.051
412 K -0.519 0.815 2.309 0.349 -1.522 0.432 1.593 -0.93 0.09 -2.349 -2.554 2.727 -1.527 -2.531 -1.882 0.713 -0.487 -2.637 -1.902 -2.01
413 E -1.195 0.135 2.07 0.487 -1.667 0.358 2.525 -1.611 -0.009 -0.958 0.381 1.604 -0.471 -1.553 -2.291 -1.029 -1.16 -2.399 -1.765 -1.212
414 G -0.69 0.17 -0.588 -0.303 -1.832 1.869 1.552 1.948 -0.319 -2.547 -2.629 1.666 -1.614 -2.909 2.555 -1.008 -1.35 -2.752 -2.123 -2.21
415 A 2.264 0.532 -0.591 -0.999 -0.306 -0.202 -0.458 -0.349 -0.683 -1.542 -1.895 2.573 -1.114 -2.258 -1.601 0.977 -0.333 -2.548 -1.812 -0.882
416 D -1.337 -1.769 0.895 5.31 -2.172 -1.135 0.559 2.075 -0.744 -2.86 -3.528 -1.019 -2.734 -2.912 -2.424 -1.005 -1.55 -3.32 -3.107 -2.907
417 E 1.049 -0.748 -0.623 0.609 -1.331 0.427 3.312 2.062 -0.225 -2.374 -2.533 0.016 -1.747 -2.495 -1.992 -0.575 -1.251 -2.451 -2.126 -1.663