#Seq2Logo.py -f /work3/idamei/ssn-clusterings/2206020950/clusters/0011_254/sequences.afa -m 0.0001 -b 0 -o /work3/idamei/ssn-clusterings/2206020950/clusters/0011_254/sequences.logo -p 640x1000 -l 30 -I 1
Last position-specific scoring matrix computed, values are in halfbits
A R N D C Q E G H I L K M F P S T W Y V
0 M -99.999 -99.999 -99.999 -99.999 -99.999 -99.999 -99.999 -99.999 -99.999 -99.999 -99.999 -99.999 8.644 -99.999 -99.999 -99.999 -99.999 -99.999 -99.999 -99.999
1 R -99.999 4.304 2.304 2.304 -99.999 2.304 -99.999 -99.999 -99.999 -99.999 4.304 4.304 -99.999 -99.999 -99.999 -99.999 -99.999 -99.999 -99.999 -99.999
2 G -99.999 -99.999 -99.999 2.304 -99.999 2.304 2.304 4.304 -99.999 -99.999 4.304 2.304 -99.999 -99.999 -99.999 -99.999 -99.999 -99.999 2.304 -99.999
3 K -99.999 3.029 -99.999 -99.999 -99.999 3.029 -99.999 -99.999 -99.999 3.029 -99.999 6.199 -99.999 -99.999 -99.999 -99.999 -99.999 -99.999 3.029 -99.999
4 V 4.644 -99.999 -99.999 -99.999 -99.999 -99.999 -99.999 -99.999 -99.999 4.644 -99.999 -99.999 -99.999 -99.999 -99.999 -99.999 -99.999 -99.999 -99.999 6.644
5 R -99.999 5.474 5.474 -99.999 -99.999 -99.999 -99.999 -99.999 -99.999 -99.999 -99.999 5.474 -99.999 -99.999 -99.999 -99.999 -99.999 -99.999 -99.999 -99.999
6 V -99.999 -99.999 5.474 -99.999 -99.999 -99.999 -99.999 -99.999 -99.999 -99.999 -99.999 -99.999 -99.999 -99.999 -99.999 -99.999 -99.999 -99.999 -99.999 7.474
7 R -99.999 6.644 -99.999 -99.999 -99.999 -99.999 -99.999 -99.999 -99.999 -99.999 -99.999 -99.999 -99.999 -99.999 -99.999 -99.999 -99.999 6.644 -99.999 -99.999
8 N -99.999 -99.999 7.474 -99.999 -99.999 -99.999 5.474 -99.999 -99.999 -99.999 -99.999 -99.999 -99.999 -99.999 -99.999 -99.999 -99.999 -99.999 -99.999 -99.999
9 R -99.999 7.474 -99.999 -99.999 -99.999 -99.999 -99.999 5.474 -99.999 -99.999 -99.999 -99.999 -99.999 -99.999 -99.999 -99.999 -99.999 -99.999 -99.999 -99.999
10 N -99.999 -99.999 5.474 -99.999 -99.999 -99.999 -99.999 -99.999 -99.999 5.474 -99.999 -99.999 -99.999 5.474 -99.999 -99.999 -99.999 -99.999 -99.999 -99.999
11 N -99.999 -99.999 7.17 -99.999 -99.999 -99.999 -99.999 -99.999 -99.999 -99.999 4.0 -99.999 -99.999 4.0 -99.999 -99.999 -99.999 -99.999 -99.999 -99.999
12 R -99.999 5.814 -99.999 -99.999 -99.999 4.644 -99.999 -99.999 -99.999 -99.999 -99.999 2.644 -99.999 -99.999 -99.999 2.644 2.644 -99.999 -99.999 -99.999
13 Y -99.999 -99.999 -99.999 -99.999 -99.999 -99.999 2.644 -99.999 -99.999 -99.999 4.644 2.644 -99.999 -99.999 2.644 -99.999 -99.999 -99.999 5.814 -99.999
14 N -99.999 -99.999 6.644 6.644 -99.999 -99.999 -99.999 -99.999 -99.999 -99.999 -99.999 -99.999 -99.999 -99.999 -99.999 -99.999 -99.999 -99.999 -99.999 -99.999
15 I -99.999 -99.999 -99.999 -99.999 -99.999 -99.999 -99.999 -99.999 -99.999 8.644 -99.999 -99.999 -99.999 -99.999 -99.999 -99.999 -99.999 -99.999 -99.999 -99.999
16 A 2.644 2.644 2.644 2.644 2.644 -99.999 -99.999 -99.999 -99.999 -99.999 -99.999 2.644 -99.999 -99.999 -99.999 2.644 -99.999 -99.999 2.644 -99.999
17 I -99.999 -99.999 -99.999 -99.999 -99.999 -99.999 -99.999 -99.999 -99.999 5.474 2.304 -99.999 -99.999 5.474 -99.999 -99.999 2.304 -99.999 2.304 -99.999
18 D -99.999 2.304 2.304 4.304 -99.999 2.304 2.304 -99.999 -99.999 -99.999 -99.999 2.304 -99.999 -99.999 -99.999 -99.999 4.304 -99.999 -99.999 -99.999
19 K -99.999 2.304 -99.999 -99.999 -99.999 -99.999 -99.999 -99.999 -99.999 -99.999 2.304 6.304 -99.999 -99.999 -99.999 -99.999 2.304 -99.999 -99.999 4.304
20 K -99.999 2.304 -99.999 -99.999 -99.999 -99.999 2.304 -99.999 2.304 -99.999 -99.999 4.304 -99.999 -99.999 4.304 2.304 2.304 -99.999 -99.999 -99.999
21 E -99.999 -99.999 2.304 -99.999 -99.999 -99.999 6.948 -99.999 -99.999 -99.999 -99.999 -99.999 -99.999 -99.999 -99.999 -99.999 4.304 -99.999 -99.999 2.304
22 I -99.999 -99.999 -99.999 -99.999 -99.999 -99.999 -99.999 -99.999 -99.999 6.948 2.304 -99.999 -99.999 -99.999 -99.999 2.304 -99.999 -99.999 2.304 2.304
23 L -99.999 -99.999 -99.999 -99.999 2.304 -99.999 -99.999 -99.999 -99.999 4.304 5.474 -99.999 -99.999 4.304 -99.999 -99.999 -99.999 -99.999 -99.999 2.304
24 F -99.999 -99.999 -99.999 -99.999 2.304 -99.999 -99.999 -99.999 -99.999 -99.999 -99.999 -99.999 -99.999 7.474 -99.999 -99.999 -99.999 -99.999 4.304 -99.999
25 F -99.999 -99.999 -99.999 -99.999 -99.999 -99.999 -99.999 -99.999 -99.999 2.304 5.474 -99.999 -99.999 6.304 -99.999 -99.999 -99.999 -99.999 2.304 -99.999
26 A 5.474 -99.999 -99.999 -99.999 -99.999 -99.999 -99.999 -99.999 -99.999 5.474 2.304 -99.999 -99.999 2.304 -99.999 2.304 -99.999 -99.999 -99.999 -99.999
27 A 6.304 -99.999 -99.999 -99.999 -99.999 -99.999 -99.999 6.304 -99.999 2.304 -99.999 -99.999 -99.999 -99.999 -99.999 -99.999 -99.999 -99.999 -99.999 -99.999
28 L -99.999 -99.999 -99.999 -99.999 -99.999 -99.999 -99.999 -99.999 -99.999 2.304 5.474 -99.999 -99.999 4.304 -99.999 -99.999 -99.999 2.304 4.304 -99.999
29 F 2.304 -99.999 -99.999 -99.999 -99.999 -99.999 -99.999 -99.999 -99.999 2.304 2.304 -99.999 -99.999 6.948 -99.999 -99.999 2.304 -99.999 -99.999 -99.999
30 L -99.999 -99.999 -99.999 -99.999 -99.999 -99.999 -99.999 -99.999 -99.999 2.304 6.304 -99.999 -99.999 -99.999 -99.999 -99.999 -99.999 -99.999 -99.999 6.304
31 F -99.999 -99.999 -99.999 -99.999 -99.999 -99.999 -99.999 -99.999 4.304 -99.999 -99.999 -99.999 -99.999 6.948 -99.999 -99.999 -99.999 -99.999 4.304 -99.999
32 L -99.999 -99.999 -99.999 -99.999 -99.999 -99.999 4.304 -99.999 -99.999 -99.999 5.474 -99.999 4.304 2.304 -99.999 -99.999 -99.999 -99.999 -99.999 2.304
33 L -99.999 -99.999 -99.999 -99.999 -99.999 -99.999 -99.999 -99.999 -99.999 4.304 5.474 -99.999 -99.999 2.304 -99.999 4.304 2.304 -99.999 -99.999 -99.999
34 S 4.304 -99.999 -99.999 -99.999 -99.999 -99.999 -99.999 -99.999 -99.999 -99.999 -99.999 -99.999 -99.999 -99.999 -99.999 6.304 4.304 -99.999 -99.999 2.304
35 L -99.999 -99.999 2.304 -99.999 -99.999 -99.999 -99.999 -99.999 2.304 -99.999 5.474 -99.999 2.304 -99.999 -99.999 -99.999 2.304 -99.999 -99.999 4.304
36 L -99.999 -99.999 -99.999 -99.999 -99.999 -99.999 -99.999 -99.999 -99.999 5.474 6.948 -99.999 -99.999 -99.999 -99.999 -99.999 2.304 -99.999 -99.999 -99.999
37 L -99.999 -99.999 -99.999 -99.999 -99.999 -99.999 -99.999 -99.999 -99.999 2.304 6.948 -99.999 4.304 2.304 -99.999 -99.999 -99.999 -99.999 -99.999 -99.999
38 D -99.999 -99.999 2.304 6.304 -99.999 -99.999 -99.999 2.304 -99.999 -99.999 -99.999 -99.999 -99.999 -99.999 2.304 4.304 -99.999 -99.999 -99.999 -99.999
39 T 2.304 2.304 -99.999 -99.999 -99.999 2.304 -99.999 -99.999 2.304 -99.999 4.304 -99.999 -99.999 -99.999 -99.999 -99.999 5.474 -99.999 -99.999 -99.999
40 T -99.999 -99.999 2.304 -99.999 -99.999 -99.999 -99.999 -99.999 -99.999 -99.999 -99.999 -99.999 -99.999 -99.999 -99.999 4.304 7.474 -99.999 -99.999 -99.999
41 I 4.304 -99.999 -99.999 -99.999 -99.999 -99.999 -99.999 -99.999 -99.999 5.474 -99.999 -99.999 4.304 -99.999 -99.999 -99.999 2.304 -99.999 2.304 -99.999
42 W 2.304 -99.999 -99.999 -99.999 -99.999 -99.999 -99.999 -99.999 -99.999 -0.866 2.304 -99.999 -99.999 2.304 -99.999 -99.999 -99.999 5.474 -99.999 5.134
43 S 2.304 -99.999 -99.999 -99.999 -99.999 2.304 2.304 -99.999 -99.999 2.304 -99.999 -99.999 -99.999 -99.999 -99.999 5.474 -99.999 -99.999 -99.999 4.304
44 F 3.474 -99.999 -99.999 -99.999 -99.999 -99.999 -99.999 -99.999 -99.999 -99.999 -99.999 -99.999 -99.999 6.644 -99.999 -99.999 -99.999 -99.999 3.474 3.474
45 S 4.0 -99.999 4.0 -99.999 -99.999 -99.999 -99.999 4.0 -99.999 -99.999 -99.999 -99.999 -99.999 -99.999 -99.999 6.0 -99.999 -99.999 -99.999 -99.999
46 E -99.999 -99.999 -99.999 -99.999 -99.999 3.029 5.029 -99.999 -99.999 -99.999 3.029 -99.999 5.029 -99.999 3.029 -99.999 -99.999 -99.999 -99.999 -99.999
47 G -99.999 -99.999 -99.999 -99.999 -99.999 -99.999 -99.999 7.474 -99.999 -99.999 -99.999 -99.999 5.474 -99.999 -99.999 -99.999 -99.999 -99.999 -99.999 -99.999
48 D -99.999 -99.999 4.0 7.17 -99.999 -99.999 -99.999 -99.999 -99.999 -99.999 -99.999 -99.999 -99.999 -99.999 -99.999 4.0 -99.999 -99.999 -99.999 -99.999
49 D -99.999 -99.999 4.0 7.17 -99.999 -99.999 -99.999 -99.999 -99.999 -99.999 -99.999 -99.999 -99.999 -99.999 -99.999 4.0 -99.999 -99.999 -99.999 -99.999
50 A 5.029 1.859 -99.999 -99.999 -99.999 3.029 -99.999 5.029 -99.999 -99.999 -99.999 3.029 -99.999 -99.999 -99.999 -0.141 -99.999 -99.999 -99.999 -99.999
51 M -99.999 -99.999 -99.999 -99.999 -99.999 -99.999 3.029 -99.999 -99.999 3.029 4.503 -99.999 6.199 -99.999 -99.999 -99.999 -99.999 -99.999 -99.999 -0.141
52 G 2.304 -99.999 -99.999 -99.999 -99.999 -99.999 2.304 4.304 -99.999 -99.999 -99.999 2.304 -99.999 -99.999 -99.999 4.304 4.304 -99.999 -99.999 -99.999
53 P 2.304 -99.999 2.304 -99.999 -99.999 -99.999 -99.999 -99.999 -99.999 -99.999 2.304 -99.999 -99.999 2.304 4.304 2.304 2.304 -99.999 2.304 -99.999
54 L 2.304 -99.999 -99.999 -99.999 -99.999 -99.999 -99.999 -99.999 -99.999 4.304 6.304 -99.999 -99.999 4.304 -99.999 -99.999 -99.999 -99.999 -99.999 -99.999
55 G -99.999 4.304 4.304 -99.999 -99.999 -99.999 -99.999 5.474 -99.999 -99.999 -99.999 -99.999 -99.999 -99.999 -99.999 2.304 -99.999 -99.999 -99.999 2.304
56 S -99.999 -99.999 2.304 -99.999 -99.999 -99.999 -99.999 -99.999 -99.999 1.134 -0.866 -99.999 -99.999 4.304 -99.999 5.474 -99.999 -99.999 -99.999 4.304
57 F 2.304 -99.999 -99.999 -99.999 -99.999 -99.999 -99.999 2.304 -99.999 4.304 2.304 -99.999 -99.999 6.304 -99.999 -99.999 -99.999 -99.999 -99.999 -99.999
58 A 5.474 -99.999 -99.999 -99.999 -99.999 -99.999 -99.999 2.304 -99.999 -99.999 4.304 -99.999 -99.999 4.304 -99.999 -99.999 2.304 -99.999 -99.999 -99.999
59 K -99.999 -99.999 -99.999 -99.999 -99.999 -99.999 -99.999 -99.999 -99.999 -99.999 -99.999 8.304 -99.999 -99.999 -99.999 -99.999 2.304 -99.999 -99.999 -99.999
60 Y -99.999 -99.999 -99.999 -99.999 -99.999 -99.999 -99.999 2.304 -99.999 2.304 4.304 -99.999 2.304 -99.999 -99.999 -99.999 -99.999 -99.999 5.474 2.304
61 I 2.304 -99.999 -99.999 -99.999 -99.999 -99.999 -99.999 -99.999 -99.999 5.474 4.304 -99.999 2.304 -99.999 -99.999 2.304 -99.999 -99.999 -99.999 2.304
62 R -99.999 8.304 -99.999 -99.999 -99.999 -99.999 -99.999 -99.999 -99.999 -99.999 -99.999 2.304 -99.999 -99.999 -99.999 -99.999 -99.999 -99.999 -99.999 -99.999
63 Y -99.999 -99.999 -99.999 -99.999 -99.999 -99.999 -99.999 -99.999 -99.999 -99.999 2.304 -99.999 -99.999 4.304 -99.999 -99.999 -99.999 -99.999 7.474 -99.999
64 L -99.999 -99.999 -99.999 -99.999 -99.999 -99.999 -99.999 -99.999 -99.999 2.304 6.304 -99.999 -99.999 -99.999 -99.999 -99.999 4.304 -99.999 -99.999 4.304
65 A 6.948 -99.999 -99.999 -99.999 2.304 -99.999 -99.999 -99.999 -99.999 -99.999 -99.999 -99.999 -99.999 -99.999 -99.999 5.474 -99.999 -99.999 -99.999 -99.999
66 Y -99.999 -99.999 -99.999 -99.999 -99.999 -99.999 -99.999 -99.999 -99.999 -99.999 -99.999 -99.999 -99.999 -99.999 -99.999 -99.999 -99.999 -99.999 8.644 -99.999
67 I -99.999 -99.999 -99.999 -99.999 -99.999 -99.999 -99.999 4.304 -99.999 5.474 4.304 -99.999 -99.999 4.304 -99.999 -99.999 -99.999 -99.999 -99.999 -99.999
68 L -99.999 -99.999 -99.999 -99.999 -99.999 -99.999 -99.999 -99.999 -99.999 4.304 7.474 -99.999 -99.999 -99.999 -99.999 -99.999 -99.999 -99.999 -99.999 2.304
69 L 2.304 -99.999 -99.999 -99.999 4.304 -99.999 -99.999 -99.999 -99.999 -99.999 6.304 -99.999 -99.999 4.304 -99.999 -99.999 -99.999 -99.999 -99.999 -99.999
70 A 6.304 -99.999 -99.999 -99.999 4.304 -99.999 -99.999 -99.999 -99.999 -99.999 4.304 -99.999 2.304 -99.999 -99.999 -99.999 -99.999 -99.999 -99.999 -99.999
71 A 4.304 -99.999 -99.999 -99.999 -99.999 -99.999 -99.999 2.304 -99.999 4.304 2.304 -99.999 2.304 4.304 -99.999 -99.999 -99.999 -99.999 -99.999 -99.999
72 K -99.999 -99.999 -99.999 -99.999 -99.999 -99.999 2.304 2.304 -99.999 2.304 2.304 6.948 -99.999 -99.999 -99.999 -99.999 -99.999 -99.999 -99.999 -99.999
73 I -99.999 -99.999 -99.999 -99.999 -99.999 -99.999 -99.999 -99.999 -99.999 7.919 -99.999 -99.999 -99.999 -99.999 -99.999 -99.999 -99.999 -99.999 -99.999 4.304
74 L 2.304 -99.999 -99.999 -99.999 2.304 -99.999 -99.999 -99.999 -99.999 4.304 6.304 -99.999 -99.999 -99.999 -99.999 -99.999 2.304 -99.999 -99.999 -99.999
75 Y 2.304 2.304 -99.999 2.304 2.304 2.304 -99.999 -99.999 -99.999 -99.999 -99.999 -99.999 -99.999 -99.999 -99.999 2.304 -99.999 2.304 4.304 -99.999
76 D -99.999 2.304 -99.999 5.474 -99.999 -99.999 4.304 -99.999 -99.999 -99.999 -99.999 -99.999 -99.999 -99.999 -99.999 4.304 2.304 -99.999 -99.999 -99.999
77 C -99.999 -99.999 -99.999 -99.999 8.644 -99.999 -99.999 -99.999 -99.999 -99.999 -99.999 -99.999 -99.999 -99.999 -99.999 -99.999 -99.999 -99.999 -99.999 -99.999
78 K -99.999 -99.999 4.304 -99.999 -99.999 2.304 2.304 -99.999 -99.999 -99.999 2.304 5.474 -99.999 -99.999 -99.999 2.304 -99.999 -99.999 -99.999 -99.999
79 I -99.999 -99.999 -99.999 -99.999 -99.999 -99.999 -99.999 -99.999 -99.999 6.948 -99.999 -99.999 -99.999 -99.999 -99.999 -99.999 -99.999 -99.999 5.474 2.304
80 K -99.999 2.304 -99.999 2.304 -99.999 -99.999 -99.999 4.304 -99.999 -99.999 -99.999 5.474 -99.999 -99.999 -99.999 -99.999 -99.999 -99.999 4.304 -99.999
81 N -99.999 -99.999 6.304 -99.999 -99.999 -99.999 2.304 -99.999 -99.999 -99.999 -99.999 5.474 -99.999 2.304 -99.999 -99.999 -99.999 -99.999 -99.999 -99.999
82 R -99.999 6.304 4.304 -99.999 -99.999 -99.999 -99.999 -99.999 -99.999 -99.999 -99.999 4.304 -99.999 -99.999 -99.999 2.304 -99.999 -99.999 -99.999 -99.999
83 N -99.999 -99.999 5.474 2.304 -99.999 2.304 -99.999 -99.999 -99.999 2.304 -99.999 5.474 -99.999 -99.999 -99.999 -99.999 -99.999 -99.999 -99.999 -99.999
84 I -99.999 -99.999 -99.999 -99.999 -99.999 -99.999 -99.999 -99.999 -99.999 6.948 2.304 -99.999 -99.999 2.304 -99.999 -99.999 2.304 2.304 -99.999 -99.999
85 I -99.999 -99.999 -99.999 -99.999 -99.999 -99.999 -99.999 -99.999 -99.999 5.474 2.304 -99.999 -99.999 4.304 -99.999 2.304 -99.999 4.304 -99.999 -99.999
86 G 2.304 -99.999 -99.999 -99.999 -99.999 -99.999 -99.999 4.304 -99.999 2.304 -99.999 4.304 -99.999 4.304 -99.999 2.304 -99.999 -99.999 -99.999 -99.999
87 V 2.304 -99.999 -99.999 -99.999 -99.999 -99.999 -99.999 -99.999 -99.999 2.304 4.304 -99.999 -99.999 -99.999 -99.999 -99.999 -99.999 -99.999 -99.999 6.948
88 I 2.304 -99.999 -99.999 -99.999 -99.999 -99.999 -99.999 -99.999 -99.999 6.304 -99.999 -99.999 -99.999 2.304 -99.999 -99.999 -99.999 -99.999 4.304 2.304
89 L 2.304 -99.999 -99.999 -99.999 2.304 -99.999 -99.999 -99.999 -99.999 2.304 6.304 -99.999 2.304 2.304 -99.999 -99.999 -99.999 -99.999 -99.999 -99.999
90 I 2.304 -99.999 -99.999 1.134 -99.999 -99.999 -0.866 -99.999 -99.999 4.304 2.304 -99.999 -99.999 -99.999 -99.999 2.304 2.304 -99.999 2.304 2.304
91 V 4.304 -99.999 -99.999 -99.999 -99.999 -99.999 -99.999 2.304 -99.999 -99.999 2.304 -99.999 2.304 2.304 -99.999 -99.999 -99.999 -99.999 -99.999 5.474
92 G 2.304 -99.999 -99.999 -99.999 -99.999 -99.999 -99.999 5.474 -99.999 -99.999 4.304 -99.999 -99.999 -99.999 -99.999 2.304 -99.999 -99.999 -99.999 4.304
93 C -99.999 -99.999 -99.999 -99.999 8.644 -99.999 -99.999 -99.999 -99.999 -99.999 -99.999 -99.999 -99.999 -99.999 -99.999 -99.999 -99.999 -99.999 -99.999 -99.999
94 I -99.999 -99.999 -99.999 -99.999 -99.999 -99.999 -99.999 -99.999 -99.999 6.304 4.304 -99.999 -99.999 4.304 -99.999 -99.999 -99.999 -99.999 -99.999 2.304
95 I 4.304 -99.999 -99.999 -99.999 -99.999 -99.999 -99.999 -99.999 -99.999 5.474 2.304 -99.999 -99.999 4.304 -99.999 -99.999 2.304 -99.999 -99.999 -99.999
96 G 2.304 -99.999 -99.999 -99.999 -99.999 -99.999 -99.999 5.474 -99.999 2.304 -99.999 -99.999 -99.999 -99.999 -99.999 -99.999 2.304 -99.999 -99.999 5.474
97 I -99.999 -99.999 -99.999 -99.999 -99.999 -99.999 -99.999 2.304 -99.999 6.948 4.304 -99.999 -99.999 -99.999 -99.999 -99.999 -99.999 -99.999 -99.999 2.304
98 V -99.999 -99.999 -99.999 -99.999 -99.999 -99.999 -99.999 -99.999 -99.999 -99.999 -99.999 -99.999 -99.999 -99.999 -99.999 -99.999 -99.999 -99.999 -99.999 8.644
99 S 5.474 -99.999 -99.999 -99.999 -99.999 -99.999 2.304 -99.999 -99.999 -99.999 -99.999 -99.999 -99.999 -99.999 -99.999 6.304 2.304 -99.999 -99.999 -99.999
100 F 2.304 -99.999 -99.999 -99.999 2.304 -99.999 -99.999 2.304 -99.999 -99.999 -99.999 -99.999 -99.999 6.304 -99.999 -99.999 -99.999 -99.999 -99.999 4.304
101 L -99.999 -99.999 -99.999 -99.999 -99.999 -99.999 -99.999 -99.999 -99.999 4.304 6.304 2.304 -99.999 -99.999 -99.999 -99.999 -99.999 -99.999 2.304 2.304
102 G 2.304 2.304 -99.999 -99.999 2.304 -99.999 -99.999 4.304 -99.999 -99.999 -99.999 -99.999 -99.999 4.304 -99.999 4.304 -99.999 -99.999 -99.999 -99.999
103 S 2.304 -99.999 -99.999 -99.999 -99.999 -99.999 -99.999 -99.999 -99.999 -99.999 -99.999 -99.999 -99.999 -99.999 -99.999 8.304 -99.999 -99.999 -99.999 -99.999
104 G -99.999 2.644 -99.999 -99.999 -99.999 -99.999 -99.999 5.814 -99.999 -99.999 -99.999 4.644 -99.999 2.644 -99.999 -99.999 2.644 -99.999 -99.999 -99.999
105 N -99.999 -99.999 7.474 2.304 -99.999 -99.999 2.304 2.304 -99.999 -99.999 -99.999 -99.999 -99.999 -99.999 -99.999 -99.999 -99.999 -99.999 -99.999 -99.999
106 N 2.304 -99.999 4.304 -99.999 -99.999 -99.999 -99.999 -99.999 -99.999 -99.999 -99.999 4.304 -99.999 2.304 -99.999 2.304 4.304 -99.999 -99.999 -99.999
107 T -99.999 -99.999 2.304 -99.999 -99.999 -99.999 -99.999 -99.999 -99.999 -99.999 2.304 -99.999 -99.999 -99.999 -99.999 -99.999 7.919 -99.999 -99.999 -99.999
108 I -99.999 -99.999 -99.999 -99.999 -99.999 -99.999 -99.999 -99.999 -99.999 6.304 4.304 -99.999 2.304 4.304 -99.999 -99.999 -99.999 -99.999 -99.999 -99.999
109 I -99.999 -99.999 -99.999 -99.999 4.304 -99.999 -99.999 -99.999 -99.999 5.474 4.304 -99.999 -99.999 2.304 -99.999 -99.999 -99.999 -99.999 -99.999 2.304
110 L -99.999 -99.999 -99.999 -99.999 -99.999 -99.999 -99.999 -99.999 -99.999 -99.999 6.304 -99.999 -99.999 5.474 -99.999 -99.999 2.304 -99.999 2.304 -99.999
111 Y -99.999 -99.999 -99.999 -99.999 -99.999 -99.999 -99.999 -99.999 -99.999 2.304 -99.999 -99.999 -99.999 2.304 -99.999 -99.999 -99.999 -99.999 7.919 -99.999
112 L 2.304 -99.999 -99.999 -99.999 -99.999 -99.999 -99.999 -99.999 -99.999 -99.999 6.304 -99.999 -99.999 4.304 -99.999 2.304 -99.999 -99.999 -99.999 2.304
113 L -99.999 -99.999 -99.999 -99.999 -99.999 -99.999 -99.999 -99.999 -99.999 2.304 6.948 -99.999 -99.999 4.304 -99.999 -99.999 -99.999 -99.999 -99.999 2.304
114 I -99.999 -99.999 -99.999 -99.999 -99.999 -99.999 -99.999 -99.999 -99.999 7.474 2.304 -99.999 2.304 -99.999 -99.999 -99.999 -99.999 -99.999 -99.999 2.304
115 F -99.999 -99.999 -99.999 -99.999 -99.999 -99.999 -99.999 -99.999 -99.999 2.304 2.304 -99.999 2.304 6.948 -99.999 -99.999 -99.999 -99.999 2.304 -99.999
116 I -99.999 -99.999 -99.999 -99.999 -99.999 -99.999 -99.999 -99.999 -99.999 5.474 4.304 -99.999 -99.999 4.304 -99.999 -99.999 -99.999 -99.999 -99.999 4.304
117 A 7.919 -99.999 -99.999 -99.999 -99.999 -99.999 -99.999 2.304 -99.999 -99.999 -99.999 -99.999 -99.999 -99.999 -99.999 2.304 -99.999 -99.999 -99.999 -99.999
118 A 6.304 -99.999 -99.999 -99.999 -99.999 -99.999 -99.999 2.304 -99.999 -99.999 -99.999 -99.999 -99.999 -99.999 -99.999 4.304 4.304 -99.999 -99.999 -99.999
119 I -99.999 -99.999 -99.999 -99.999 2.304 -99.999 -99.999 -99.999 -99.999 4.304 4.304 2.304 -99.999 -99.999 -99.999 2.304 -99.999 2.304 2.304 -99.999
120 N -99.999 -99.999 4.304 -99.999 2.304 -99.999 2.304 4.304 -99.999 -99.999 -99.999 2.304 -99.999 -99.999 -99.999 2.304 -99.999 -99.999 -99.999 2.304
121 I -99.999 -99.999 -99.999 -99.999 2.304 -99.999 -99.999 -99.999 -99.999 6.304 -99.999 -99.999 -99.999 -99.999 -99.999 2.304 -99.999 -99.999 -99.999 5.474
122 D -99.999 -99.999 2.304 5.474 -99.999 -99.999 4.304 -99.999 -99.999 -99.999 -99.999 -99.999 -99.999 -99.999 -99.999 4.304 2.304 -99.999 -99.999 -99.999
123 D 2.304 -99.999 -99.999 4.304 -99.999 -99.999 2.304 2.304 -99.999 -99.999 -99.999 4.304 -99.999 -99.999 -99.999 2.304 -99.999 -99.999 -99.999 2.304
124 R -99.999 6.948 2.304 -99.999 -99.999 -99.999 -99.999 2.304 -99.999 -99.999 -99.999 4.304 -99.999 -99.999 -99.999 -99.999 -99.999 -99.999 -99.999 -99.999
125 T -99.999 4.304 -99.999 -99.999 -99.999 -99.999 -99.999 -99.999 -99.999 -99.999 -99.999 2.304 2.304 -99.999 -99.999 -99.999 6.304 -99.999 2.304 -99.999
126 I -99.999 -99.999 2.304 -99.999 -99.999 -99.999 -99.999 -99.999 -99.999 7.474 -99.999 -99.999 -99.999 -99.999 -99.999 -99.999 -99.999 -99.999 -99.999 4.304
127 I -99.999 -99.999 -99.999 -99.999 -99.999 -99.999 -99.999 -99.999 -99.999 6.304 5.474 -99.999 2.304 -99.999 -99.999 -99.999 -99.999 -99.999 -99.999 2.304
128 K -99.999 2.304 -99.999 -99.999 -99.999 -99.999 -99.999 -99.999 -99.999 -99.999 -99.999 6.948 -99.999 2.304 -99.999 4.304 -99.999 -99.999 -99.999 -99.999
129 A 5.474 -99.999 -99.999 -99.999 -99.999 -99.999 -99.999 -99.999 -99.999 2.304 4.304 -99.999 -99.999 -99.999 -99.999 2.304 2.304 -99.999 -99.999 2.304
130 S 2.304 -99.999 -99.999 -99.999 -99.999 -99.999 -99.999 -99.999 -99.999 2.304 -99.999 -99.999 -99.999 -99.999 -99.999 6.948 4.304 -99.999 -99.999 -99.999
131 C 2.304 -99.999 -99.999 -99.999 4.304 -99.999 -99.999 -99.999 -99.999 4.304 2.304 -99.999 -99.999 2.304 -99.999 -99.999 2.304 -99.999 -99.999 2.304
132 I 2.304 2.304 -99.999 -99.999 2.304 -99.999 -99.999 -99.999 -99.999 5.474 2.304 -99.999 -99.999 4.304 -99.999 -99.999 -99.999 -99.999 -99.999 -99.999
133 I 5.474 -99.999 -99.999 -99.999 -99.999 -99.999 -99.999 -99.999 -99.999 6.304 -99.999 -99.999 -99.999 -99.999 -99.999 -99.999 2.304 -99.999 -99.999 2.304
134 Q -99.999 -99.999 -99.999 -99.999 -99.999 8.304 -99.999 -99.999 -99.999 -99.999 -99.999 2.304 -99.999 -99.999 -99.999 -99.999 -99.999 -99.999 -99.999 -99.999
135 G 4.304 -99.999 -99.999 -99.999 -99.999 -99.999 -99.999 5.474 -99.999 -99.999 -99.999 -99.999 -99.999 2.304 -99.999 5.474 -99.999 -99.999 -99.999 -99.999
136 F 2.304 -99.999 -99.999 -99.999 2.304 -99.999 -99.999 -99.999 -99.999 2.304 -99.999 -99.999 -99.999 6.304 -99.999 -99.999 -99.999 -99.999 -99.999 4.304
137 M -99.999 -99.999 -99.999 -99.999 -99.999 -99.999 -99.999 -99.999 -99.999 4.304 2.304 -99.999 5.474 4.304 -99.999 -99.999 2.304 -99.999 -99.999 -99.999
138 L -99.999 -99.999 -99.999 -99.999 -99.999 -99.999 -99.999 -99.999 -99.999 2.304 7.919 -99.999 -99.999 -99.999 -99.999 -99.999 -99.999 2.304 -99.999 -99.999
139 L 2.304 -99.999 -99.999 -99.999 -99.999 -99.999 -99.999 -99.999 -99.999 4.304 5.474 -99.999 2.304 2.304 -99.999 -99.999 -99.999 -99.999 -99.999 2.304
140 I -99.999 -99.999 -99.999 -99.999 -99.999 -99.999 -99.999 2.304 -99.999 6.304 -99.999 -99.999 2.304 2.304 -99.999 2.304 -99.999 -99.999 -99.999 2.304
141 T -99.999 -99.999 -99.999 -99.999 2.304 -99.999 -99.999 2.304 -99.999 4.304 -99.999 -99.999 -99.999 -99.999 -99.999 2.304 5.474 -99.999 -99.999 2.304
142 V -99.999 -99.999 -99.999 -99.999 -99.999 -99.999 -99.999 -99.999 -99.999 2.304 -99.999 -99.999 -99.999 -99.999 -99.999 -99.999 -99.999 -99.999 -99.999 8.304
143 I -99.999 -99.999 -99.999 -99.999 -99.999 -99.999 -99.999 2.304 -99.999 6.304 4.304 -99.999 -99.999 -99.999 -99.999 -99.999 -99.999 -99.999 -99.999 4.304
144 A 5.474 -99.999 -99.999 -99.999 -99.999 -99.999 -99.999 2.304 -99.999 -99.999 2.304 -99.999 2.304 -99.999 2.304 2.304 2.304 -99.999 -99.999 -99.999
145 S 4.304 -99.999 -99.999 -99.999 2.304 -99.999 -99.999 -99.999 -99.999 -99.999 -99.999 -99.999 -99.999 -99.999 -99.999 7.474 -99.999 -99.999 -99.999 -99.999
146 Q 2.304 4.304 -99.999 -99.999 -99.999 5.474 -99.999 -99.999 -99.999 -99.999 5.474 -99.999 -99.999 -99.999 -99.999 -99.999 -99.999 -99.999 -99.999 -99.999
147 I -99.999 -99.999 -99.999 -99.999 -99.999 -99.999 -99.999 -99.999 -99.999 5.474 2.304 -99.999 -99.999 -99.999 -99.999 2.304 4.304 -99.999 -99.999 4.304
148 G -99.999 -99.999 -99.999 -99.999 -99.999 -99.999 -99.999 8.644 -99.999 -99.999 -99.999 -99.999 -99.999 -99.999 -99.999 -99.999 -99.999 -99.999 -99.999 -99.999
149 I -99.999 -99.999 -99.999 -99.999 -99.999 -99.999 -99.999 -99.999 -99.999 6.948 2.304 -99.999 -99.999 -99.999 -99.999 -99.999 -99.999 -99.999 2.304 4.304
150 I -99.999 -99.999 2.304 -99.999 -99.999 -99.999 -99.999 -99.999 -99.999 6.948 -99.999 -99.999 2.304 -99.999 -99.999 -99.999 -99.999 -99.999 -99.999 4.304
151 E -99.999 -99.999 -99.999 -99.999 -99.999 2.304 6.304 -99.999 -99.999 -99.999 2.304 2.304 -99.999 -99.999 4.304 -99.999 -99.999 -99.999 -99.999 -99.999
152 D -99.999 -99.999 6.304 6.948 -99.999 -99.999 -99.999 -99.999 -99.999 -99.999 -99.999 -99.999 -99.999 -99.999 -99.999 -99.999 -99.999 -99.999 -99.999 -99.999
153 Y -99.999 -99.999 -99.999 -99.999 -99.999 2.304 -99.999 -99.999 2.304 -99.999 -99.999 -99.999 -99.999 -99.999 -99.999 -99.999 -99.999 -99.999 6.948 4.304
154 I -99.999 -99.999 -99.999 2.304 -99.999 -99.999 -99.999 -99.999 -99.999 6.948 2.304 -99.999 -99.999 -99.999 -99.999 -99.999 -99.999 -99.999 -99.999 4.304
155 F -99.999 4.304 -99.999 -99.999 -99.999 -99.999 -99.999 -99.999 -99.999 -99.999 -99.999 2.304 -99.999 7.474 -99.999 -99.999 -99.999 -99.999 -99.999 -99.999
156 D -99.999 -99.999 -99.999 6.304 -99.999 2.304 -99.999 2.304 -99.999 -99.999 2.304 -99.999 2.304 -99.999 -99.999 2.304 -99.999 -99.999 -99.999 -99.999
157 D 4.304 2.304 -99.999 6.948 -99.999 -99.999 2.304 -99.999 -99.999 -99.999 -99.999 -99.999 -99.999 -99.999 -99.999 -99.999 -99.999 -99.999 -99.999 -99.999
158 R -99.999 6.644 6.644 -99.999 -99.999 -99.999 -99.999 -99.999 -99.999 -99.999 -99.999 -99.999 -99.999 -99.999 -99.999 -99.999 -99.999 -99.999 -99.999 -99.999
159 G -99.999 -99.999 2.304 2.304 -99.999 -99.999 -99.999 5.474 -99.999 -99.999 2.304 2.304 -99.999 -99.999 -99.999 4.304 -99.999 -99.999 -99.999 -99.999
160 T -99.999 -99.999 2.304 2.304 -99.999 -99.999 -99.999 3.778 -99.999 -99.999 -99.999 -99.999 2.304 -99.999 -99.999 -0.866 6.304 -99.999 -99.999 -99.999
161 R -99.999 8.644 -99.999 -99.999 -99.999 -99.999 -99.999 -99.999 -99.999 -99.999 -99.999 -99.999 -99.999 -99.999 -99.999 -99.999 -99.999 -99.999 -99.999 -99.999
162 I -99.999 2.304 2.304 -99.999 -99.999 2.304 -99.999 -99.999 2.304 4.304 -99.999 2.304 -99.999 -99.999 -99.999 -99.999 -99.999 -99.999 -99.999 4.304
163 R -99.999 8.644 -99.999 -99.999 -99.999 -99.999 -99.999 -99.999 -99.999 -99.999 -99.999 -99.999 -99.999 -99.999 -99.999 -99.999 -99.999 -99.999 -99.999 -99.999
164 H -99.999 -99.999 -99.999 2.304 -99.999 -99.999 -99.999 -99.999 7.474 -99.999 -99.999 -99.999 2.304 -99.999 -99.999 -99.999 -99.999 -99.999 2.304 -99.999
165 G 2.304 -99.999 -99.999 -99.999 -99.999 -99.999 -99.999 6.304 -99.999 -99.999 -99.999 -99.999 2.304 5.474 -99.999 -99.999 -99.999 -99.999 -99.999 -99.999
166 L -99.999 -99.999 -99.999 -99.999 -99.999 -99.999 -99.999 -99.999 -99.999 -99.999 8.304 -99.999 2.304 -99.999 -99.999 -99.999 -99.999 -99.999 -99.999 -99.999
167 G -99.999 -99.999 -99.999 -99.999 -99.999 -99.999 -99.999 8.644 -99.999 -99.999 -99.999 -99.999 -99.999 -99.999 -99.999 -99.999 -99.999 -99.999 -99.999 -99.999
168 F -99.999 -99.999 -99.999 -99.999 -99.999 -99.999 -99.999 -99.999 -99.999 -99.999 -99.999 -99.999 -99.999 8.644 -99.999 -99.999 -99.999 -99.999 -99.999 -99.999
169 S 2.304 -99.999 -99.999 -99.999 -99.999 2.304 2.304 -99.999 -99.999 -99.999 2.304 -99.999 -99.999 -99.999 -99.999 5.474 4.304 -99.999 -99.999 -99.999
170 W -99.999 -99.999 -99.999 -99.999 -99.999 -99.999 -99.999 -99.999 -99.999 -99.999 -99.999 -99.999 -99.999 -99.999 -99.999 -99.999 -99.999 8.644 -99.999 -99.999
171 T 2.304 -99.999 -99.999 -99.999 2.304 -99.999 -99.999 -99.999 -99.999 -99.999 -99.999 -99.999 -99.999 -99.999 -99.999 -99.999 7.474 -99.999 -99.999 2.304
172 T -99.999 -99.999 -99.999 -99.999 -99.999 -99.999 -99.999 -99.999 -99.999 -99.999 -99.999 -99.999 -99.999 -99.999 -99.999 -99.999 8.644 -99.999 -99.999 -99.999
173 T -99.999 -99.999 -99.999 -99.999 -99.999 -99.999 -99.999 -99.999 -99.999 -99.999 -99.999 -99.999 -99.999 -99.999 -99.999 -99.999 8.644 -99.999 -99.999 -99.999
174 G 2.304 -99.999 -99.999 -99.999 -99.999 -99.999 -99.999 7.474 -99.999 -99.999 2.304 -99.999 -99.999 -99.999 2.304 -99.999 -99.999 -99.999 -99.999 -99.999
175 P 4.304 -99.999 -99.999 -99.999 -99.999 -99.999 -99.999 -99.999 -99.999 -99.999 -99.999 -99.999 -99.999 -99.999 6.948 -99.999 4.304 -99.999 -99.999 -99.999
176 I -99.999 -99.999 -99.999 -99.999 -99.999 -99.999 -99.999 -99.999 -99.999 8.644 -99.999 -99.999 -99.999 -99.999 -99.999 -99.999 -99.999 -99.999 -99.999 -99.999
177 L -99.999 -99.999 -99.999 -99.999 -99.999 -99.999 -99.999 -99.999 -99.999 2.304 7.474 -99.999 2.304 -99.999 -99.999 -99.999 -99.999 -99.999 -99.999 2.304
178 F -99.999 -99.999 -99.999 -99.999 -99.999 -99.999 -99.999 -99.999 -99.999 -99.999 -99.999 -99.999 -99.999 7.919 -99.999 -99.999 -99.999 -99.999 4.304 -99.999
179 F -99.999 -99.999 -99.999 -99.999 -99.999 -99.999 -99.999 -99.999 -99.999 -99.999 5.474 -99.999 -99.999 6.304 -99.999 -99.999 -99.999 -99.999 2.304 2.304
180 F -99.999 -99.999 -99.999 -99.999 -99.999 -99.999 -99.999 -99.999 2.304 -99.999 -99.999 -99.999 -99.999 6.948 -99.999 -99.999 -99.999 -99.999 5.474 -99.999
181 I -99.999 -99.999 -99.999 -99.999 -99.999 -99.999 -99.999 -99.999 -99.999 6.948 2.304 -99.999 2.304 4.304 -99.999 -99.999 -99.999 -99.999 -99.999 -99.999
182 M 2.304 -99.999 -99.999 -99.999 -99.999 -99.999 -99.999 -99.999 -99.999 2.304 2.304 -99.999 4.304 2.304 -99.999 2.304 -99.999 -99.999 -99.999 4.304
183 L -99.999 -99.999 -99.999 -99.999 -99.999 -99.999 -99.999 -99.999 -99.999 -99.999 7.474 -99.999 -99.999 4.304 -99.999 -99.999 -99.999 -99.999 -99.999 2.304
184 Q -99.999 -99.999 -99.999 -99.999 -99.999 5.474 4.304 4.304 -99.999 -99.999 2.304 -99.999 -99.999 -99.999 -99.999 2.304 -99.999 -99.999 -99.999 -99.999
185 Y -99.999 -99.999 -99.999 -99.999 -99.999 -99.999 -99.999 -99.999 -99.999 -99.999 -99.999 -99.999 -99.999 2.304 -99.999 -99.999 -99.999 -99.999 7.919 2.304
186 I -99.999 -99.999 -99.999 -99.999 -99.999 -99.999 -99.999 -99.999 -99.999 8.304 -99.999 -99.999 2.304 -99.999 -99.999 -99.999 -99.999 -99.999 -99.999 -99.999
187 Y -99.999 -99.999 -99.999 -99.999 -99.999 -99.999 -99.999 -99.999 -99.999 2.304 -99.999 -99.999 -99.999 -99.999 -99.999 -99.999 -99.999 -99.999 8.304 -99.999
188 L -99.999 -99.999 -99.999 -99.999 -99.999 -99.999 -99.999 -99.999 -99.999 4.304 7.919 -99.999 -99.999 -99.999 -99.999 -99.999 -99.999 -99.999 -99.999 -99.999
189 R -99.999 7.474 -99.999 -99.999 -99.999 -99.999 -99.999 -99.999 -99.999 -99.999 -99.999 5.474 -99.999 -99.999 -99.999 -99.999 -99.999 -99.999 -99.999 -99.999
190 R -99.999 5.474 -99.999 -99.999 -99.999 -99.999 4.304 2.304 -99.999 -99.999 -99.999 5.474 -99.999 -99.999 -99.999 -99.999 -99.999 -99.999 -99.999 -99.999
191 E -99.999 2.304 -99.999 -99.999 -99.999 -99.999 6.304 5.474 -99.999 -99.999 -99.999 2.304 -99.999 -99.999 -99.999 -99.999 -99.999 -99.999 -99.999 -99.999
192 K -99.999 5.474 -99.999 -99.999 -99.999 -99.999 -99.999 -99.999 -99.999 -99.999 -99.999 7.474 -99.999 -99.999 -99.999 -99.999 -99.999 -99.999 -99.999 -99.999
193 I 2.304 -99.999 -99.999 -99.999 -99.999 -99.999 -99.999 -99.999 -99.999 5.474 4.304 -99.999 -99.999 4.304 -99.999 -99.999 -99.999 -99.999 -99.999 2.304
194 N -99.999 -99.999 4.304 -99.999 -99.999 -99.999 -99.999 2.304 2.304 -99.999 -99.999 4.304 -99.999 -99.999 -99.999 4.304 2.304 -99.999 -99.999 -99.999
195 I -99.999 -99.999 2.304 -99.999 -99.999 -99.999 -99.999 -99.999 -99.999 4.304 2.304 -99.999 -99.999 4.304 -99.999 -99.999 -99.999 2.304 -99.999 4.304
196 I -99.999 -99.999 -99.999 -99.999 -99.999 -99.999 -99.999 2.304 -99.999 6.304 4.304 -99.999 -99.999 -99.999 -99.999 -99.999 -99.999 2.304 2.304 -99.999
197 E -99.999 -99.999 2.304 -99.999 -99.999 -99.999 8.304 -99.999 -99.999 -99.999 -99.999 -99.999 -99.999 -99.999 -99.999 -99.999 -99.999 -99.999 -99.999 -99.999
198 Y 4.304 -99.999 -99.999 2.304 -99.999 -99.999 -99.999 -99.999 -99.999 2.304 -99.999 -99.999 -99.999 4.304 -99.999 -99.999 -99.999 -99.999 5.474 -99.999
199 I 2.304 -99.999 -99.999 -99.999 -99.999 -99.999 -99.999 -99.999 -99.999 6.304 2.304 -99.999 2.304 -99.999 -99.999 -99.999 -99.999 -99.999 -99.999 4.304
200 I -99.999 -99.999 -99.999 -99.999 2.304 -99.999 -99.999 -99.999 -99.999 6.304 5.474 -99.999 2.304 -99.999 -99.999 -99.999 -99.999 -99.999 -99.999 -99.999
201 L 4.304 -99.999 -99.999 -99.999 -99.999 -99.999 -99.999 -99.999 -99.999 2.304 6.948 -99.999 -99.999 2.304 -99.999 -99.999 -99.999 -99.999 -99.999 -99.999
202 E -99.999 -99.999 4.304 -99.999 -99.999 -99.999 6.304 -99.999 -99.999 -99.999 5.134 -99.999 -99.999 -0.866 -99.999 -99.999 -99.999 -99.999 -99.999 -99.999
203 V 2.304 -99.999 -99.999 -99.999 -99.999 -99.999 -99.999 4.304 -99.999 2.304 2.304 -99.999 -99.999 -99.999 -99.999 -99.999 -99.999 -99.999 -99.999 6.304
204 I -99.999 -99.999 -99.999 -99.999 -99.999 -99.999 -99.999 -99.999 -99.999 7.474 -99.999 -99.999 -99.999 -99.999 -99.999 -99.999 -99.999 -99.999 -99.999 5.474
205 N -99.999 -99.999 7.474 -99.999 -99.999 -99.999 -99.999 -99.999 2.304 -99.999 -99.999 -99.999 -99.999 -99.999 -99.999 4.304 -99.999 -99.999 -99.999 -99.999
206 I -99.999 -99.999 -99.999 -99.999 -99.999 -99.999 -99.999 -99.999 -99.999 5.474 2.304 -99.999 -99.999 4.304 -99.999 -99.999 -99.999 -99.999 4.304 2.304
207 I -99.999 -99.999 -99.999 -99.999 -99.999 -99.999 -99.999 2.304 -99.999 4.304 4.304 -99.999 -99.999 -99.999 -99.999 -99.999 2.304 2.304 2.304 2.304
208 L -99.999 -99.999 -99.999 -99.999 -99.999 -99.999 -99.999 -99.999 -99.999 2.304 6.304 -99.999 -99.999 6.304 -99.999 -99.999 -99.999 -99.999 -99.999 -99.999
209 Y -99.999 -99.999 -99.999 -99.999 -99.999 -99.999 -99.999 -99.999 -99.999 -99.999 -99.999 -99.999 -99.999 2.304 -99.999 -99.999 -99.999 -99.999 8.304 -99.999
210 I -99.999 4.304 -99.999 -99.999 -99.999 2.304 -99.999 -99.999 -99.999 5.474 -99.999 4.304 -99.999 -99.999 -99.999 -99.999 2.304 -99.999 -99.999 -99.999
211 L -99.999 -99.999 -99.999 -99.999 -99.999 2.304 -99.999 -99.999 -99.999 -99.999 5.474 -99.999 4.304 2.304 -99.999 -99.999 -99.999 -99.999 4.304 -99.999
212 T -99.999 -99.999 -99.999 -99.999 -99.999 -99.999 -99.999 -99.999 -99.999 -99.999 -99.999 -99.999 -99.999 -99.999 -99.999 -99.999 8.644 -99.999 -99.999 -99.999
213 D -99.999 -99.999 4.304 7.919 -99.999 -99.999 -99.999 -99.999 -99.999 -99.999 -99.999 -99.999 -99.999 -99.999 -99.999 -99.999 -99.999 -99.999 -99.999 -99.999
214 T 2.304 -99.999 -99.999 -99.999 -99.999 -99.999 -99.999 -99.999 -99.999 -99.999 -99.999 -99.999 -99.999 -99.999 -99.999 5.474 6.948 -99.999 -99.999 -99.999
215 R -99.999 8.304 -99.999 -99.999 -99.999 -99.999 -99.999 -99.999 -99.999 -99.999 -99.999 -99.999 -99.999 -99.999 -99.999 2.304 -99.999 -99.999 -99.999 -99.999
216 M -99.999 -99.999 -99.999 -99.999 -99.999 -99.999 -99.999 -99.999 -99.999 -99.999 -99.999 -99.999 7.919 4.304 -99.999 -99.999 -99.999 -99.999 -99.999 -99.999
217 A 5.474 -99.999 -99.999 -99.999 2.304 -99.999 -99.999 -99.999 -99.999 -99.999 -99.999 -99.999 -99.999 -99.999 -99.999 2.304 2.304 -99.999 -99.999 5.474
218 F -99.999 -99.999 -99.999 -99.999 -99.999 -99.999 -99.999 -99.999 -99.999 -99.999 -99.999 -99.999 -99.999 8.644 -99.999 -99.999 -99.999 -99.999 -99.999 -99.999
219 Y 2.304 -99.999 -99.999 -99.999 -99.999 -99.999 -99.999 -99.999 -99.999 -99.999 4.304 -99.999 2.304 -99.999 -99.999 -99.999 -99.999 -99.999 5.474 4.304
220 I -99.999 -99.999 -99.999 -99.999 -99.999 -99.999 -99.999 -99.999 -99.999 5.474 5.474 -99.999 2.304 -99.999 -99.999 -99.999 2.304 -99.999 -99.999 2.304
221 S -99.999 -99.999 -99.999 -99.999 -99.999 -99.999 -99.999 2.304 -99.999 4.304 -99.999 -99.999 -99.999 -99.999 -99.999 6.948 2.304 -99.999 -99.999 -99.999
222 T -99.999 -99.999 -99.999 -99.999 -99.999 -99.999 -99.999 -99.999 -99.999 4.304 4.304 -99.999 -99.999 -99.999 -99.999 -99.999 6.304 -99.999 -99.999 2.304
223 L 4.304 -99.999 -99.999 -99.999 -99.999 -99.999 -99.999 2.304 -99.999 3.778 6.304 -99.999 -99.999 -99.999 -99.999 -99.999 -99.999 -99.999 -99.999 -0.866
224 F 4.304 -99.999 -99.999 -99.999 -99.999 -99.999 -99.999 -99.999 -99.999 -99.999 2.304 -99.999 -99.999 5.474 -99.999 4.304 2.304 -99.999 -99.999 -99.999
225 L -99.999 -99.999 -99.999 -99.999 -99.999 -99.999 -99.999 -99.999 -99.999 4.304 6.304 -99.999 -99.999 -99.999 -99.999 -99.999 4.304 -99.999 -99.999 2.304
226 I 2.304 -99.999 -99.999 -99.999 -99.999 -99.999 -99.999 -99.999 -99.999 5.474 4.304 -99.999 -99.999 -99.999 -99.999 -99.999 2.304 -99.999 -99.999 4.304
227 F -99.999 -99.999 -99.999 -99.999 2.304 -99.999 -99.999 -99.999 -99.999 2.304 -99.999 -99.999 -99.999 6.948 -99.999 -99.999 -99.999 -99.999 4.304 -99.999
228 F -99.999 -99.999 -99.999 -99.999 -99.999 -99.999 -99.999 -99.999 -99.999 -99.999 -99.999 -99.999 -99.999 7.919 -99.999 -99.999 2.304 -99.999 -99.999 2.304
229 A 5.474 -99.999 -99.999 -99.999 -99.999 -99.999 -99.999 -99.999 -99.999 2.304 4.304 -99.999 -99.999 -99.999 -99.999 2.304 -99.999 2.304 2.304 -99.999
230 I -99.999 -99.999 -99.999 -99.999 -99.999 -99.999 -99.999 -99.999 -99.999 6.948 2.304 -99.999 -99.999 -99.999 -99.999 -99.999 -99.999 -99.999 -99.999 5.474
231 Q -99.999 -99.999 2.304 -99.999 -99.999 4.304 -99.999 -99.999 -99.999 -99.999 2.304 -99.999 2.304 4.304 -99.999 -99.999 -99.999 -99.999 2.304 2.304
232 R -99.999 6.304 4.304 -99.999 -99.999 -99.999 -99.999 4.304 -99.999 -99.999 -99.999 -99.999 -99.999 -99.999 -99.999 2.304 -99.999 -99.999 -99.999 -99.999
233 D -99.999 -99.999 -99.999 8.644 -99.999 -99.999 -99.999 -99.999 -99.999 -99.999 -99.999 -99.999 -99.999 -99.999 -99.999 -99.999 -99.999 -99.999 -99.999 -99.999
234 L -99.999 -99.999 -99.999 -99.999 -99.999 -99.999 -99.999 -99.999 2.304 -99.999 6.304 -99.999 -99.999 2.304 -99.999 -99.999 -99.999 -99.999 2.304 4.304
235 N 2.304 -99.999 4.304 -99.999 -99.999 -99.999 2.304 2.304 -99.999 2.304 2.304 -99.999 -99.999 -99.999 -99.999 -99.999 -99.999 2.304 2.304 -99.999
236 K -99.999 2.304 -99.999 2.304 2.304 -99.999 2.304 -99.999 -99.999 -99.999 -99.999 5.474 -99.999 -99.999 -99.999 -99.999 -99.999 2.304 -99.999 2.304
237 Q -99.999 -99.999 -99.999 -99.999 -99.999 8.644 -99.999 -99.999 -99.999 -99.999 -99.999 -99.999 -99.999 -99.999 -99.999 -99.999 -99.999 -99.999 -99.999 -99.999
238 N -99.999 2.304 6.948 -99.999 -99.999 -99.999 -99.999 -99.999 -99.999 2.304 -99.999 4.304 -99.999 -99.999 -99.999 -99.999 -99.999 -99.999 -99.999 -99.999
239 R -99.999 5.474 4.304 -99.999 -99.999 -99.999 -99.999 -99.999 -99.999 -99.999 -99.999 4.304 -99.999 -99.999 2.304 -99.999 -99.999 -99.999 -99.999 2.304
240 I -99.999 -99.999 -99.999 -99.999 -99.999 -99.999 -99.999 -99.999 -99.999 8.644 -99.999 -99.999 -99.999 -99.999 -99.999 -99.999 -99.999 -99.999 -99.999 -99.999
241 G -99.999 -99.999 -99.999 2.304 -99.999 -99.999 -99.999 5.474 -99.999 -99.999 -99.999 4.304 -99.999 2.304 -99.999 -99.999 -99.999 4.304 -99.999 -99.999
242 R -99.999 6.948 2.304 -99.999 -99.999 -99.999 -99.999 -99.999 -99.999 -99.999 2.304 -99.999 -99.999 2.304 -99.999 2.304 -99.999 -99.999 -99.999 -99.999
243 I -99.999 2.304 -99.999 -99.999 -99.999 -99.999 -99.999 -99.999 -99.999 6.304 2.304 2.304 -99.999 2.304 -99.999 -99.999 -99.999 -99.999 -99.999 2.304
244 I -99.999 -99.999 2.304 -99.999 -99.999 -99.999 -99.999 -99.999 -99.999 4.304 2.304 -99.999 4.304 -99.999 -99.999 2.304 2.304 -99.999 -99.999 2.304
245 R -99.999 6.948 -99.999 -99.999 -99.999 2.304 2.304 -99.999 2.304 -99.999 -99.999 -99.999 -99.999 -99.999 -99.999 2.304 -99.999 -99.999 -99.999 -99.999
246 K -99.999 -99.999 -99.999 -99.999 -99.999 -99.999 -99.999 -99.999 -99.999 -99.999 2.304 7.474 -99.999 -99.999 -99.999 -99.999 -99.999 2.304 -99.999 2.304
247 L -99.999 -99.999 2.304 -99.999 -99.999 -99.999 -99.999 -99.999 -99.999 2.304 6.304 -99.999 -99.999 5.474 -99.999 -99.999 -99.999 -99.999 -99.999 -99.999
248 K -99.999 4.644 -99.999 -99.999 -99.999 -99.999 2.644 -99.999 -99.999 -99.999 -99.999 7.288 -99.999 -99.999 -99.999 -99.999 -99.999 -99.999 -99.999 -99.999
249 G -99.999 2.304 -99.999 -99.999 -99.999 -99.999 -99.999 4.304 -99.999 2.304 2.304 2.304 -99.999 -99.999 -99.999 -99.999 -99.999 4.304 2.304 -99.999
250 I 2.304 -99.999 -99.999 -99.999 -99.999 -99.999 -99.999 -99.999 -99.999 5.474 4.304 -99.999 -99.999 -99.999 2.304 -99.999 -99.999 -99.999 -99.999 4.304
251 F -99.999 -99.999 -99.999 -99.999 -99.999 -99.999 -99.999 -99.999 -99.999 -99.999 2.304 -99.999 -99.999 5.474 -99.999 -99.999 4.304 4.304 2.304 -99.999
252 I -99.999 -99.999 -99.999 -99.999 -99.999 -99.999 -99.999 -99.999 -99.999 6.304 4.304 -99.999 -99.999 2.304 4.304 -99.999 -99.999 -99.999 -99.999 -99.999
253 M 4.304 -99.999 -99.999 -99.999 -99.999 -99.999 -99.999 2.304 -99.999 -99.999 4.304 -99.999 6.304 -99.999 -99.999 -99.999 -99.999 -99.999 -99.999 -99.999
254 I 2.304 -99.999 -99.999 -99.999 -99.999 -99.999 -99.999 -99.999 -99.999 4.304 4.304 -99.999 4.304 -99.999 -99.999 2.304 -99.999 -99.999 -99.999 2.304
255 P -99.999 -99.999 -99.999 -99.999 -99.999 -99.999 -99.999 -99.999 -99.999 -99.999 -99.999 -99.999 -99.999 -99.999 8.644 -99.999 -99.999 -99.999 -99.999 -99.999
256 T 2.304 -99.999 -99.999 -99.999 -99.999 -99.999 -99.999 -99.999 -99.999 2.304 2.304 -99.999 -99.999 2.304 -99.999 -99.999 4.304 4.304 -99.999 2.304
257 I 2.304 -99.999 -99.999 -99.999 -99.999 -99.999 -99.999 -99.999 -99.999 6.304 -99.999 -99.999 -99.999 4.304 -99.999 -99.999 -99.999 -99.999 -99.999 4.304
258 L -99.999 -99.999 -99.999 -99.999 4.304 -99.999 -99.999 -99.999 -99.999 2.304 6.304 -99.999 -99.999 2.304 -99.999 -99.999 1.134 -99.999 -99.999 -0.866
259 A 7.474 -99.999 -99.999 -99.999 4.304 -99.999 -99.999 -99.999 -99.999 -99.999 -99.999 -99.999 -99.999 2.304 -99.999 -99.999 -99.999 -99.999 -99.999 -99.999
260 I -99.999 -99.999 -99.999 -99.999 -99.999 -99.999 -99.999 4.304 -99.999 5.474 2.304 -99.999 -99.999 -99.999 -99.999 -99.999 -99.999 -99.999 -99.999 5.474
261 L -99.999 -99.999 -99.999 -99.999 2.304 -99.999 -99.999 -99.999 -99.999 2.304 5.474 -99.999 2.304 4.304 -99.999 -99.999 -99.999 -99.999 -99.999 2.304
262 S 5.474 -99.999 -99.999 -99.999 -99.999 -99.999 -99.999 -99.999 -99.999 -99.999 -99.999 -99.999 -99.999 -99.999 -99.999 6.948 2.304 -99.999 -99.999 -99.999
263 I -99.999 -99.999 -99.999 -99.999 2.304 -99.999 -99.999 -99.999 -99.999 6.304 -99.999 -99.999 -99.999 2.304 -99.999 -99.999 -99.999 -99.999 -99.999 5.474
264 Y 2.304 -99.999 -99.999 -99.999 -99.999 -99.999 -99.999 2.304 -99.999 -99.999 4.304 -99.999 -99.999 -99.999 -99.999 -99.999 -99.999 2.304 5.474 2.304
265 L 2.304 -99.999 -99.999 -99.999 2.304 -99.999 -99.999 -99.999 -99.999 -99.999 4.304 -99.999 2.304 4.304 -99.999 2.304 2.304 -99.999 -99.999 -99.999
266 Q 4.304 -99.999 -99.999 -99.999 -99.999 5.474 -99.999 -99.999 4.304 -99.999 -99.999 -99.999 -99.999 -99.999 -99.999 -99.999 2.304 -99.999 2.304 -99.999
267 I 2.304 -99.999 -99.999 -99.999 2.304 -99.999 -99.999 -99.999 -99.999 5.474 -99.999 4.304 -99.999 -99.999 -99.999 -99.999 -99.999 -99.999 2.304 2.304
268 F 2.304 -99.999 2.304 -99.999 -99.999 -99.999 -99.999 -99.999 -99.999 4.304 -99.999 -99.999 2.304 5.474 -99.999 -99.999 -99.999 -99.999 2.304 -99.999
269 Y -99.999 -99.999 -99.999 -99.999 -99.999 -99.999 -99.999 -99.999 -99.999 -99.999 -99.999 -99.999 -99.999 4.304 -99.999 -99.999 -99.999 -99.999 7.919 -99.999
270 N -99.999 -99.999 6.948 4.304 -99.999 -99.999 -99.999 -99.999 -99.999 2.304 -99.999 -99.999 -99.999 -99.999 -99.999 -99.999 -99.999 -99.999 -99.999 2.304
271 E -99.999 -99.999 -99.999 -99.999 -99.999 2.304 6.304 2.304 -99.999 -99.999 -99.999 -99.999 -99.999 -99.999 4.304 -99.999 2.304 -99.999 -99.999 -99.999
272 N -99.999 -99.999 4.304 2.304 -99.999 2.304 -99.999 4.304 -99.999 -99.999 -99.999 2.304 -99.999 -99.999 -99.999 2.304 2.304 -99.999 -99.999 -99.999
273 N -99.999 -99.999 6.948 4.304 -99.999 2.304 -99.999 -99.999 -99.999 -99.999 -99.999 -99.999 -99.999 -99.999 -99.999 2.304 -99.999 -99.999 -99.999 -99.999
274 A 4.304 2.304 -99.999 -99.999 -99.999 -99.999 -99.999 2.304 2.304 -99.999 -99.999 2.304 -99.999 -99.999 -99.999 -99.999 4.304 2.304 -99.999 -99.999
275 I -99.999 2.304 -99.999 -99.999 -99.999 -99.999 -99.999 -99.999 -99.999 5.474 2.304 -99.999 2.304 2.304 -99.999 -99.999 2.304 -99.999 -99.999 2.304
276 W -99.999 -99.999 -99.999 -99.999 -99.999 -99.999 -99.999 -99.999 -99.999 -99.999 2.304 -99.999 -99.999 4.304 -99.999 -99.999 -99.999 6.948 2.304 -99.999
277 E 2.304 -99.999 -99.999 -99.999 -99.999 2.304 4.304 -99.999 -99.999 -99.999 2.304 2.304 -99.999 4.304 -99.999 -99.999 -99.999 -99.999 -99.999 2.304
278 K 2.304 2.304 -99.999 -99.999 -99.999 2.304 -99.999 -99.999 -99.999 -99.999 -99.999 5.474 2.304 -99.999 -99.999 2.304 -99.999 -99.999 -99.999 2.304
279 L 4.304 -99.999 -99.999 -99.999 -99.999 -99.999 -99.999 -99.999 -99.999 4.304 5.474 -99.999 -99.999 2.304 -99.999 -99.999 -99.999 -99.999 -99.999 2.304
280 N -99.999 -99.999 8.644 -99.999 -99.999 -99.999 -99.999 -99.999 -99.999 -99.999 -99.999 -99.999 -99.999 -99.999 -99.999 -99.999 -99.999 -99.999 -99.999 -99.999
281 K 2.304 -99.999 2.304 -99.999 -99.999 -99.999 2.304 -99.999 -99.999 -99.999 -99.999 6.948 -99.999 -99.999 -99.999 2.304 -99.999 -99.999 -99.999 -99.999
282 L -99.999 -99.999 -99.999 -99.999 -99.999 -99.999 -99.999 -99.999 -99.999 -99.999 6.948 -99.999 -99.999 4.304 -99.999 2.304 -99.999 -99.999 -99.999 2.304
283 L -99.999 -99.999 -99.999 -99.999 -99.999 -99.999 -99.999 -99.999 -99.999 -99.999 8.304 -99.999 -99.999 -99.999 -99.999 -99.999 -99.999 -99.999 -99.999 2.304
284 S -99.999 -99.999 -99.999 -99.999 -99.999 -99.999 -99.999 -99.999 2.304 -99.999 -99.999 -99.999 -99.999 -99.999 -99.999 8.304 -99.999 -99.999 -99.999 -99.999
285 G -99.999 -99.999 6.304 -99.999 -99.999 -99.999 -99.999 6.948 -99.999 -99.999 -99.999 -99.999 -99.999 -99.999 -99.999 -99.999 -99.999 -99.999 -99.999 -99.999
286 R -99.999 8.644 -99.999 -99.999 -99.999 -99.999 -99.999 -99.999 -99.999 -99.999 -99.999 -99.999 -99.999 -99.999 -99.999 -99.999 -99.999 -99.999 -99.999 -99.999
287 L -99.999 -99.999 -99.999 -99.999 -99.999 -99.999 -99.999 -99.999 -99.999 -99.999 8.644 -99.999 -99.999 -99.999 -99.999 -99.999 -99.999 -99.999 -99.999 -99.999
288 M 2.304 -99.999 2.304 -99.999 -99.999 -99.999 2.304 2.304 -99.999 -99.999 -99.999 2.304 4.304 -99.999 -99.999 -99.999 -99.999 -99.999 4.304 -99.999
289 L -99.999 -99.999 -99.999 -99.999 -99.999 -99.999 -99.999 -99.999 -99.999 -99.999 8.304 -99.999 -99.999 -99.999 -99.999 -99.999 -99.999 -99.999 2.304 -99.999
290 G -99.999 -99.999 -99.999 -99.999 -99.999 -99.999 -99.999 8.644 -99.999 -99.999 -99.999 -99.999 -99.999 -99.999 -99.999 -99.999 -99.999 -99.999 -99.999 -99.999
291 H -99.999 -99.999 2.304 -99.999 2.304 4.304 -99.999 -99.999 5.474 -99.999 -99.999 -99.999 -99.999 2.304 -99.999 2.304 -99.999 -99.999 -99.999 -99.999
292 N -99.999 2.304 5.474 2.304 -99.999 2.304 -99.999 -99.999 -99.999 -99.999 2.304 -99.999 -99.999 2.304 -99.999 2.304 -99.999 -99.999 -99.999 -99.999
293 A 7.919 -99.999 -99.999 -99.999 -99.999 -99.999 -99.999 4.304 -99.999 -99.999 -99.999 -99.999 -99.999 -99.999 -99.999 -99.999 -99.999 -99.999 -99.999 -99.999
294 I -99.999 -99.999 -99.999 -99.999 -99.999 -99.999 -99.999 -99.999 -99.999 7.474 -99.999 -99.999 2.304 2.304 -99.999 -99.999 -99.999 2.304 -99.999 -99.999
295 K -99.999 4.304 -99.999 -99.999 -99.999 2.304 -99.999 -99.999 -99.999 -99.999 -99.999 6.948 -99.999 -99.999 -99.999 2.304 -99.999 -99.999 -99.999 -99.999
296 E -99.999 -99.999 2.304 2.304 -99.999 2.304 5.134 -99.999 -99.999 -99.999 -99.999 4.749 2.304 -99.999 -99.999 -99.999 -99.999 -99.999 -99.999 -99.999
297 Y -99.999 -99.999 -99.999 -99.999 -99.999 -99.999 -99.999 -99.999 -99.999 -99.999 -99.999 -99.999 2.304 -99.999 -99.999 -99.999 -99.999 -99.999 8.304 -99.999
298 G -99.999 -99.999 -99.999 -99.999 -99.999 -99.999 -99.999 8.644 -99.999 -99.999 -99.999 -99.999 -99.999 -99.999 -99.999 -99.999 -99.999 -99.999 -99.999 -99.999
299 I -99.999 -99.999 -99.999 -99.999 -99.999 -99.999 -99.999 -99.999 -99.999 6.948 -99.999 -99.999 -99.999 6.304 -99.999 -99.999 -99.999 -99.999 -99.999 -99.999
300 T -99.999 -99.999 -99.999 -99.999 -99.999 -99.999 -99.999 -99.999 4.304 -99.999 -99.999 -99.999 -99.999 -99.999 -99.999 5.474 6.304 -99.999 -99.999 -99.999
301 L -99.999 -99.999 -99.999 -99.999 -99.999 -99.999 -99.999 -99.999 -99.999 -99.999 7.919 -99.999 2.304 -99.999 -99.999 -99.999 -99.999 -99.999 -99.999 2.304
302 F -99.999 -99.999 -99.999 -99.999 -99.999 -99.999 -99.999 -99.999 -99.999 -99.999 4.304 -99.999 -99.999 7.919 -99.999 -99.999 -99.999 -99.999 -99.999 -99.999
303 G -99.999 -99.999 -99.999 -99.999 -99.999 -99.999 -99.999 8.644 -99.999 -99.999 -99.999 -99.999 -99.999 -99.999 -99.999 -99.999 -99.999 -99.999 -99.999 -99.999
304 Q -99.999 2.304 -99.999 -99.999 -99.999 6.948 -99.999 -99.999 -99.999 -99.999 -99.999 2.304 -99.999 -99.999 -99.999 -99.999 4.304 -99.999 -99.999 -99.999
305 K -99.999 -99.999 -99.999 2.304 -99.999 -99.999 2.304 -99.999 -99.999 -99.999 -99.999 6.304 -99.999 -99.999 5.474 -99.999 -99.999 -99.999 -99.999 -99.999
306 I -99.999 -99.999 -99.999 -99.999 -99.999 -99.999 -99.999 -99.999 -99.999 7.919 -99.999 -99.999 2.304 -99.999 -99.999 -99.999 -99.999 -99.999 -99.999 2.304
307 E -99.999 -99.999 -99.999 -99.999 -99.999 -99.999 6.948 -99.999 -99.999 -99.999 -99.999 5.474 -99.999 -99.999 -99.999 -99.999 -99.999 -99.999 -99.999 2.304
308 W -99.999 -99.999 -99.999 -99.999 -99.999 -99.999 -99.999 -99.999 -99.999 -99.999 -99.999 -99.999 -99.999 -99.999 -99.999 -99.999 -99.999 8.644 -99.999 -99.999
309 I -99.999 -99.999 -99.999 -99.999 -99.999 -99.999 -99.999 -99.999 -99.999 6.948 -99.999 -99.999 2.304 -99.999 -99.999 -99.999 -99.999 -99.999 -99.999 5.474
310 G -99.999 -99.999 -99.999 -99.999 -99.999 -99.999 -99.999 8.644 -99.999 -99.999 -99.999 -99.999 -99.999 -99.999 -99.999 -99.999 -99.999 -99.999 -99.999 -99.999
311 F -99.999 -99.999 2.304 -99.999 -99.999 -99.999 -99.999 -99.999 2.304 -99.999 -99.999 -99.999 -99.999 5.474 -99.999 2.304 -99.999 -99.999 5.474 -99.999
312 S 2.304 -99.999 2.304 -99.999 -99.999 -99.999 -99.999 4.304 -99.999 -99.999 -99.999 -99.999 -99.999 -99.999 -99.999 6.948 -99.999 -99.999 -99.999 -99.999
313 I -99.999 -99.999 -99.999 -99.999 -99.999 -99.999 -99.999 -99.999 2.304 4.304 -99.999 -99.999 2.304 2.304 -99.999 -99.999 2.304 -99.999 2.304 4.304
314 E -99.999 2.304 2.304 -99.999 -99.999 2.304 4.304 4.304 -99.999 -99.999 2.304 2.304 -99.999 -99.999 -99.999 -99.999 -99.999 -99.999 -99.999 -99.999
315 A 5.474 -99.999 2.304 4.304 -99.999 -99.999 4.304 -99.999 2.304 -99.999 -99.999 -99.999 -99.999 -99.999 -99.999 -99.999 -99.999 -99.999 -99.999 -99.999
316 T -99.999 -99.999 -99.999 -99.999 -99.999 -99.999 4.0 -99.999 -99.999 -99.999 -99.999 -99.999 4.0 -99.999 4.0 -99.999 6.0 -99.999 -99.999 -99.999
317 M 2.304 -99.999 -99.999 -99.999 -99.999 -99.999 -99.999 2.304 -99.999 -99.999 2.304 2.304 5.474 -99.999 -99.999 2.304 2.304 -99.999 -99.999 -99.999
318 L -99.999 -99.999 -99.999 -99.999 -99.999 -99.999 -99.999 -99.999 -99.999 -99.999 8.644 -99.999 -99.999 -99.999 -99.999 -99.999 -99.999 -99.999 -99.999 -99.999
319 A 8.644 -99.999 -99.999 -99.999 -99.999 -99.999 -99.999 -99.999 -99.999 -99.999 -99.999 -99.999 -99.999 -99.999 -99.999 -99.999 -99.999 -99.999 -99.999 -99.999
320 A 6.304 1.134 -99.999 2.304 -99.999 -99.999 2.304 -99.999 -99.999 -99.999 2.304 3.134 -99.999 -99.999 -99.999 -99.999 -99.999 -99.999 -99.999 -99.999
321 G -99.999 -99.999 -99.999 -99.999 -99.999 -99.999 -99.999 7.919 -99.999 -99.999 -99.999 -99.999 -99.999 -99.999 -99.999 2.304 -99.999 -99.999 2.304 -99.999
322 Q 2.304 -99.999 -99.999 2.304 -99.999 4.304 2.304 2.304 -99.999 2.304 -99.999 -99.999 -99.999 -99.999 -99.999 -99.999 2.304 -99.999 -99.999 2.304
323 Y -99.999 -99.999 -99.999 -99.999 -99.999 -99.999 -99.999 -99.999 -99.999 -99.999 -99.999 -99.999 -99.999 -99.999 -99.999 -99.999 -99.999 -99.999 8.644 -99.999
324 N -99.999 -99.999 8.644 -99.999 -99.999 -99.999 -99.999 -99.999 -99.999 -99.999 -99.999 -99.999 -99.999 -99.999 -99.999 -99.999 -99.999 -99.999 -99.999 -99.999
325 Y -99.999 -99.999 -99.999 -99.999 -99.999 -99.999 -99.999 -99.999 -99.999 -99.999 -99.999 -99.999 -99.999 2.304 -99.999 -99.999 -99.999 -99.999 8.304 -99.999
326 V -99.999 -99.999 -99.999 -99.999 -99.999 -99.999 -99.999 -99.999 -99.999 -99.999 -99.999 -99.999 -99.999 -99.999 -99.999 -99.999 -99.999 -99.999 -99.999 8.644
327 D -99.999 -99.999 -99.999 8.644 -99.999 -99.999 -99.999 -99.999 -99.999 -99.999 -99.999 -99.999 -99.999 -99.999 -99.999 -99.999 -99.999 -99.999 -99.999 -99.999
328 C -99.999 -99.999 2.304 -99.999 7.919 -99.999 -99.999 -99.999 -99.999 -99.999 -99.999 -99.999 -99.999 -99.999 -99.999 2.304 -99.999 -99.999 -99.999 -99.999
329 S -99.999 -99.999 -99.999 -99.999 -99.999 -99.999 -99.999 -99.999 -99.999 -99.999 -99.999 -99.999 -99.999 -99.999 -99.999 8.644 -99.999 -99.999 -99.999 -99.999
330 Y -99.999 -99.999 -99.999 -99.999 -99.999 -99.999 -99.999 -99.999 -99.999 -99.999 -99.999 -99.999 -99.999 -99.999 -99.999 -99.999 -99.999 -99.999 8.644 -99.999
331 L -99.999 -99.999 -99.999 -99.999 -99.999 -99.999 -99.999 -99.999 -99.999 2.304 7.474 -99.999 2.304 -99.999 -99.999 -99.999 -99.999 -99.999 -99.999 2.304
332 Q -99.999 -99.999 -99.999 -99.999 -99.999 7.474 -99.999 -99.999 2.304 -99.999 -99.999 4.304 -99.999 -99.999 -99.999 -99.999 -99.999 -99.999 -99.999 -99.999
333 I -99.999 -99.999 -99.999 -99.999 -99.999 -99.999 -99.999 -99.999 -99.999 6.948 6.304 -99.999 -99.999 -99.999 -99.999 -99.999 -99.999 -99.999 -99.999 -99.999
334 L 4.304 -99.999 -99.999 -99.999 -99.999 -99.999 -99.999 -99.999 -99.999 -99.999 6.304 -99.999 2.304 -99.999 -99.999 -99.999 4.304 -99.999 -99.999 -99.999
335 L -99.999 -99.999 -99.999 -99.999 -99.999 -99.999 -99.999 -99.999 -99.999 4.304 7.919 -99.999 -99.999 -99.999 -99.999 -99.999 -99.999 -99.999 -99.999 -99.999
336 E -99.999 -99.999 2.304 2.304 -99.999 2.304 6.304 -99.999 -99.999 -99.999 -99.999 -99.999 -99.999 -99.999 -99.999 4.304 -99.999 -99.999 -99.999 -99.999
337 Y -99.999 -99.999 2.304 2.304 -99.999 -99.999 -99.999 -99.999 2.304 -99.999 -99.999 -99.999 -99.999 -99.999 -99.999 -99.999 -99.999 -99.999 7.474 -99.999
338 G -99.999 -99.999 -99.999 -99.999 -99.999 -99.999 -99.999 8.644 -99.999 -99.999 -99.999 -99.999 -99.999 -99.999 -99.999 -99.999 -99.999 -99.999 -99.999 -99.999
339 I 2.304 -99.999 -99.999 -99.999 -99.999 -99.999 -99.999 -99.999 -99.999 5.474 5.474 -99.999 2.304 -99.999 -99.999 -99.999 2.304 -99.999 -99.999 -99.999
340 I -99.999 -99.999 -99.999 -99.999 -99.999 -99.999 -99.999 -99.999 -99.999 6.304 5.474 -99.999 -99.999 -99.999 -99.999 -99.999 -99.999 -99.999 -99.999 4.304
341 F 2.304 -99.999 -99.999 -99.999 -99.999 -99.999 -99.999 -99.999 -99.999 -99.999 2.304 -99.999 -99.999 7.474 2.304 -99.999 -99.999 -99.999 -99.999 -99.999
342 L -99.999 -99.999 -99.999 -99.999 -99.999 -99.999 -99.999 -99.999 -99.999 5.474 7.474 -99.999 -99.999 -99.999 -99.999 -99.999 -99.999 -99.999 -99.999 -99.999
343 M 2.304 -99.999 -99.999 -99.999 -99.999 -99.999 -99.999 3.778 -99.999 2.304 2.304 -99.999 4.304 -99.999 -99.999 -0.866 -99.999 -99.999 -99.999 4.304
344 I 2.304 -99.999 -99.999 -99.999 -99.999 -99.999 -99.999 -99.999 -99.999 5.474 4.304 -99.999 -99.999 4.304 -99.999 -99.999 -99.999 -99.999 -99.999 2.304
345 V -99.999 -99.999 -99.999 -99.999 2.304 -99.999 -99.999 -99.999 -99.999 4.304 4.304 -99.999 -99.999 -99.999 -99.999 -99.999 -99.999 -99.999 -99.999 6.304
346 L -99.999 -99.999 -99.999 -99.999 -99.999 -99.999 -99.999 -99.999 -99.999 2.304 7.474 -99.999 -99.999 -99.999 -99.999 -99.999 -99.999 -99.999 -99.999 4.304
347 A 5.474 -99.999 -99.999 -99.999 -99.999 -99.999 -99.999 2.304 -99.999 -99.999 2.304 -99.999 4.304 -99.999 -99.999 -99.999 4.304 -99.999 -99.999 -99.999
348 I 2.304 -99.999 -99.999 -99.999 -99.999 -99.999 -99.999 -99.999 -99.999 5.474 2.304 -99.999 4.304 -99.999 -99.999 -99.999 -99.999 -99.999 -99.999 4.304
349 Y -99.999 -99.999 -99.999 -99.999 -99.999 -99.999 -99.999 -99.999 -99.999 -99.999 -99.999 -99.999 -99.999 -99.999 -99.999 -99.999 -99.999 -99.999 8.644 -99.999
350 T 2.304 -99.999 -99.999 -99.999 -99.999 -99.999 -99.999 -99.999 -99.999 -99.999 -99.999 -99.999 -99.999 -99.999 -99.999 5.474 6.948 -99.999 -99.999 -99.999
351 I -99.999 -99.999 -99.999 -99.999 -99.999 -99.999 -99.999 -99.999 -99.999 5.474 -99.999 2.304 -99.999 2.304 -99.999 -99.999 -99.999 -99.999 5.474 2.304
352 I 2.304 -99.999 -99.999 -99.999 -99.999 -99.999 -99.999 2.304 -99.999 6.948 2.304 -99.999 2.304 -99.999 -99.999 -99.999 -99.999 -99.999 -99.999 -99.999
353 I -99.999 -99.999 -99.999 -99.999 -99.999 -99.999 -99.999 -99.999 -99.999 5.474 5.474 -99.999 5.474 -99.999 -99.999 -99.999 -99.999 -99.999 -99.999 -99.999
354 Y -99.999 -99.999 -99.999 -99.999 -99.999 -99.999 -99.999 -99.999 -99.999 2.304 4.304 2.304 -99.999 -99.999 -99.999 -99.999 -99.999 -99.999 6.948 -99.999
355 K -99.999 5.474 -99.999 -99.999 -99.999 -99.999 -99.999 -99.999 -99.999 -99.999 -99.999 6.304 2.304 2.304 -99.999 -99.999 -99.999 -99.999 -99.999 -99.999
356 A 7.474 -99.999 -99.999 -99.999 -99.999 -99.999 -99.999 2.304 -99.999 -99.999 -99.999 -99.999 -99.999 -99.999 -99.999 4.304 -99.999 -99.999 -99.999 -99.999
357 I -99.999 -99.999 -99.999 -99.999 2.304 -99.999 -99.999 -99.999 -99.999 5.474 2.304 2.304 -99.999 -99.999 -99.999 -99.999 -99.999 -99.999 4.304 2.304
358 K -99.999 2.304 -99.999 -99.999 -99.999 4.304 -99.999 -99.999 -99.999 4.304 -99.999 6.304 -99.999 -99.999 -99.999 -99.999 -99.999 -99.999 -99.999 -99.999
359 E 2.304 -99.999 2.304 -99.999 -99.999 2.304 4.304 -99.999 2.304 -99.999 -99.999 2.304 -99.999 -99.999 -99.999 4.304 -99.999 -99.999 -99.999 -99.999
360 K -99.999 2.304 2.304 2.304 -99.999 2.304 4.304 -99.999 -99.999 -99.999 -99.999 5.474 -99.999 -99.999 -99.999 -99.999 -99.999 -99.999 -99.999 -99.999
361 D -99.999 -99.999 2.304 7.474 -99.999 2.304 -99.999 -99.999 -99.999 -99.999 -99.999 2.304 -99.999 -99.999 -99.999 -99.999 -99.999 -99.999 -99.999 -99.999
362 Y -99.999 -99.999 -99.999 -99.999 -99.999 -99.999 -99.999 -99.999 -99.999 -99.999 -99.999 -99.999 -99.999 2.304 -99.999 2.304 -99.999 -99.999 7.919 -99.999
363 Y -99.999 -99.999 -99.999 -99.999 -99.999 -99.999 -99.999 -99.999 2.304 -99.999 -99.999 -99.999 -99.999 2.304 -99.999 -99.999 -99.999 4.304 6.948 -99.999
364 L 4.304 -99.999 -99.999 -99.999 -99.999 -99.999 -99.999 -99.999 -99.999 2.304 6.948 -99.999 -99.999 -99.999 -99.999 -99.999 -99.999 -99.999 2.304 -99.999
365 V -99.999 -99.999 -99.999 -99.999 2.304 2.304 -99.999 -99.999 -99.999 2.304 -99.999 -99.999 -99.999 -99.999 -99.999 -99.999 4.304 -99.999 -99.999 6.304
366 W 2.304 -99.999 -99.999 -99.999 -99.999 -99.999 -99.999 2.304 -99.999 -99.999 -99.999 -99.999 2.304 4.304 -99.999 -99.999 2.304 5.474 -99.999 -99.999
367 I 2.304 -99.999 -99.999 -99.999 2.304 -99.999 -99.999 -99.999 -99.999 6.948 -99.999 -99.999 -99.999 -99.999 -99.999 -99.999 -99.999 -99.999 -99.999 4.304
368 L -99.999 -99.999 -99.999 -99.999 -99.999 -99.999 -99.999 -99.999 -99.999 2.304 5.474 -99.999 -99.999 -99.999 -99.999 -99.999 2.304 -99.999 2.304 5.474
369 L 2.304 -99.999 -99.999 -99.999 -99.999 -99.999 -99.999 -99.999 -99.999 4.304 5.474 -99.999 2.304 -99.999 -99.999 -99.999 -99.999 -99.999 -99.999 4.304
370 F -99.999 -99.999 -99.999 -99.999 -99.999 -99.999 -99.999 -99.999 -99.999 2.304 5.474 -99.999 -99.999 6.948 -99.999 -99.999 -99.999 -99.999 -99.999 -99.999
371 I -99.999 -99.999 -99.999 -99.999 -99.999 -99.999 -99.999 -99.999 -99.999 6.948 -99.999 -99.999 -99.999 -99.999 -99.999 -99.999 2.304 -99.999 -99.999 5.474
372 L -99.999 -99.999 -99.999 -99.999 -99.999 -99.999 -99.999 -99.999 -99.999 -99.999 7.919 -99.999 2.304 -99.999 -99.999 -99.999 2.304 -99.999 -99.999 -99.999
373 V 2.304 -99.999 -99.999 -99.999 -99.999 -99.999 -99.999 -99.999 -99.999 6.053 -99.999 -99.999 -99.999 -99.999 -99.999 -99.999 -99.999 -99.999 -99.999 6.535
374 F -99.999 -99.999 -99.999 -99.999 -99.999 -99.999 -99.999 -99.999 2.304 -99.999 -99.999 -99.999 -99.999 8.304 -99.999 -99.999 -99.999 -99.999 -99.999 -99.999
375 S 4.304 -99.999 -99.999 -99.999 1.134 -99.999 -99.999 4.304 -99.999 -99.999 -99.999 -99.999 -99.999 -99.999 -99.999 6.535 -99.999 -99.999 -99.999 -99.999
376 I -99.999 -99.999 -99.999 -99.999 -99.999 -99.999 -99.999 -99.999 -99.999 6.948 4.304 -99.999 4.304 -99.999 -99.999 -99.999 -99.999 -99.999 -99.999 -99.999
377 T -99.999 -99.999 -99.999 -99.999 -99.999 -99.999 -99.999 -99.999 -99.999 -99.999 -99.999 -99.999 -99.999 -99.999 -99.999 -99.999 8.644 -99.999 -99.999 -99.999
378 E -99.999 -99.999 -99.999 -99.999 -99.999 -99.999 8.644 -99.999 -99.999 -99.999 -99.999 -99.999 -99.999 -99.999 -99.999 -99.999 -99.999 -99.999 -99.999 -99.999
379 P -99.999 -99.999 -99.999 -99.999 -99.999 -99.999 -99.999 -99.999 -99.999 -99.999 -99.999 -99.999 -99.999 -99.999 8.644 -99.999 -99.999 -99.999 -99.999 -99.999
380 R -99.999 8.304 -99.999 -99.999 -99.999 -99.999 -99.999 -99.999 -99.999 -99.999 -99.999 -99.999 -99.999 2.304 -99.999 -99.999 -99.999 -99.999 -99.999 -99.999
381 L -99.999 -99.999 -99.999 -99.999 -99.999 -99.999 -99.999 -99.999 -99.999 -99.999 8.644 -99.999 -99.999 -99.999 -99.999 -99.999 -99.999 -99.999 -99.999 -99.999
382 L -99.999 -99.999 -99.999 -99.999 -99.999 -99.999 -99.999 -99.999 -99.999 -99.999 5.474 -99.999 4.304 4.304 -99.999 -99.999 -99.999 2.304 2.304 -99.999
383 N -99.999 -99.999 8.304 2.304 -99.999 -99.999 -99.999 -99.999 -99.999 -99.999 -99.999 -99.999 -99.999 -99.999 -99.999 -99.999 -99.999 -99.999 -99.999 -99.999
384 L -99.999 -99.999 -99.999 -99.999 -99.999 -99.999 -99.999 -99.999 -99.999 2.304 7.474 -99.999 -99.999 4.304 -99.999 -99.999 -99.999 -99.999 -99.999 -99.999
385 A 6.304 -99.999 -99.999 -99.999 -99.999 -99.999 -99.999 -99.999 -99.999 -99.999 -99.999 -99.999 4.304 -99.999 -99.999 -99.999 4.304 -99.999 -99.999 2.304
386 F -99.999 -99.999 -99.999 -99.999 -99.999 -99.999 -99.999 -99.999 -99.999 -99.999 -99.999 -99.999 -99.999 7.919 -99.999 -99.999 -99.999 -99.999 4.304 -99.999
387 N -99.999 -99.999 8.304 -99.999 -99.999 -99.999 -99.999 -99.999 -99.999 -99.999 -99.999 -99.999 -99.999 -99.999 -99.999 -99.999 2.304 -99.999 -99.999 -99.999
388 P -99.999 -99.999 -99.999 -99.999 -99.999 -99.999 -99.999 -99.999 -99.999 -99.999 -99.999 -99.999 -99.999 -99.999 7.919 2.304 2.304 -99.999 -99.999 -99.999
389 F -99.999 -99.999 -99.999 -99.999 -99.999 -99.999 -99.999 -99.999 -99.999 -99.999 5.474 -99.999 -99.999 7.474 -99.999 -99.999 -99.999 -99.999 -99.999 -99.999
390 P -99.999 -99.999 -99.999 -99.999 -99.999 -99.999 -99.999 -99.999 -99.999 4.304 -99.999 -99.999 -99.999 -99.999 6.948 2.304 -99.999 -99.999 -99.999 2.304
391 L -99.999 -99.999 -99.999 -99.999 -99.999 -99.999 -99.999 -99.999 -99.999 2.304 6.304 -99.999 -99.999 5.474 -99.999 -99.999 -99.999 -99.999 -99.999 2.304
392 L -99.999 -99.999 -99.999 -99.999 -99.999 -99.999 -99.999 -99.999 -99.999 -99.999 7.474 -99.999 2.304 2.304 -99.999 -99.999 -99.999 -99.999 -99.999 2.304
393 A 6.304 -99.999 -99.999 -99.999 -99.999 -99.999 -99.999 2.304 -99.999 2.304 2.304 -99.999 -99.999 -99.999 -99.999 -99.999 2.304 -99.999 -99.999 2.304
394 F -99.999 -99.999 -99.999 -99.999 -99.999 -99.999 -99.999 -99.999 -99.999 4.304 2.304 -99.999 -99.999 6.304 -99.999 -99.999 2.304 -99.999 -99.999 2.304
395 A 6.304 -99.999 -99.999 2.304 -99.999 -99.999 -99.999 -99.999 -99.999 -99.999 -99.999 -99.999 -99.999 -99.999 -99.999 5.474 2.304 -99.999 -99.999 -99.999
396 G 2.304 -99.999 -99.999 -99.999 -99.999 -99.999 -99.999 5.474 -99.999 -99.999 -99.999 2.304 -99.999 2.304 -99.999 -99.999 -99.999 -99.999 4.304 2.304
397 I -99.999 -99.999 -99.999 -99.999 -99.999 2.304 -99.999 2.304 -99.999 4.304 2.304 2.304 4.304 -99.999 -99.999 -99.999 -99.999 -99.999 -99.999 2.304
398 K -99.999 -99.999 2.304 -99.999 -99.999 -99.999 -99.999 4.304 -99.999 -99.999 -99.999 5.474 -99.999 2.304 2.304 2.304 -99.999 -99.999 -99.999 -99.999
399 L -99.999 -99.999 2.644 -99.999 2.644 -99.999 4.644 -99.999 -99.999 2.644 5.474 -99.999 -99.999 -99.999 -99.999 -0.526 -99.999 -99.999 -99.999 -99.999
400 R -99.999 8.644 -99.999 -99.999 -99.999 -99.999 -99.999 -99.999 -99.999 -99.999 -99.999 -99.999 -99.999 -99.999 -99.999 -99.999 -99.999 -99.999 -99.999 -99.999
401 G -99.999 -99.999 -99.999 -99.999 -99.999 -99.999 -99.999 8.644 -99.999 -99.999 -99.999 -99.999 -99.999 -99.999 -99.999 -99.999 -99.999 -99.999 -99.999 -99.999
402 R -99.999 8.644 -99.999 -99.999 -99.999 -99.999 -99.999 -99.999 -99.999 -99.999 -99.999 -99.999 -99.999 -99.999 -99.999 -99.999 -99.999 -99.999 -99.999 -99.999
403 S -99.999 -99.999 -99.999 -99.999 -99.999 -99.999 -99.999 -99.999 -99.999 -99.999 -99.999 -99.999 -99.999 -99.999 -99.999 8.644 -99.999 -99.999 -99.999 -99.999
404 A 8.644 -99.999 -99.999 -99.999 -99.999 -99.999 -99.999 -99.999 -99.999 -99.999 -99.999 -99.999 -99.999 -99.999 -99.999 -99.999 -99.999 -99.999 -99.999 -99.999
405 I -99.999 -99.999 -99.999 -99.999 -99.999 -99.999 -99.999 -99.999 -99.999 5.474 5.474 5.474 -99.999 -99.999 -99.999 -99.999 -99.999 -99.999 -99.999 -99.999
406 F -99.999 -99.999 -99.999 -99.999 -99.999 -99.999 -99.999 -99.999 -99.999 -99.999 -99.999 -99.999 -99.999 8.644 -99.999 -99.999 -99.999 -99.999 -99.999 -99.999
407 H -99.999 -99.999 -99.999 -99.999 -99.999 -99.999 -99.999 -99.999 8.644 -99.999 -99.999 -99.999 -99.999 -99.999 -99.999 -99.999 -99.999 -99.999 -99.999 -99.999
408 R -99.999 8.644 -99.999 -99.999 -99.999 -99.999 -99.999 -99.999 -99.999 -99.999 -99.999 -99.999 -99.999 -99.999 -99.999 -99.999 -99.999 -99.999 -99.999 -99.999
409 E -99.999 -99.999 -99.999 -99.999 -99.999 -99.999 8.644 -99.999 -99.999 -99.999 -99.999 -99.999 -99.999 -99.999 -99.999 -99.999 -99.999 -99.999 -99.999 -99.999
410 G -99.999 -99.999 -99.999 -99.999 -99.999 -99.999 -99.999 8.644 -99.999 -99.999 -99.999 -99.999 -99.999 -99.999 -99.999 -99.999 -99.999 -99.999 -99.999 -99.999
411 H -99.999 -99.999 -99.999 -99.999 -99.999 -99.999 -99.999 -99.999 8.644 -99.999 -99.999 -99.999 -99.999 -99.999 -99.999 -99.999 -99.999 -99.999 -99.999 -99.999
412 R -99.999 8.644 -99.999 -99.999 -99.999 -99.999 -99.999 -99.999 -99.999 -99.999 -99.999 -99.999 -99.999 -99.999 -99.999 -99.999 -99.999 -99.999 -99.999 -99.999
413 L -99.999 -99.999 -99.999 -99.999 -99.999 -99.999 -99.999 -99.999 -99.999 -99.999 5.474 5.474 -99.999 -99.999 -99.999 -99.999 -99.999 -99.999 -99.999 5.474
414 D -99.999 -99.999 4.644 6.644 -99.999 -99.999 -99.999 -99.999 -99.999 -99.999 -99.999 -99.999 -99.999 -99.999 -99.999 -99.999 -99.999 4.644 -99.999 -99.999
415 K 3.474 5.474 -99.999 -99.999 -99.999 -99.999 -99.999 -99.999 -99.999 -99.999 -99.999 6.644 -99.999 -99.999 -99.999 -99.999 -99.999 -99.999 -99.999 -99.999
416 R -99.999 6.0 4.83 2.83 -99.999 -99.999 4.0 -99.999 -99.999 -99.999 -99.999 -99.999 -99.999 -99.999 -99.999 -99.999 -99.999 -99.999 -99.999 -99.999
417 V -99.999 -99.999 -99.999 -99.999 -99.999 4.0 -99.999 -99.999 -99.999 -99.999 -99.999 4.0 -99.999 -99.999 -99.999 -99.999 -99.999 -99.999 -99.999 7.17
418 R -99.999 3.474 -99.999 3.474 -99.999 -99.999 3.474 -99.999 -99.999 -99.999 -99.999 3.474 -99.999 -99.999 3.474 -99.999 3.474 -99.999 -99.999 -99.999
419 N -99.999 -99.999 8.644 -99.999 -99.999 -99.999 -99.999 -99.999 -99.999 -99.999 -99.999 -99.999 -99.999 -99.999 -99.999 -99.999 -99.999 -99.999 -99.999 -99.999
420 F -99.999 -99.999 -99.999 -99.999 -99.999 -99.999 -99.999 -99.999 -99.999 -99.999 -99.999 -99.999 -99.999 8.644 -99.999 -99.999 -99.999 -99.999 -99.999 -99.999
421 R -99.999 8.644 -99.999 -99.999 -99.999 -99.999 -99.999 -99.999 -99.999 -99.999 -99.999 -99.999 -99.999 -99.999 -99.999 -99.999 -99.999 -99.999 -99.999 -99.999
422 Q -99.999 -99.999 -99.999 -99.999 -99.999 8.644 -99.999 -99.999 -99.999 -99.999 -99.999 -99.999 -99.999 -99.999 -99.999 -99.999 -99.999 -99.999 -99.999 -99.999
423 E -99.999 -99.999 -99.999 -99.999 -99.999 -99.999 8.644 -99.999 -99.999 -99.999 -99.999 -99.999 -99.999 -99.999 -99.999 -99.999 -99.999 -99.999 -99.999 -99.999
424 E -99.999 -99.999 -99.999 -99.999 -99.999 -99.999 8.644 -99.999 -99.999 -99.999 -99.999 -99.999 -99.999 -99.999 -99.999 -99.999 -99.999 -99.999 -99.999 -99.999
425 S -99.999 -99.999 -99.999 -99.999 -99.999 -99.999 -99.999 -99.999 -99.999 -99.999 -99.999 -99.999 -99.999 -99.999 -99.999 8.644 -99.999 -99.999 -99.999 -99.999
426 G -99.999 -99.999 -99.999 -99.999 -99.999 -99.999 -99.999 8.644 -99.999 -99.999 -99.999 -99.999 -99.999 -99.999 -99.999 -99.999 -99.999 -99.999 -99.999 -99.999
427 Q -99.999 -99.999 -99.999 -99.999 -99.999 8.644 -99.999 -99.999 -99.999 -99.999 -99.999 -99.999 -99.999 -99.999 -99.999 -99.999 -99.999 -99.999 -99.999 -99.999
428 R -99.999 7.029 -99.999 3.029 -99.999 3.029 -99.999 -99.999 -99.999 -99.999 -99.999 -99.999 -99.999 3.029 -99.999 -99.999 -99.999 -99.999 -99.999 -99.999
429 G -99.999 3.029 3.029 -99.999 -99.999 -99.999 -99.999 7.029 -99.999 -99.999 -99.999 3.029 -99.999 -99.999 -99.999 -99.999 -99.999 -99.999 -99.999 -99.999
430 A 8.644 -99.999 -99.999 -99.999 -99.999 -99.999 -99.999 -99.999 -99.999 -99.999 -99.999 -99.999 -99.999 -99.999 -99.999 -99.999 -99.999 -99.999 -99.999 -99.999
431 N -99.999 -99.999 5.474 -99.999 -99.999 -99.999 -99.999 -99.999 -99.999 -99.999 5.474 -99.999 -99.999 -99.999 -99.999 -99.999 -99.999 -99.999 -99.999 5.474
432 K -99.999 3.029 -99.999 -99.999 -99.999 3.029 -99.999 -99.999 -99.999 -99.999 -99.999 5.859 -0.141 -99.999 -99.999 3.029 3.029 -99.999 -99.999 -99.999
433 N -99.999 -99.999 2.304 -99.999 -99.999 -99.999 2.304 2.304 -99.999 2.304 -99.999 2.304 -99.999 2.304 2.304 2.304 2.304 -99.999 -99.999 -99.999
434 D -99.999 -99.999 -99.999 4.644 -99.999 -99.999 -99.999 -99.999 2.644 -99.999 2.644 2.644 -99.999 2.644 -99.999 2.644 -99.999 2.644 -99.999 -99.999
435 T 2.304 -99.999 2.304 2.304 -99.999 -99.999 -99.999 -99.999 -99.999 2.304 2.304 -99.999 -99.999 -99.999 -99.999 -99.999 4.304 -99.999 -99.999 4.304
436 R -99.999 5.474 2.304 2.304 -99.999 4.304 -99.999 2.304 -99.999 2.304 -99.999 -99.999 -99.999 -99.999 -99.999 -99.999 -99.999 -99.999 -99.999 -99.999
437 E -99.999 -99.999 -99.999 -99.999 -99.999 -99.999 8.644 -99.999 -99.999 -99.999 -99.999 -99.999 -99.999 -99.999 -99.999 -99.999 -99.999 -99.999 -99.999 -99.999
438 K -99.999 -99.999 -99.999 -99.999 -99.999 -99.999 2.304 2.304 -99.999 -99.999 2.304 5.474 -99.999 -99.999 -99.999 -99.999 -99.999 -99.999 2.304 4.304
439 N -99.999 -99.999 4.304 -99.999 -99.999 -99.999 4.304 -99.999 -99.999 2.304 -99.999 2.304 -99.999 2.304 -99.999 -99.999 -99.999 -99.999 2.304 2.304
440 S 4.304 2.304 2.304 -99.999 -99.999 -99.999 -99.999 -99.999 -99.999 -99.999 -99.999 -99.999 2.304 -99.999 -99.999 5.474 -99.999 -99.999 -99.999 2.304
441 N -99.999 2.304 5.474 -99.999 -99.999 -99.999 1.134 2.304 -99.999 -99.999 -99.999 3.134 -99.999 -99.999 -99.999 2.304 -99.999 -99.999 2.304 -99.999
442 A 4.304 -99.999 -99.999 -99.999 2.304 -99.999 -99.999 2.304 -99.999 -99.999 2.304 4.304 2.304 -99.999 -99.999 -99.999 -99.999 -99.999 -99.999 2.304