#Seq2Logo.py -f /work3/idamei/ssn-clusterings/clustering/2205181126/clusters/0008_245/sequences.afa -o /work3/idamei/ssn-clusterings/clustering/2205181126/clusters/0008_245/sequences.logo
Last position-specific scoring matrix computed, values are in halfbits
A R N D C Q E G H I L K M F P S T W Y V
0 L -1.151 -1.454 -2.431 -2.885 -0.239 -1.122 -2.424 -2.654 -1.039 1.532 2.064 -1.523 5.946 0.397 -3.313 -2.087 -1.117 -1.377 -0.903 0.919
1 K 0.901 0.549 -0.614 -1.131 -0.53 -0.279 -0.617 -1.055 -0.904 -0.291 -1.32 2.706 -0.751 -1.973 -1.863 0.507 0.955 -2.526 -1.761 0.599
2 L -0.961 -2.17 -2.2 -2.692 -0.438 -2.366 -2.667 -2.542 -0.858 2.023 1.971 -2.132 0.84 2.732 -3.242 -0.67 -1.016 -0.507 2.453 1.574
3 K -0.222 0.475 0.219 2.176 -1.276 0.227 1.525 -0.971 -0.298 -2.295 -2.58 2.383 -1.554 -2.532 -1.793 1.329 -0.327 -2.719 -2.029 -1.938
4 R -1.481 4.039 1.766 -0.973 -1.737 0.012 -0.773 -1.764 -0.12 -1.165 0.195 2.047 -0.479 -1.674 -2.668 -1.319 -1.275 -2.341 -1.744 -1.377
5 I -1.133 -0.385 -1.277 -1.451 -0.913 3.099 -0.164 -2.323 -0.489 2.818 0.376 -0.128 0.54 -0.968 -2.763 -1.702 -1.039 -2.199 -1.299 1.371
6 K 0.259 0.997 0.125 -0.49 -0.788 0.185 -0.103 -0.673 -0.364 -2.029 -2.298 3.023 -1.219 -2.357 -1.593 1.915 0.136 -2.563 -1.786 -1.638
7 N -1.227 1.089 4.018 0.436 -1.925 0.202 -0.174 -0.702 0.412 -2.417 -2.674 3.021 -1.669 -2.596 -2.117 -0.489 -0.764 -2.764 -1.94 -2.28
8 D -1.322 0.384 0.549 4.187 -2.193 2.167 0.935 -1.306 -0.126 -2.483 -2.763 1.964 -1.628 -2.943 -2.136 -0.927 -1.257 -2.93 -2.229 -2.38
9 I -0.958 -2.895 -3.162 -3.19 0.008 -3.001 -3.412 -3.308 -2.792 4.13 1.439 -2.593 1.118 0.012 -3.404 -2.802 -0.866 -2.265 -1.299 3.355
10 L -1.373 -2.597 -3.197 -3.423 -0.294 -2.998 -3.373 -3.254 -2.165 2.721 2.678 -2.697 1.359 3.044 -3.687 -2.971 -1.392 -1.181 0.188 2.202
11 K -1.03 2.315 -0.897 -1.446 -1.491 1.616 -0.318 -2.005 0.225 -0.341 -1.202 2.519 -0.608 -0.255 -2.438 -1.42 -1.204 -0.939 2.295 0.471
12 K -1.135 1.416 3.217 0.053 -1.99 0.37 -0.05 -0.947 0.163 -2.363 -2.57 3.706 -1.561 -2.711 -2.014 -0.661 -0.913 -2.738 -1.936 -2.231
13 Y -1.68 -0.721 -1.778 -2.545 -1.845 -1.214 -1.765 -2.655 1.767 -1.043 -1.15 0.658 -0.823 2.833 -3.042 -2.169 -1.952 1.831 6.274 -1.183
14 I -1.601 -2.951 -3.264 -3.329 -0.378 -3.259 -3.642 -3.41 -2.295 3.902 2.092 -2.795 1.233 2.718 -3.716 -3.139 -1.395 -1.387 -0.049 2.193
15 L -0.689 -2.196 -2.111 -2.526 5.001 -2.179 -2.701 -2.304 -1.909 2.647 1.712 -1.995 2.467 -0.219 -3.039 -0.332 -0.758 -2.177 -1.493 1.351
16 L -1.57 -2.377 -3.402 -3.599 -0.207 -2.785 -3.423 -3.455 -2.433 2.617 3.835 -2.567 1.949 0.682 -3.644 -3.201 -1.547 -1.79 -1.15 1.426
17 L -1.574 -2.463 -3.111 -3.331 -0.381 -2.682 -3.322 -3.233 -1.922 2.97 2.666 -2.514 2.81 2.783 -3.685 -2.945 -1.475 -1.194 0.028 1.577
18 V -0.185 -2.065 -1.382 -1.94 4.995 -2.113 -2.204 -1.672 -1.555 1.667 -0.068 -1.78 -0.07 2.286 -2.734 0.932 -0.331 -1.694 -0.302 1.463
19 V 0.89 -2.508 -2.18 -2.606 4.997 -2.607 -2.786 1.552 -1.967 1.005 -0.247 -2.213 -0.274 2.22 -2.964 -1.457 -1.112 -1.694 -0.414 1.965
20 I -1.304 -2.97 -3.152 -3.246 -0.287 -3.231 -3.513 -3.283 -2.3 3.826 1.302 -2.773 0.956 2.935 -3.639 -2.934 -1.188 -1.342 0.138 2.786
21 L 0.458 -2.51 -2.822 -3.028 -0.291 -2.831 -2.953 -2.21 -1.728 2.163 1.559 -2.428 0.724 3.932 -3.308 -2.055 -1.325 -0.832 0.788 1.788
22 I -1.601 -2.951 -3.264 -3.329 -0.378 -3.259 -3.642 -3.41 -2.295 3.902 2.092 -2.795 1.233 2.718 -3.716 -3.139 -1.395 -1.387 -0.049 2.193
23 S 1.535 -1.026 -0.041 -0.751 0.142 -0.913 -0.983 -0.419 -0.925 -1.122 -1.732 -0.592 -0.958 -1.859 -1.601 2.355 2.494 -2.462 -1.796 -0.508
24 G 0.899 -1.489 -0.626 -0.298 -1.242 -0.668 1.609 4.452 -0.848 -2.684 -2.904 -0.75 -2.142 -2.596 -2.358 -0.758 -1.548 -2.496 -2.594 -2.082
25 L -0.712 -2.156 -1.81 -2.31 -0.214 -2.301 -2.529 -2.301 -1.826 2.631 1.396 -1.961 0.687 2.245 -2.946 -0.265 0.797 -1.569 -0.296 1.924
26 L -1.54 -2.614 -3.39 -3.494 -0.221 -2.941 -3.534 -3.494 -2.548 3.447 3.316 -2.633 1.723 0.514 -3.632 -3.194 -1.424 -1.938 -1.223 1.919
27 I -0.88 -2.618 -2.546 -2.82 -0.034 -2.701 -3.078 -2.988 -2.609 3.882 1.132 -2.316 0.875 -0.226 -3.146 -2.022 0.734 -2.312 -1.412 3.096
28 L -1.581 -2.134 -2.842 -3.252 -0.564 -2.223 -2.997 -3.08 -0.745 2.045 2.414 -2.247 3.448 2.88 -3.615 -2.728 -1.571 -0.312 2.507 0.958
29 C -0.433 -3.324 -2.95 -3.404 9.664 -3.444 -3.91 -2.149 -2.936 -0.717 -1.047 -3.099 -1.064 -2.013 -3.192 -1.656 -1.302 -3.22 -2.782 -0.395
30 F 0.804 -2.043 -1.436 -1.939 4.623 -2.13 -2.137 -1.297 -1.274 0.954 -0.313 -1.738 -0.307 3.419 -2.66 0.858 -0.562 -1.197 0.377 0.154
31 S 0.549 -0.957 0.171 -0.623 0.023 -0.857 -0.95 -0.639 -0.902 -1.137 -1.785 -0.562 -0.959 -1.853 -1.635 2.589 2.964 -2.458 -1.805 -0.611
32 E -0.919 -0.122 -0.338 1.518 -2.411 1.346 4.494 -1.95 0.392 -2.764 -2.703 0.677 -1.754 -2.608 -1.882 -0.791 -1.301 -2.387 -1.908 -2.134
33 N -1.66 -0.415 5.643 1.281 -1.846 -0.527 -0.725 -0.155 0.968 -2.712 -3.152 -0.296 -2.161 -2.374 -2.588 -0.118 -0.451 -2.966 -2.069 -2.56
34 N -0.928 -0.767 4.5 2.292 -1.271 -0.728 -0.518 -0.485 0.275 -2.161 -2.736 -0.503 -1.85 -2.322 -2.293 0.742 1.027 -2.92 -2.155 -1.88
35 N -0.902 -1.061 3.922 3.268 -1.601 -0.892 -0.312 1.718 0.054 -2.722 -3.22 -0.675 -2.273 -2.564 -2.412 0.478 -0.651 -3.037 -2.476 -2.529
36 I -1.156 -2.485 -2.934 -2.957 -0.299 -2.514 -3.004 -3.04 -2.265 3.327 1.835 -2.204 2.415 -0.099 1.58 -2.591 -1.146 -2.284 -1.406 2.313
37 L -1.02 -0.322 -1.584 -2.047 -0.666 -1.204 -1.606 -2.307 -1.407 1.731 1.05 1.637 0.384 2.088 -2.712 -1.523 0.564 -1.608 -0.345 1.397
38 L -1.543 -2.336 -2.842 -3.208 -0.598 -2.366 -3.067 -3.232 -0.292 3.09 1.768 -2.277 2.382 1.515 -3.501 -2.794 -1.47 -0.047 3.602 1.575
39 H -1.388 -0.126 -0.014 -0.92 -2.141 2.384 -0.0 -1.725 6.637 -2.556 -2.5 -0.149 -1.185 -1.679 1.729 -1.373 -1.757 -2.021 0.593 -2.568
40 I -1.275 -2.931 -3.297 -3.308 -0.146 -3.097 -3.575 -3.455 -2.749 4.222 2.059 -2.677 1.284 0.166 -3.539 -3.031 -1.113 -2.2 -1.322 2.885
41 L -1.417 -2.425 -2.548 -3.056 -0.717 -2.716 -3.189 0.903 -0.951 1.807 2.488 -2.448 0.985 2.786 -3.59 -2.68 -1.787 -0.439 2.427 0.66
42 G 1.895 -1.982 -0.903 -1.521 4.618 -1.841 -2.017 3.853 -1.46 -1.852 -2.234 -1.391 -1.672 -2.289 -2.264 0.477 -0.861 -2.628 -2.497 -1.21
43 L -1.526 -1.927 -2.695 -3.126 -0.533 -1.908 -2.835 -2.839 -1.154 1.279 2.154 -2.089 4.688 3.757 -3.664 -2.494 -1.516 -0.616 0.722 0.583
44 I -0.842 -2.871 -2.639 -2.897 -0.206 -2.93 -3.344 0.89 -2.623 3.818 1.024 -2.497 0.742 -0.307 -3.365 -2.525 -1.053 -2.348 -1.559 2.996
45 F 0.814 -1.857 -1.441 -1.953 -0.226 -1.984 -2.013 -1.363 -1.235 0.604 0.859 -1.647 0.18 3.496 -2.667 0.823 -0.508 -1.074 0.486 0.967
46 L -1.925 -2.54 -3.207 -3.556 -0.684 -3.174 -3.451 -3.225 -1.653 1.315 3.088 -2.875 1.385 4.643 -4.007 -3.174 -1.964 -0.38 1.249 0.45
47 C 1.267 -1.787 -0.929 -1.526 7.443 -1.686 -1.772 -0.795 -1.481 -1.267 -1.651 -1.357 -1.165 -2.036 -2.166 1.754 -0.061 -2.877 -2.228 -0.731
48 L 0.571 -2.457 -2.374 -2.723 -0.211 -2.606 -2.852 1.15 -2.01 2.152 1.242 -2.223 0.497 2.176 -3.106 -1.824 -1.162 -1.608 -0.395 2.23
49 G -0.841 -2.54 -2.04 -2.557 -0.587 -2.558 -3.074 2.563 -1.826 2.457 0.615 -2.259 2.001 2.16 -3.373 -2.153 -1.412 -1.536 -0.466 1.701
50 A 2.444 -1.818 -1.281 -1.608 4.667 -1.686 -1.709 1.766 -1.439 -1.465 -1.893 -1.197 -1.411 -2.244 1.862 0.598 -0.621 -2.86 -2.247 -0.768
51 I 0.447 -2.256 -2.74 -2.883 -0.02 -2.14 -2.793 -2.318 -1.971 3.333 1.381 -2.008 3.34 -0.077 -3.072 -1.949 -0.941 -2.034 -1.279 2.405
52 I -1.471 -3.022 -3.348 -3.31 -0.221 -3.192 -3.7 -3.536 -2.722 4.434 2.137 -2.72 1.34 0.243 -3.59 -3.159 -1.213 -2.173 -1.322 2.595
53 I -1.234 -2.637 -3.152 -3.252 -0.148 -2.696 -3.356 -3.314 -2.43 3.878 2.119 -2.472 2.604 0.202 -3.501 -2.86 -1.109 -2.06 -1.254 2.688
54 V 0.326 -1.678 -1.034 -1.623 0.157 -1.619 -1.728 -1.458 -1.675 1.71 -0.117 -1.368 0.06 -1.034 -2.392 1.517 0.197 -2.526 -1.548 2.98
55 K -1.069 2.133 0.118 2.898 -2.087 -0.026 0.108 1.379 -0.49 -2.566 -2.743 2.893 -1.834 -2.84 -2.197 -1.06 -1.407 -2.8 -2.341 -2.435
56 F -2.01 -2.772 -3.123 -3.449 -0.856 -3.44 -3.529 -3.165 -1.484 1.853 2.183 -3.024 0.967 5.262 -4.11 -3.144 -1.986 -0.083 1.732 0.649
57 D -1.831 -1.459 2.439 5.583 -2.362 -0.891 0.783 -1.034 -0.338 -2.794 -3.511 -0.818 -2.686 -2.906 -2.401 -0.888 -1.325 -3.514 -2.953 -2.89
58 L -1.432 -2.636 -3.264 -3.449 -0.288 -3.008 -3.44 -3.338 -2.292 3.018 2.831 -2.698 1.435 2.524 -3.684 -3.047 -1.406 -1.403 -0.17 2.164
59 L 0.253 -2.086 -2.754 -3.006 -0.231 -2.143 -2.781 -2.291 -1.597 2.044 2.397 -2.059 3.441 2.455 -3.24 -2.047 -1.32 -1.256 -0.141 1.053
60 H -1.778 -0.428 0.389 -1.032 -2.405 -0.236 -0.571 -1.768 8.12 -2.732 -2.666 -0.836 -1.332 -0.924 -2.82 -1.65 -2.297 -1.525 1.596 -3.106
61 P -0.907 -2.084 -2.004 -1.635 -1.528 -2.004 -1.693 -1.923 -1.678 -2.388 -2.821 -1.135 -2.474 -3.406 6.733 -1.523 -1.419 -4.62 -2.706 -2.233
62 Y -1.883 -1.848 -2.196 -3.093 -1.823 -1.854 -2.434 -3.003 2.034 -0.874 -0.981 -1.944 -0.753 3.277 -3.404 -2.508 -2.16 2.238 6.799 -1.05
63 C -0.551 -2.321 -1.897 -2.512 6.366 -2.472 -2.729 -2.246 -2.134 1.021 -0.17 -2.161 -0.163 1.942 -2.87 -1.082 1.713 -1.828 -0.56 1.899
64 W -2.721 -2.454 -3.237 -3.691 -2.405 -2.895 -3.04 -2.437 -1.205 -1.925 -1.721 -2.862 -1.351 1.057 -5.479 -3.426 -2.766 10.681 2.098 -2.299
65 F -2.17 -2.434 -2.593 -3.256 -1.601 -2.857 -3.02 -2.97 0.725 -0.209 -0.049 -2.674 -0.216 5.617 -3.988 -2.832 -2.318 1.497 5.2 -0.771
66 S 0.855 -0.86 0.343 -0.417 0.009 -0.711 -0.73 -0.323 -0.649 -1.672 -2.18 -0.423 -1.154 -1.959 -1.576 3.224 1.782 -2.565 -1.819 -1.09
67 G 1.917 -1.701 -0.593 -1.262 -0.285 -1.565 -1.737 3.869 -1.296 -1.74 -2.233 -1.13 -1.571 -2.216 -2.07 0.711 0.803 -2.488 -2.335 -1.081
68 F -1.903 -2.748 -2.961 -3.27 -0.859 -3.159 -3.415 -3.06 -1.347 2.42 1.109 -2.855 2.212 5.235 -4.03 -2.945 -1.809 -0.093 1.732 1.002
69 F -2.405 -2.967 -2.931 -3.385 -1.445 -3.935 -3.553 -2.945 -0.899 0.206 0.494 -3.375 0.131 6.622 -4.519 -3.101 -2.441 0.781 2.86 -0.578
70 C -0.496 -2.099 -1.514 -2.229 7.435 -2.195 -2.565 -1.974 -2.183 -0.027 0.481 -1.892 -0.217 -1.311 -2.568 -0.59 2.462 -2.565 -2.077 0.057
71 L -1.564 -2.49 -3.404 -3.559 -0.221 -2.863 -3.48 -3.481 -2.493 3.025 3.621 -2.605 1.841 0.599 -3.646 -3.206 -1.498 -1.864 -1.191 1.653
72 Y -1.883 -1.848 -2.196 -3.093 -1.823 -1.854 -2.434 -3.003 2.034 -0.874 -0.981 -1.944 -0.753 3.277 -3.404 -2.508 -2.16 2.238 6.799 -1.05
73 S 0.997 -0.812 0.426 -0.319 0.002 -0.641 -0.626 -0.177 -0.531 -1.982 -2.399 -0.356 -1.258 -2.014 -1.546 3.495 0.94 -2.62 -1.826 -1.363
74 I -1.251 -2.653 -2.635 -2.875 -0.181 -2.791 -3.243 -3.114 -2.501 4.036 1.919 -2.366 1.152 0.052 -3.247 -2.212 0.593 -2.173 -1.378 2.319
75 G 1.502 -1.298 -0.058 -0.771 -0.226 -1.129 -1.194 3.057 -0.892 -2.097 -2.496 -0.768 -1.556 -2.191 -1.863 2.377 0.155 -2.573 -2.161 -1.446
76 Y -1.896 -1.774 -1.856 -2.796 -1.548 -1.862 -2.31 -2.839 3.78 -0.272 0.609 -1.991 -0.083 3.604 -3.482 -2.533 -2.138 1.34 5.514 -0.765
77 P -0.907 -2.084 -2.004 -1.635 -1.528 -2.004 -1.693 -1.923 -1.678 -2.388 -2.821 -1.135 -2.474 -3.406 6.733 -1.523 -1.419 -4.62 -2.706 -2.233
78 I -1.275 -2.931 -3.297 -3.308 -0.146 -3.097 -3.575 -3.455 -2.749 4.222 2.059 -2.677 1.284 0.166 -3.539 -3.031 -1.113 -2.2 -1.322 2.885
79 L -1.612 -2.257 -3.433 -3.691 -0.221 -2.711 -3.376 -3.453 -2.384 1.934 4.15 -2.549 2.062 0.762 -3.675 -3.229 -1.651 -1.721 -1.127 1.035
80 Y -1.288 -1.636 -1.477 -2.365 -1.153 -1.643 -2.117 -2.447 1.385 -0.697 -1.022 -1.591 -0.709 2.508 -2.831 -1.219 1.484 1.5 5.887 -0.65
81 C -0.773 0.954 -1.782 -2.441 6.32 -1.767 -2.33 -2.19 -0.756 1.087 0.706 -1.077 -0.018 0.139 -2.987 -0.381 -1.017 -1.168 1.928 0.212
82 L 0.365 -1.489 1.414 1.432 -0.46 -1.422 -1.312 -1.396 -0.978 0.387 1.646 -1.276 2.064 -0.637 -2.598 -0.878 0.645 -2.228 -1.635 0.033
83 G -0.235 -1.596 -0.481 -0.264 -1.663 -0.753 1.555 4.978 -0.88 -3.15 -3.294 -0.846 -2.446 -2.729 -2.564 -1.011 -1.8 -2.496 -2.807 -2.707
84 Y -1.526 0.122 2.732 -0.65 -1.913 -0.55 -0.98 -1.519 1.196 -1.678 -1.849 1.865 -1.268 1.288 -2.638 -1.231 -1.321 0.392 4.531 -1.714
85 N -1.246 -0.73 3.147 0.195 -1.267 -0.407 0.9 -1.285 3.661 -0.879 0.132 -0.557 -0.533 -1.256 -2.493 -0.645 0.788 -2.252 -0.859 -1.072
86 D -1.729 -0.748 3.421 3.436 -2.188 -0.521 0.04 -0.935 5.225 -2.714 -3.07 -0.634 -1.993 -1.926 -2.55 -0.835 -1.287 -2.527 -0.407 -2.828
87 P -0.822 -1.999 -1.919 -1.549 -1.443 -1.919 -1.608 -1.838 -1.593 -2.303 -2.736 -1.05 -2.389 -3.321 6.648 -1.437 -1.334 -4.535 -2.621 -2.147
88 W -2.635 -2.368 -3.152 -3.606 -2.32 -2.81 -2.954 -2.351 -1.12 -1.839 -1.636 -2.776 -1.266 1.143 -5.394 -3.34 -2.68 10.596 2.184 -2.213
89 L -1.526 -2.172 -3.348 -3.606 -0.136 -2.626 -3.291 -3.368 -2.299 2.019 4.014 -2.464 2.147 0.847 -3.59 -3.144 -1.566 -1.636 -1.042 1.12
90 L -1.526 -2.172 -3.348 -3.606 -0.136 -2.626 -3.291 -3.368 -2.299 2.019 4.014 -2.464 2.147 0.847 -3.59 -3.144 -1.566 -1.636 -1.042 1.12
91 L -0.771 -1.306 1.385 -0.626 -0.575 -1.007 0.413 -1.707 -0.875 1.348 1.554 -0.998 0.404 -0.674 -2.558 0.11 0.824 -2.263 -1.593 0.4
92 R -1.402 3.842 1.557 -0.958 -1.792 0.116 -0.616 -1.723 -0.159 -1.304 -0.046 2.603 -0.594 -1.831 -2.531 -1.275 -1.269 -2.391 -1.773 -1.479
93 A 2.104 -1.867 -2.116 -2.462 -0.338 -1.8 -2.059 -1.159 0.518 0.884 -0.577 -1.546 -0.45 1.54 -2.477 -0.959 -1.199 0.467 4.55 0.307
94 G 0.957 -2.377 -0.941 -1.649 -0.831 -2.242 -2.582 5.008 -1.653 0.172 -1.738 -1.713 -1.493 -2.004 -2.71 -1.014 -1.598 -2.473 -2.649 -0.716
95 Y -1.777 -2.062 -2.489 -3.194 -1.268 -2.134 -2.714 -3.137 1.287 1.237 0.886 -2.128 0.164 2.713 -3.465 -2.687 -1.918 1.523 5.899 0.213
96 T 0.306 -1.116 -0.098 -0.796 -0.151 -1.03 -1.097 -0.868 -1.06 -1.177 -1.831 -0.669 -1.089 -2.006 1.938 2.082 2.847 -2.66 -1.915 -0.695
97 K -1.225 1.197 3.77 0.238 -1.991 0.238 -0.158 -0.843 0.268 -2.432 -2.667 3.405 -1.66 -2.684 -2.11 -0.6 -0.866 -2.791 -1.976 -2.297
98 E -1.191 -0.199 1.858 2.528 -2.314 1.929 3.532 -1.504 0.357 -2.741 -2.817 0.399 -1.749 -2.734 -2.139 -0.772 -1.202 -2.644 -2.036 -2.303
99 L -1.588 -2.371 -3.419 -3.624 -0.221 -2.786 -3.428 -3.467 -2.438 2.531 3.898 -2.577 1.953 0.682 -3.661 -3.217 -1.574 -1.792 -1.159 1.361
100 I -1.274 -2.07 -2.784 -3.036 -0.231 -1.86 -2.922 -3.005 -1.662 3.317 1.877 -1.987 4.721 0.292 -3.423 -2.495 -1.129 -1.721 -1.088 1.871
101 I -1.409 -2.386 -2.552 -1.945 -0.69 -2.06 -0.095 -3.036 -1.556 3.115 0.833 -2.052 0.551 3.585 -3.447 -2.568 -1.385 -1.06 0.524 2.089
102 L -1.439 -2.266 -2.883 -3.176 -0.408 -2.227 -3.065 -3.175 -0.971 3.223 2.051 -2.205 3.44 0.991 -3.487 -2.723 -1.332 -0.783 2.115 1.733
103 Q -0.959 0.8 -0.197 -0.073 -2.048 4.802 2.101 -1.613 0.648 -2.38 -2.153 1.079 -0.632 -2.977 -2.182 -0.831 -1.09 -2.284 -1.437 -1.905
104 W -2.192 -2.368 -3.32 -3.691 -1.264 -2.815 -3.179 -2.829 -1.653 0.355 2.169 -2.723 0.605 0.935 -4.566 -3.34 -2.235 9.096 1.117 -0.398
105 L 0.352 -2.297 -3.048 -3.203 -0.015 -2.543 -2.979 -2.482 -2.324 2.463 3.11 -2.265 1.485 0.247 -3.188 -2.235 -1.207 -1.995 -1.283 1.964
106 A 4.082 -1.555 -1.733 -1.758 0.609 -1.391 -1.369 0.303 -1.282 -0.901 -1.392 -0.92 -0.944 -1.919 -1.546 0.384 -0.493 -2.511 -1.826 0.068
107 L -1.716 -2.421 -3.11 -3.412 -0.524 -2.768 -3.316 -3.189 -1.72 2.163 2.851 -2.606 2.658 3.781 -3.818 -2.99 -1.686 -0.775 0.652 1.01
108 F 0.604 -2.227 -1.999 -2.427 -0.327 -2.463 -2.427 -1.738 -1.352 1.039 0.129 -2.088 0.045 4.429 -3.033 -0.255 -0.866 -0.64 1.141 1.786
109 V -0.252 -1.876 -1.471 -2.115 0.177 -1.927 -2.216 -2.215 -2.245 1.971 0.178 -1.665 0.253 -0.918 -2.511 -0.693 2.619 -2.37 -1.529 3.164
110 F -1.275 -2.492 -2.277 -2.696 -0.645 -2.857 -2.931 -2.535 -1.454 2.363 1.482 -2.445 0.68 4.533 -3.514 -0.759 -1.223 -0.542 1.181 0.962
111 L -1.612 -2.257 -3.433 -3.691 -0.221 -2.711 -3.376 -3.453 -2.384 1.934 4.15 -2.549 2.062 0.762 -3.675 -3.229 -1.651 -1.721 -1.127 1.035
112 L -1.663 -2.589 -3.328 -3.515 -0.367 -3.017 -3.506 -3.402 -2.218 2.895 3.242 -2.711 1.615 2.6 -3.752 -3.187 -1.593 -1.321 -0.148 1.507
113 V -0.669 -2.297 -1.924 -2.487 4.655 -2.446 -2.706 -2.401 -2.108 2.064 0.263 -2.114 0.184 2.059 -2.905 -1.211 1.726 -1.721 -0.435 2.257
114 V -0.92 -2.756 -3.199 -3.303 -0.001 -2.917 -3.34 -3.301 -2.806 3.743 1.897 -2.593 1.169 0.004 -3.441 -2.791 -0.922 -2.256 -1.322 3.39
115 G 0.353 -1.361 -0.043 -0.869 -0.345 -1.256 -1.44 3.222 -1.12 -1.567 -2.159 -0.898 -1.374 -2.075 -1.969 1.592 2.209 -2.43 -2.173 -1.083
116 P -0.907 -2.084 -2.004 -1.635 -1.528 -2.004 -1.693 -1.923 -1.678 -2.388 -2.821 -1.135 -2.474 -3.406 6.733 -1.523 -1.419 -4.62 -2.706 -2.233
117 K -0.523 0.823 -0.442 -0.97 -1.016 1.465 -0.186 -1.419 -0.527 -0.851 0.066 2.825 -0.32 -1.747 -1.997 0.326 0.828 -2.37 -1.653 -0.913
118 K -1.024 1.561 -0.054 1.67 -2.092 1.803 0.534 -1.4 -0.183 -2.289 -2.421 3.937 -1.324 -2.914 -1.9 -0.944 -1.182 -2.684 -1.927 -2.146
119 V 0.628 -0.963 1.099 -1.525 -0.231 -1.449 -1.752 -1.621 -1.372 2.207 0.081 0.494 0.098 -1.021 -2.652 -1.301 -0.683 -2.534 -1.591 2.707
120 I -0.582 -1.033 -0.953 -0.797 -0.756 1.048 0.759 -1.813 -0.889 1.756 -0.518 -0.545 -0.307 -1.461 1.785 0.144 0.829 -2.581 -1.731 0.523
121 Y -1.453 1.493 1.252 -1.496 -1.461 -0.985 -1.502 -2.066 0.528 -0.177 -0.845 0.922 -0.63 2.759 -3.003 -1.705 -1.403 0.114 3.781 0.388
122 L -1.39 -0.876 -1.975 -1.528 -1.036 -1.104 0.342 -2.553 -1.2 0.463 2.206 0.558 0.65 2.18 1.653 -2.108 -1.596 -1.619 -0.376 -0.202
123 N -0.871 -1.12 3.674 -0.106 -0.741 -1.201 -1.427 -1.014 -0.284 0.912 0.404 -0.933 -0.258 -1.148 -2.55 0.413 0.97 -2.526 -1.761 -0.022
124 L -1.011 -0.73 -1.213 -1.152 -0.744 -0.888 0.452 -2.174 -1.112 1.245 0.829 0.68 0.16 2.035 -2.525 -0.996 1.626 -1.569 -0.395 0.366
125 R -1.459 3.512 -0.377 1.968 -1.702 -0.12 -0.328 -1.954 -0.493 -0.92 0.458 2.007 -0.372 -1.582 -2.567 -1.491 -1.427 -2.412 -1.855 -1.249
126 E -1.227 0.2 2.38 2.832 -2.229 0.531 2.769 -1.26 0.208 -2.642 -2.862 1.702 -1.913 -2.693 -2.083 -0.726 -1.123 -2.768 -2.145 -2.356
127 K -1.157 1.408 -0.752 -1.206 -1.836 0.14 -0.291 -1.677 -0.4 -1.334 -1.268 3.776 -0.818 2.866 -2.191 -1.309 -1.376 -1.283 0.237 -1.569
128 N -1.66 -0.415 5.643 1.281 -1.846 -0.527 -0.725 -0.155 0.968 -2.712 -3.152 -0.296 -2.161 -2.374 -2.588 -0.118 -0.451 -2.966 -2.069 -2.56
129 Q -0.868 1.022 -0.078 -0.342 -1.897 4.831 1.406 -1.465 0.784 -2.226 -1.976 1.236 -0.389 -2.944 -2.137 -0.74 -0.961 -2.17 -1.271 -1.773
130 R -1.482 2.925 2.88 -0.443 -1.787 -0.062 -0.715 -1.382 3.436 -1.538 -1.267 1.57 1.387 -1.667 -2.646 -1.064 -1.181 -2.249 -0.969 -1.666
131 R -0.787 2.918 2.957 -0.205 -1.319 -0.119 -0.632 -0.999 0.031 -2.062 -2.275 1.638 -1.409 -2.335 -2.229 0.524 0.904 -2.581 -1.915 -1.692
132 I -0.883 -2.468 -2.272 -2.554 -0.176 -2.548 -2.884 -2.623 -2.197 3.844 1.91 -2.151 1.097 0.011 -3.129 -0.522 -0.736 -2.208 -1.382 2.141
133 N -1.723 -0.888 4.773 2.481 -1.621 -0.912 -0.667 -0.721 0.329 -1.267 -0.097 -0.717 -0.973 -1.657 -2.743 -0.652 -0.823 -2.844 -2.069 -1.632
134 L -1.455 -2.511 -3.278 -3.512 -0.288 -2.928 -3.389 -3.325 -2.241 2.523 3.189 -2.669 1.564 2.566 -3.699 -3.058 -1.479 -1.341 -0.148 1.921
135 G -0.147 -0.656 1.769 -0.586 -1.043 -1.007 -1.316 3.795 -0.724 -2.245 -2.675 0.786 -1.824 -2.429 -2.27 0.501 0.746 -2.573 -2.392 -1.875
136 L -1.613 -1.532 3.499 -0.558 -0.831 -1.716 -2.049 -1.641 -0.576 2.247 1.764 -1.447 0.561 -0.447 -3.171 -1.519 -0.984 -2.384 -1.591 0.828
137 F 0.11 -0.986 1.103 -1.592 -0.979 -1.703 -1.875 -1.592 -0.676 -0.102 0.778 0.38 0.001 4.42 -3.049 -1.51 -1.474 -0.616 1.112 -0.543
138 N -1.731 -0.486 5.788 1.211 -1.917 -0.598 -0.796 -0.225 0.898 -2.783 -3.222 -0.367 -2.232 -2.445 -2.658 -0.189 -0.522 -3.037 -2.14 -2.631
139 K -0.863 1.314 -0.567 -1.114 -1.913 0.174 -0.322 1.325 0.038 -2.087 -2.214 3.812 -1.373 -0.779 -2.085 -1.147 -1.387 -1.207 1.896 -2.003
140 L -1.538 2.391 -2.244 -2.788 -0.684 -1.558 -2.404 -3.072 -1.587 3.028 2.127 -0.488 1.003 -0.174 -3.349 -2.583 -1.39 -2.106 -1.417 1.476
141 L -1.564 -2.49 -3.404 -3.559 -0.221 -2.863 -3.48 -3.481 -2.493 3.025 3.621 -2.605 1.841 0.599 -3.646 -3.206 -1.498 -1.864 -1.191 1.653
142 Y -1.66 -2.08 -2.396 -3.153 -1.364 -2.185 -2.643 -2.998 1.357 0.22 -0.397 -2.182 -0.35 3.824 -3.514 -2.563 -1.896 1.695 6.004 0.641
143 I 0.429 -1.736 -2.354 -2.462 -0.196 0.482 -1.85 -2.237 -1.723 3.2 1.533 -1.464 0.87 -0.363 -2.946 -1.863 -0.997 -2.235 -1.384 2.259
144 G -1.135 -1.839 2.647 -0.864 -1.136 -1.996 -2.278 2.745 -0.722 0.89 0.522 -1.635 -0.303 1.981 -3.188 -1.436 -1.381 -1.721 -0.642 -0.256
145 L -1.27 -1.734 0.899 -2.069 -0.335 -1.809 -2.532 -2.465 -1.321 1.658 2.79 -1.819 3.506 0.191 -3.344 -2.145 -1.137 -1.864 -1.215 1.529
146 I -1.232 -2.123 -2.783 -2.999 -0.166 -1.94 -2.951 -3.004 -1.717 3.428 1.908 -2.008 4.218 0.338 -3.378 -2.505 -1.067 -1.719 -1.057 2.067
147 N -1.66 -0.415 5.643 1.281 -1.846 -0.527 -0.725 -0.155 0.968 -2.712 -3.152 -0.296 -2.161 -2.374 -2.588 -0.118 -0.451 -2.966 -2.069 -2.56
148 I -0.65 -2.117 -1.722 -2.239 -0.247 -2.124 -2.431 -2.317 -0.998 3.062 0.53 -1.825 0.413 0.45 -2.824 -0.226 0.845 -1.069 2.026 2.143
149 L -1.264 -2.509 -2.993 -3.287 -0.359 -2.752 -3.195 -3.072 -1.846 2.47 1.805 -2.58 2.404 3.679 -3.681 -2.733 -1.312 -0.912 0.618 2.379
150 L -0.59 -1.949 -1.757 -2.257 -0.077 -1.939 -2.393 -2.266 -1.853 2.733 1.606 -1.743 2.328 -0.229 -2.824 -0.201 0.875 -2.106 -1.37 2.039
151 L -1.293 -2.407 -2.657 -2.979 -0.181 -2.643 -3.147 -3.09 -2.393 3.312 2.812 -2.314 1.429 0.248 -3.272 -2.229 0.519 -2.014 -1.31 1.839
152 L -0.956 -2.151 -2.589 -3.028 -0.034 -2.421 -2.9 -2.942 -2.389 2.061 3.063 -2.215 1.454 0.189 -3.195 -2.053 0.593 -1.989 -1.277 2.327
153 L -0.957 -2.71 -2.602 -2.966 -0.351 -2.925 -3.268 0.914 -2.233 2.9 1.529 -2.544 0.761 2.278 -3.487 -2.529 -1.269 -1.58 -0.351 2.52
154 A 2.485 -1.793 -1.373 -1.767 0.206 -1.684 -1.778 1.704 -1.578 0.592 -0.809 -1.295 -0.543 -1.525 -2.115 0.512 -0.404 -2.511 -1.838 1.775
155 I 1.64 -2.141 -1.955 -2.187 0.14 -2.087 -2.238 -1.347 -1.908 3.036 0.477 -1.672 0.363 -0.679 -2.494 0.038 -0.482 -2.406 -1.548 2.2
156 V 0.463 -2.389 -2.795 -3.013 -0.109 -2.472 -2.833 -2.396 -1.227 2.911 1.492 -2.192 0.779 0.639 -3.087 -2.046 -1.033 -1.023 2.053 2.611
157 Y -1.234 -1.709 1.216 -1.56 -1.185 -1.787 -2.068 -1.937 0.845 0.811 -0.528 -1.622 -0.454 3.203 -3.084 -0.336 -1.125 0.737 4.724 -0.188
158 L -1.318 -2.661 -3.325 -3.429 -0.146 -2.933 -3.468 -3.428 -2.631 3.549 2.916 -2.62 1.55 0.354 -3.567 -3.053 -1.247 -2.04 -1.256 2.497
159 S 0.195 -0.525 -0.241 -0.955 -0.419 -0.855 -1.082 1.558 -0.963 -0.883 -0.025 0.848 -0.532 -1.534 -2.004 1.798 1.187 -2.406 -1.869 -0.853
160 R -0.661 2.963 1.77 -0.547 -1.601 1.457 -0.335 1.472 -0.012 -2.533 -2.482 1.734 -1.434 -2.584 -2.325 0.257 -0.821 -2.511 -1.966 -2.15
161 S 1.43 -0.74 -0.013 -0.642 -0.278 1.08 -0.535 1.812 -0.529 -1.989 -2.311 -0.302 -1.247 -2.223 -1.792 2.388 0.23 -2.534 -1.913 -1.337
162 G -0.184 -2.305 -0.212 1.439 -1.52 -2.036 -1.79 5.472 -1.393 -3.211 -3.536 -1.589 -2.742 -2.782 -2.775 -1.066 -1.912 -2.644 -3.204 -2.935
163 F -2.125 -2.501 -2.763 -3.339 -1.331 -3.011 -3.164 -3.029 0.166 0.285 1.138 -2.776 0.301 5.509 -4.033 -2.936 -2.235 1.069 4.435 -0.4
164 G 1.084 1.618 -0.279 -0.991 -0.538 -0.543 -0.901 1.638 -0.752 -1.745 -2.092 1.247 -1.281 -2.221 -1.921 1.333 1.042 -2.488 -1.989 -1.188
165 G -0.419 -1.544 1.754 -0.762 -1.316 -1.458 -1.795 4.45 3.168 -2.491 -2.883 -1.228 -2.04 -2.204 -2.636 -0.694 0.372 -2.377 -1.568 -2.218
166 K -0.897 2.023 -0.339 -0.793 -2.048 0.736 0.242 -1.413 -0.314 -2.194 -2.311 4.664 -1.295 -2.877 -1.758 -0.952 -1.153 -2.62 -1.86 -2.07
167 A 1.637 1.228 1.473 -0.99 -0.457 -1.051 -1.396 1.677 -0.69 -0.961 -0.005 -0.375 -0.634 -1.574 -2.27 0.455 -0.664 -2.436 -1.917 -0.788
168 E -0.441 -0.727 0.341 3.355 -1.524 0.279 2.951 -1.154 -0.153 -2.554 -2.858 -0.028 -1.876 -2.552 -1.936 1.127 -0.527 -2.791 -2.211 -2.112
169 I -1.448 -3.172 -3.334 -3.252 -0.221 -3.28 -3.758 -3.55 -2.782 4.7 1.606 -2.75 1.2 0.147 -3.576 -3.147 -1.146 -2.256 -1.356 2.789
170 Y -1.883 -1.848 -2.196 -3.093 -1.823 -1.854 -2.434 -3.003 2.034 -0.874 -0.981 -1.944 -0.753 3.277 -3.404 -2.508 -2.16 2.238 6.799 -1.05
171 A 1.594 -1.081 -0.555 1.871 -0.607 -0.323 1.957 -0.904 -0.645 -0.942 -0.025 -0.469 -0.656 -1.634 -2.006 0.44 -0.708 -2.511 -1.905 -0.751
172 S 1.254 -1.252 1.707 -0.596 -0.229 -1.157 -1.245 1.757 -0.726 -0.577 -1.689 -0.837 -1.082 -1.862 -2.053 1.849 0.069 -2.62 -1.957 0.423
173 G 0.94 -1.932 1.596 -0.886 -1.067 -1.832 -2.129 5.054 -1.011 -2.734 -3.071 -1.365 -2.333 -2.572 -2.598 -0.682 -1.484 -2.581 -2.807 -2.229
174 N -1.036 -0.714 4.943 0.747 -1.5 -0.768 -0.883 -0.407 0.462 -2.597 -3.031 -0.463 -2.103 -2.496 1.761 0.604 -0.365 -3.149 -2.166 -2.356
175 L -0.729 -2.009 -1.743 -2.123 -0.299 -2.093 -2.322 -2.206 -1.897 2.376 1.875 -1.689 0.725 -0.408 1.692 -0.205 0.77 -2.37 -1.568 1.104
176 L -1.558 -2.667 -3.237 -3.449 -0.521 -3.037 -3.389 -3.175 -2.097 2.801 2.201 -2.743 1.056 2.548 -3.883 -3.072 -1.529 5.322 0.383 1.966
177 L -1.412 -2.009 0.875 -2.128 -0.518 -2.232 -2.696 -2.616 -0.729 2.174 2.522 -2.048 1.08 0.836 -3.394 -2.337 -1.27 -0.938 2.063 1.666
178 L -1.422 1.5 1.172 -1.546 -0.885 -0.941 -1.633 -2.17 -0.844 1.544 1.89 0.936 2.236 -0.437 -2.982 -1.817 -1.228 -2.099 -1.447 0.463
179 L 0.268 -2.612 -3.068 -3.093 -0.087 -2.768 -3.174 -2.559 -2.405 3.677 2.389 -2.354 1.27 0.132 -3.207 -2.314 -1.174 -2.126 -1.35 2.082
180 V 0.941 -2.046 -2.062 -2.425 0.219 -2.083 -2.287 -1.797 -2.142 2.07 1.22 -1.816 0.6 -0.586 -2.695 -0.172 -0.383 -2.37 -1.447 3.152
181 F -2.405 -2.967 -2.931 -3.385 -1.445 -3.935 -3.553 -2.945 -0.899 0.206 0.494 -3.375 0.131 6.622 -4.519 -3.101 -2.441 0.781 2.86 -0.578
182 R -0.946 3.642 -0.879 -1.644 -1.16 -0.301 -1.038 -1.961 -0.656 0.791 0.489 1.698 -0.101 -1.298 -2.598 -0.197 -0.936 -2.291 -1.657 -0.189
183 L 0.19 -2.465 -3.025 -3.167 -0.226 -2.762 -3.102 -2.482 -2.042 2.704 2.715 -2.398 1.285 2.465 -3.323 -2.318 -1.4 -1.408 -0.211 1.406
184 P -0.441 -2.11 -1.856 -1.94 -0.499 -2.07 -2.032 -2.022 -1.918 1.671 -0.437 -1.511 -0.426 -1.494 4.427 -0.282 -0.664 -3.188 -1.934 1.902
185 L -1.428 -1.958 -2.368 -2.989 -0.55 -2.187 -2.742 -2.936 -0.261 1.086 2.874 -2.071 1.177 1.555 -3.24 -2.092 0.339 0.002 3.597 0.447
186 L -1.691 -2.542 -3.097 -3.351 -0.524 -2.844 -3.366 -3.202 -1.763 2.718 2.445 -2.635 2.571 3.753 -3.803 -2.979 -1.607 -0.825 0.635 1.339
187 L -1.518 -2.237 -3.253 -3.497 -0.224 -2.491 -3.268 -3.338 -2.199 2.487 3.657 -2.404 2.968 0.631 -3.607 -3.025 -1.493 -1.739 -1.125 1.346
188 I -0.604 -1.961 -1.428 -1.985 -0.109 -2.012 -2.312 -2.126 -1.911 2.965 1.365 -1.66 0.68 -0.404 -2.622 0.075 1.854 -2.221 -1.499 1.569
189 L -1.015 -2.298 -2.968 -3.194 -0.077 -2.273 -3.049 -3.107 -2.164 3.188 2.101 -2.243 3.48 0.161 -3.415 -2.59 -1.008 -1.951 -1.187 2.778
190 L -1.494 -2.35 -3.24 -3.434 -0.224 -2.56 -3.318 -3.351 -2.249 2.988 3.355 -2.431 2.89 0.547 -3.592 -3.014 -1.419 -1.81 -1.157 1.64
191 Y -1.868 -1.597 -1.653 -2.692 -1.899 -1.56 -2.083 -2.791 4.084 -1.077 -1.169 -1.757 -0.829 2.943 -3.313 -2.369 -2.179 1.921 6.433 -1.268
192 T -0.139 -1.493 -0.671 -1.412 0.039 -1.486 -1.721 -1.582 -1.643 1.556 -0.332 -1.172 -0.122 -1.176 -2.105 0.763 3.248 -2.333 -1.657 1.537
193 L -1.754 -2.035 -2.641 -3.261 -0.986 -2.176 -2.82 -3.061 0.518 0.693 1.957 -2.208 2.255 3.435 -3.604 -2.709 -1.875 0.896 4.76 0.057
194 L 0.618 1.465 -0.994 -0.927 -0.717 1.258 0.865 -1.472 -0.568 -0.276 1.261 0.051 0.188 -1.103 -2.366 0.1 -0.823 -2.207 -1.563 -0.463
195 L -1.318 -2.494 -3.183 -3.407 4.637 -2.658 -3.397 -3.149 -2.328 2.807 2.858 -2.51 2.674 0.253 -3.534 -2.766 -1.383 -1.995 -1.352 1.5
196 L -0.997 -2.47 -2.51 -2.887 -0.171 -2.696 -3.009 -2.899 -2.222 2.986 1.62 -2.36 0.892 2.311 -3.26 -2.025 0.62 -1.552 -0.253 2.637
197 N -0.868 -1.245 2.729 -0.19 4.499 -0.9 0.488 -1.344 0.174 0.469 -1.209 -0.91 -0.937 -0.259 -2.636 0.111 -0.728 -1.291 1.903 -0.414
198 Y 0.266 -0.255 1.36 -1.141 -1.38 1.087 -0.781 -1.411 1.1 -1.443 -1.602 0.93 -0.982 1.305 -2.531 -1.084 -1.299 0.437 4.545 -1.26
199 W -1.754 -2.501 -3.025 -3.424 -0.996 -2.831 -3.138 -2.95 -0.832 1.714 1.118 -2.657 0.36 2.901 -4.066 -2.999 -1.809 7.236 2.928 1.284
200 N -0.537 -1.014 2.831 0.035 -0.8 -0.698 0.636 -1.076 -0.29 0.787 0.337 -0.664 -0.301 -1.21 -2.403 1.027 -0.305 -2.503 -1.747 -0.18
201 N -1.183 0.269 2.851 0.085 -1.572 -0.133 0.913 -1.244 -0.012 -1.58 -1.764 2.024 -1.218 1.668 -2.309 -0.623 0.638 -1.84 -0.572 -1.529
202 N -1.139 -0.445 2.801 -0.56 4.498 -0.864 -1.217 -1.351 3.264 -0.84 0.027 0.735 -0.584 -1.405 -2.582 -0.816 0.609 -2.428 -1.087 -0.99
203 K -1.357 2.057 3.003 2.122 -2.161 0.257 1.282 -1.15 0.184 -2.597 -2.739 2.342 -1.799 -2.686 -2.245 -0.774 -1.077 -2.783 -2.106 -2.38
204 Y -1.068 -0.215 -0.75 -1.488 -1.667 1.124 -0.694 -1.751 3.602 -1.764 -1.805 0.895 -1.011 0.915 -2.714 -0.198 -1.254 5.477 3.852 -1.749
205 I -1.257 1.13 -2.589 -2.956 -0.372 -2.065 -2.768 -3.162 -2.038 3.514 1.823 -1.184 1.029 -0.122 -3.372 -2.659 -1.152 -2.185 -1.377 2.49
206 D -0.565 1.207 -0.037 2.859 -1.077 -0.913 -0.403 -1.284 -0.808 -1.242 -0.202 -0.311 -0.877 -1.818 1.793 0.922 -0.577 -2.877 -2.137 -1.39
207 L -1.15 -0.85 1.191 -1.502 -0.654 -1.471 -1.822 -2.026 -1.075 0.888 1.655 0.464 0.507 2.149 -2.881 -1.381 0.583 -1.58 -0.344 1.051
208 K -1.01 2.144 1.575 -0.798 -1.63 -0.157 -0.701 1.352 -0.43 0.236 -1.477 2.863 -1.018 -2.094 -2.375 -1.138 -1.205 -2.557 -1.974 -0.793
209 L -0.887 -1.341 -1.567 -2.111 4.618 0.628 -1.635 -2.274 -1.52 0.685 2.229 -1.246 0.811 -0.509 -2.737 -1.107 1.638 -2.132 -1.54 0.305
210 I -1.464 -2.224 0.859 -2.03 -0.413 -2.29 -2.871 -2.65 -1.597 3.607 1.909 -2.061 2.46 0.036 -3.401 -2.357 -1.109 -2.126 -1.35 1.943
211 I -0.853 -2.338 -1.831 -2.27 -0.291 -2.439 -2.654 -2.364 -1.85 3.417 0.813 -2.018 0.583 2.236 -2.975 -0.309 0.78 -1.613 -0.32 1.79
212 L -1.452 -0.278 1.172 -1.422 -1.039 -1.16 -1.557 -2.086 -0.919 2.11 1.062 1.66 0.334 2.101 -2.91 -1.828 -1.266 -1.664 -0.375 0.688
213 T -0.217 -1.498 -0.772 -1.555 0.115 -1.526 -1.807 -1.779 -1.839 1.055 -0.402 -1.235 -0.143 -1.262 -2.11 0.046 3.676 -2.312 -1.651 2.036
214 G 0.854 -2.472 -1.205 -1.903 4.533 -2.453 -2.709 4.437 -1.569 -1.73 -1.874 -1.941 -1.624 1.665 -2.853 -1.096 -1.69 -1.822 -1.025 -1.519
215 L -1.229 -2.772 -2.742 -3.006 -0.362 -2.947 -3.472 0.861 -2.459 3.629 2.331 -2.523 1.18 0.081 -3.487 -2.763 -1.393 -2.126 -1.487 1.946
216 V 1.041 -1.717 -1.355 -1.739 -0.022 -1.684 -1.752 -1.27 -1.606 0.943 0.656 -1.316 0.035 -1.078 1.786 0.929 -0.233 -2.612 -1.679 1.799
217 L -1.315 -2.291 -2.668 -3.032 -0.181 -2.572 -3.1 -3.078 -2.34 2.869 3.173 -2.289 1.559 0.341 -3.285 -2.237 0.482 -1.938 -1.277 1.565
218 L 0.25 -2.328 -2.791 -3.106 4.61 -2.56 -2.961 -2.174 -1.593 0.803 2.028 -2.354 2.279 3.626 -3.339 -1.992 -1.525 -0.925 0.517 0.292
219 L -1.006 -2.542 -2.242 -2.731 -0.51 -2.721 -3.26 2.528 -2.218 2.509 2.512 -2.338 1.01 -0.091 -3.388 -2.416 -1.586 -2.079 -1.662 1.108
220 I -1.544 -2.694 -3.141 -3.273 -0.37 -2.849 -3.445 -3.301 -2.09 3.687 2.086 -2.587 2.561 2.489 -3.667 -2.974 -1.365 -1.398 -0.169 2.029
221 T -0.014 -1.439 -0.651 -1.411 0.108 -1.433 -1.657 -1.541 -1.662 0.939 -0.518 -1.147 -0.216 -1.304 -2.075 0.797 3.269 -2.362 -1.657 1.947
222 L -1.361 -2.089 -2.936 -3.201 -0.229 -2.036 -3.018 -3.107 -1.816 2.913 2.733 -2.111 4.263 0.439 -3.487 -2.664 -1.268 -1.704 -1.09 1.614
223 F -1.856 -2.546 -2.71 -3.277 -1.221 -3.003 -3.106 -2.973 0.133 0.581 0.208 -2.762 0.011 5.481 -3.959 -2.807 -2.003 1.033 4.431 0.76
224 S 0.855 -0.86 0.343 -0.417 0.009 -0.711 -0.73 -0.323 -0.649 -1.672 -2.18 -0.423 -1.154 -1.959 -1.576 3.224 1.782 -2.565 -1.819 -1.09
225 G 0.019 -2.428 -0.511 -1.394 -1.391 -2.266 -2.693 5.875 -1.547 -3.286 -3.532 -1.722 -2.738 -2.749 -2.85 -1.073 -1.99 -2.511 -3.219 -2.935
226 E -0.99 -0.193 -0.409 1.447 -2.482 1.275 4.653 -2.02 0.322 -2.835 -2.774 0.606 -1.824 -2.679 -1.952 -0.862 -1.372 -2.458 -1.979 -2.205
227 R -1.605 5.638 -0.533 -1.635 -2.33 0.447 -0.632 -2.199 0.028 -2.682 -2.099 1.948 -1.295 -2.543 -2.775 -1.477 -1.525 -2.305 -1.843 -2.233
228 D -1.848 -1.659 1.128 5.936 -2.443 -0.943 0.979 -1.194 -0.607 -2.796 -3.562 -0.9 -2.769 -2.991 -2.36 -1.023 -1.484 -3.602 -3.114 -2.935
229 F -1.886 -2.859 -2.973 -3.284 -0.898 -3.268 -3.445 -3.198 -0.768 2.92 0.883 -2.86 0.545 4.729 -3.914 -3.028 -1.78 0.19 3.102 1.314
230 L -1.073 -2.436 -3.117 -3.308 -0.075 -2.546 -3.196 -3.227 -2.401 3.222 2.504 -2.406 2.656 0.221 -3.465 -2.755 -1.076 -2.008 -1.221 2.787
231 F -2.405 -2.967 -2.931 -3.385 -1.445 -3.935 -3.553 -2.945 -0.899 0.206 0.494 -3.375 0.131 6.622 -4.519 -3.101 -2.441 0.781 2.86 -0.578
232 R -1.29 4.77 -0.687 -1.694 -1.496 0.074 -0.94 -2.128 -0.284 -1.226 -0.893 1.344 1.52 -1.776 -2.673 -1.132 0.491 -2.146 -1.679 -1.126
233 F -1.786 -2.366 -2.304 -2.92 -1.029 -2.852 -2.956 -2.736 -0.45 0.346 1.128 -2.536 0.316 5.348 -3.664 -2.12 0.17 0.534 3.375 -0.233
234 L -1.455 -2.511 -3.278 -3.512 -0.288 -2.928 -3.389 -3.325 -2.241 2.523 3.189 -2.669 1.564 2.566 -3.699 -3.058 -1.479 -1.341 -0.148 1.921
235 I -1.092 -2.842 -3.248 -3.306 -0.072 -3.006 -3.455 -3.377 -2.777 3.992 1.979 -2.635 1.227 0.086 -3.49 -2.908 -1.016 -2.228 -1.322 3.148
236 I -1.092 -2.842 -3.248 -3.306 -0.072 -3.006 -3.455 -3.377 -2.777 3.992 1.979 -2.635 1.227 0.086 -3.49 -2.908 -1.016 -2.228 -1.322 3.148
237 T -0.156 -1.175 0.116 1.591 -0.206 -1.058 -0.838 -1.162 -1.191 -0.751 -1.537 -0.789 -0.921 -1.861 -1.804 1.111 3.712 -2.466 -1.942 -0.319
238 V -0.534 -2.7 -2.561 -2.893 -0.058 -2.76 -3.126 0.925 -2.676 3.261 0.788 -2.418 0.603 -0.498 -3.272 -2.323 -0.866 -2.406 -1.559 3.483
239 L -1.439 -2.266 -2.883 -3.176 -0.408 -2.227 -3.065 -3.175 -0.971 3.223 2.051 -2.205 3.44 0.991 -3.487 -2.723 -1.332 -0.783 2.115 1.733
240 I -1.715 -2.965 -3.226 -3.349 -0.521 -3.359 -3.641 -3.351 -2.061 3.614 1.909 -2.884 1.086 3.714 -3.83 -3.146 -1.535 -0.969 0.582 1.913
241 L -1.612 -2.257 -3.433 -3.691 -0.221 -2.711 -3.376 -3.453 -2.384 1.934 4.15 -2.549 2.062 0.762 -3.675 -3.229 -1.651 -1.721 -1.127 1.035
242 F -1.874 -2.416 -2.643 -3.31 4.44 -2.696 -3.002 -2.78 0.575 -0.626 -0.575 -2.59 -0.592 4.305 -3.902 -2.652 -2.188 5.671 4.992 -0.96
243 Y -1.729 -2.141 -2.63 -3.203 -0.986 -2.238 -2.862 -3.073 0.498 1.566 1.388 -2.233 2.154 3.403 -3.59 -2.699 -1.79 0.867 4.756 0.505
244 L -0.988 -2.096 -1.811 -2.368 -0.44 -2.368 -2.556 -2.283 -1.508 1.687 1.928 -2.034 0.774 3.623 -3.094 -0.315 0.632 -0.947 0.539 0.663
245 G -0.43 -0.162 -0.316 -1.158 -1.697 -0.789 -1.231 4.422 3.144 -2.854 -3.005 1.79 -2.037 -2.438 -2.49 -1.113 -1.763 -2.377 -1.544 -2.682
246 K -1.078 1.371 1.601 -0.621 -1.688 0.232 -0.228 -1.419 -0.336 0.319 -1.395 3.834 -0.875 -2.147 -2.078 -1.048 -1.053 -2.62 -1.819 -0.711
247 L -1.54 -2.614 -3.39 -3.494 -0.221 -2.941 -3.534 -3.494 -2.548 3.447 3.316 -2.633 1.723 0.514 -3.632 -3.194 -1.424 -1.938 -1.223 1.919
248 K -1.003 1.773 1.734 -0.407 -2.029 0.579 0.115 -1.21 -0.106 -2.271 -2.425 4.302 -1.411 -2.811 -1.87 -0.83 -1.054 -2.676 -1.898 -2.144
249 R -1.528 3.712 2.812 -0.551 -1.774 -0.08 -0.789 -1.498 0.038 -1.36 -0.098 1.808 -0.686 -1.785 -2.679 -1.139 -1.166 -2.443 -1.81 -1.539
250 K -1.351 0.396 -1.228 -1.045 -1.589 -0.323 0.768 -2.128 -0.616 0.733 -0.519 2.618 -0.418 3.357 -2.596 -1.675 -1.499 -1.14 0.418 -0.352
251 H -1.793 -0.593 0.134 -1.25 -2.314 -0.419 -0.775 -1.915 7.733 -2.382 -2.356 -0.971 -1.242 0.188 -2.897 -1.758 -2.277 -0.588 3.168 -2.707
252 L -1.455 -2.511 -3.278 -3.512 -0.288 -2.928 -3.389 -3.325 -2.241 2.523 3.189 -2.669 1.564 2.566 -3.699 -3.058 -1.479 -1.341 -0.148 1.921
253 L -1.374 -2.437 -2.828 -2.991 -0.607 -2.646 -2.957 -2.883 -1.691 2.026 1.581 -2.34 2.243 3.616 1.542 -2.58 -1.46 -1.042 0.539 1.551
254 L -1.545 -2.195 -3.028 -3.334 -0.373 -2.346 -3.14 -3.142 -1.746 2.282 2.98 -2.335 3.602 2.59 -3.655 -2.828 -1.507 -1.173 -0.079 1.168
255 L -1.518 -2.237 -3.253 -3.497 -0.224 -2.491 -3.268 -3.338 -2.199 2.487 3.657 -2.404 2.968 0.631 -3.607 -3.025 -1.493 -1.739 -1.125 1.346
256 V 1.51 -2.336 -2.708 -2.786 0.177 -2.384 -2.629 -1.756 -2.265 2.91 1.469 -2.007 0.763 -0.381 -2.771 -1.497 -0.823 -2.298 -1.447 2.666
257 P -0.907 -2.084 -2.004 -1.635 -1.528 -2.004 -1.693 -1.923 -1.678 -2.388 -2.821 -1.135 -2.474 -3.406 6.733 -1.523 -1.419 -4.62 -2.706 -2.233
258 L -1.113 -2.708 -3.262 -3.366 -0.072 -2.925 -3.403 -3.364 -2.717 3.648 2.451 -2.606 1.366 0.184 -3.504 -2.919 -1.08 -2.146 -1.289 2.978
259 G 2.38 -2.104 -1.292 -1.758 -0.221 -1.966 -2.154 3.853 -1.572 0.476 -1.289 -1.461 -1.065 -1.799 -2.293 -0.527 -1.146 -2.473 -2.258 -0.09
260 I 0.447 -2.256 -2.74 -2.883 -0.02 -2.14 -2.793 -2.318 -1.971 3.333 1.381 -2.008 3.34 -0.077 -3.072 -1.949 -0.941 -2.034 -1.279 2.405
261 L 0.531 -2.202 -1.955 -2.395 -0.181 -2.293 -2.659 1.191 -2.031 2.396 1.896 -1.905 0.737 -0.363 -2.814 -1.338 0.556 -2.159 -1.613 1.187
262 L 1.371 -2.125 -2.679 -2.792 0.039 -2.138 -2.603 -1.756 -1.904 2.606 2.237 -1.885 2.458 -0.048 -2.829 -1.547 -1.066 -2.021 -1.342 1.443
263 L -1.494 -2.35 -3.24 -3.434 -0.224 -2.56 -3.318 -3.351 -2.249 2.988 3.355 -2.431 2.89 0.547 -3.592 -3.014 -1.419 -1.81 -1.157 1.64
264 P -1.052 -2.356 -2.326 -2.012 -1.091 -2.315 -2.149 -2.302 -1.953 1.646 -0.765 -1.512 -0.884 -1.887 5.794 -1.901 -1.338 -3.727 -2.252 0.224
265 L -1.612 -2.257 -3.433 -3.691 -0.221 -2.711 -3.376 -3.453 -2.384 1.934 4.15 -2.549 2.062 0.762 -3.675 -3.229 -1.651 -1.721 -1.127 1.035
266 S 0.855 -0.86 0.343 -0.417 0.009 -0.711 -0.73 -0.323 -0.649 -1.672 -2.18 -0.423 -1.154 -1.959 -1.576 3.224 1.782 -2.565 -1.819 -1.09
267 H 0.457 -0.942 0.42 2.909 -1.342 -0.631 -0.128 -0.972 5.849 -2.297 -2.618 -0.792 -1.597 -1.688 -2.275 0.236 -1.102 -2.291 -0.018 -2.09
268 V -0.741 -0.355 -1.582 -1.995 -0.421 -1.159 -1.586 -2.326 -1.714 2.662 0.302 1.658 0.284 -0.91 -2.582 -1.447 0.733 -2.414 -1.55 2.419
269 Y -2.023 -2.126 -2.388 -3.174 -1.71 -2.313 -2.712 -2.986 1.453 -0.522 -0.478 -2.286 -0.472 4.678 -3.681 -2.666 -2.238 1.891 6.109 -0.907
270 K -0.897 2.023 -0.339 -0.793 -2.048 0.736 0.242 -1.413 -0.314 -2.194 -2.311 4.664 -1.295 -2.877 -1.758 -0.952 -1.153 -2.62 -1.86 -2.07
271 Y -1.522 -1.924 -1.887 -2.78 -1.757 -1.91 -2.47 0.965 1.725 -1.118 -1.234 -1.911 -0.966 2.892 -3.318 -2.254 -2.135 1.884 6.369 -1.255
272 F -1.826 -2.302 -2.159 -2.848 -1.271 -2.706 -2.821 -2.682 0.227 -0.137 -0.064 -2.442 -0.197 5.463 -3.624 -2.042 0.134 1.042 4.423 -0.583
273 F -2.038 -2.641 -3.136 -3.512 -0.856 -3.346 -3.476 -3.152 -1.445 1.075 2.625 -2.992 1.118 5.278 -4.127 -3.156 -2.076 -0.043 1.743 0.225
274 L -0.6 -1.766 -1.733 -2.275 -0.156 -1.955 -2.294 -2.091 -1.723 1.246 3.296 -1.736 1.435 0.201 -2.892 0.509 -0.648 -1.951 -1.31 0.527
275 T 0.044 -1.122 0.205 1.641 -0.214 -0.979 -0.73 -0.968 -1.049 -0.973 -1.712 -0.713 -1.016 -1.913 -1.773 1.65 3.311 -2.519 -1.949 -0.526
276 G -0.179 -2.043 -0.364 -1.339 -1.516 -1.873 -2.277 5.464 3.057 -3.2 -3.391 -1.577 -2.49 -2.406 -2.846 -1.149 -2.032 -2.348 -1.836 -2.959
277 N -1.089 1.475 2.762 -0.561 -0.959 1.072 -0.871 -1.495 -0.257 0.102 0.338 -0.085 -0.185 -1.381 -2.654 -0.837 0.733 -2.406 -1.653 0.636
278 T -0.091 -1.071 -0.117 -0.993 0.143 -1.081 -1.356 -1.307 -1.391 -0.202 -1.035 -0.769 -0.51 -1.559 -1.665 0.727 4.179 -2.163 -1.685 0.251
279 R -1.513 5.469 -0.441 -1.542 -2.238 0.539 -0.539 -2.106 0.12 -2.59 -2.006 2.04 -1.202 -2.45 -2.683 -1.385 -1.432 -2.212 -1.75 -2.14
280 I -0.902 -2.892 -3.186 -3.245 -0.001 -2.997 -3.391 -3.314 -2.868 4.077 1.315 -2.621 1.02 -0.101 -3.428 -2.781 -0.862 -2.341 -1.356 3.538
281 S 0.117 -0.659 3.121 0.13 -0.714 -0.567 -0.666 -0.372 3.4 -2.293 -2.651 -0.423 -1.516 -1.94 -1.989 2.362 0.26 -2.542 -1.079 -1.888
282 G -0.23 -1.196 3.077 1.977 -1.153 -1.052 -0.793 2.988 -0.27 -2.656 -3.083 -0.769 -2.106 -2.466 -2.302 1.216 -0.425 -2.825 -2.435 -2.318
283 G -1.057 -1.863 2.24 -1.049 -0.803 -1.986 -2.369 2.372 -1.019 1.856 1.409 -1.643 0.322 -0.63 -3.114 -1.569 -1.231 -2.3 -1.809 0.583
284 L -1.059 -1.361 -2.338 -2.792 -0.147 -1.029 -2.331 -2.561 -0.947 1.625 2.157 -1.431 5.499 0.489 -3.221 -1.995 -1.024 -1.284 -0.811 1.011
285 S 1.09 -0.719 0.519 -0.227 0.094 -0.548 -0.534 -0.085 -0.438 -1.89 -2.307 -0.263 -1.165 -1.922 -1.454 3.186 1.033 -2.527 -1.734 -1.271
286 L -1.865 -2.174 -0.897 2.884 -1.156 -2.195 -1.09 -2.29 -1.128 0.439 1.784 -2.015 0.493 3.816 -3.309 -2.192 -1.759 -0.892 0.685 -0.329
287 G 0.964 -0.336 2.95 -0.104 -0.763 -0.648 -0.841 1.812 -0.206 -2.18 -2.557 0.983 -1.642 -2.331 -2.027 1.341 -0.234 -2.7 -2.085 -1.67
288 N -0.271 -0.975 2.933 -0.221 -0.449 -1.0 -1.181 -0.822 -0.432 -0.681 0.038 -0.735 -0.502 -1.418 -2.141 1.409 2.07 -2.473 -1.784 -0.647
289 E -0.932 0.282 1.741 0.655 -1.765 1.861 2.893 -1.455 0.194 -2.149 -2.36 1.518 -1.37 -2.545 -2.022 -0.504 0.639 -2.496 -1.857 -1.711
290 N -1.159 -0.673 5.015 2.443 -1.613 -0.651 -0.443 -0.338 0.549 -2.656 -3.134 -0.435 -2.138 -2.45 -2.429 0.642 -0.371 -3.046 -2.211 -2.451
291 L -1.7 -2.597 -3.128 -3.332 -0.61 -2.799 -3.342 -3.128 -1.863 3.106 1.837 -2.601 2.406 2.556 -3.88 -3.01 -1.563 5.329 0.402 1.546
292 I -1.749 -2.886 -3.272 -3.39 -0.607 -3.216 -3.56 -3.261 -2.123 3.548 1.771 -2.817 0.965 2.54 -3.924 -3.19 -1.568 5.318 0.364 1.834
293 L -1.043 -0.551 -1.389 -1.846 -0.937 0.816 -1.163 -2.031 -0.78 0.19 1.597 0.679 0.496 3.515 -2.892 -0.367 -1.126 -0.978 0.534 -0.38
294 S -0.403 1.887 0.133 1.885 -1.41 1.612 1.433 -1.148 -0.095 -2.377 -2.478 1.608 -1.384 -2.564 -1.993 1.095 -0.471 -2.612 -1.932 -1.96
295 L -1.925 -2.54 -3.207 -3.556 -0.684 -3.174 -3.451 -3.225 -1.653 1.315 3.088 -2.875 1.385 4.643 -4.007 -3.174 -1.964 -0.38 1.249 0.45
296 L -1.925 -2.54 -3.207 -3.556 -0.684 -3.174 -3.451 -3.225 -1.653 1.315 3.088 -2.875 1.385 4.643 -4.007 -3.174 -1.964 -0.38 1.249 0.45
297 D 1.017 -1.078 2.084 3.086 -0.639 -0.816 -0.168 -0.36 -0.386 -2.1 -2.61 -0.581 -1.696 -2.309 -1.902 1.907 0.012 -2.912 -2.187 -1.601
298 G 0.181 -2.134 -0.357 -1.213 -1.146 -1.97 -2.291 5.489 -1.378 -3.06 -3.34 -1.482 -2.474 -2.632 -2.624 0.197 -1.343 -2.526 -2.974 -2.651
299 E -0.99 -0.193 -0.409 1.447 -2.482 1.275 4.653 -2.02 0.322 -2.835 -2.774 0.606 -1.824 -2.679 -1.952 -0.862 -1.372 -2.458 -1.979 -2.205
300 F -2.405 -2.967 -2.931 -3.385 -1.445 -3.935 -3.553 -2.945 -0.899 0.206 0.494 -3.375 0.131 6.622 -4.519 -3.101 -2.441 0.781 2.86 -0.578
301 E -0.748 1.33 -1.278 -0.214 -0.966 0.012 2.547 -2.438 -0.733 0.995 -0.597 -0.023 -0.379 -1.509 -2.56 -1.508 -0.995 -2.436 -1.677 2.238
302 S 1.583 -0.956 0.111 -0.59 0.103 -0.81 -0.829 -0.246 -0.749 -1.508 -2.024 -0.499 -1.109 -1.946 -1.576 2.908 1.659 -2.549 -1.819 -0.859
303 A 4.082 -1.555 -1.733 -1.758 0.609 -1.391 -1.369 0.303 -1.282 -0.901 -1.392 -0.92 -0.944 -1.919 -1.546 0.384 -0.493 -2.511 -1.826 0.068
304 S 0.876 -0.994 0.309 -0.451 -0.161 -0.824 -0.845 1.853 -0.656 -2.136 -2.536 -0.516 -1.428 -2.108 -1.7 3.148 0.664 -2.604 -1.989 -1.542
305 R 0.486 4.214 -0.576 -1.483 -0.94 -0.161 -0.944 -1.468 -0.505 -1.532 -1.686 1.048 -1.03 -2.17 -2.257 -0.43 1.683 -2.319 -1.822 -0.981
306 N -1.731 -0.486 5.788 1.211 -1.917 -0.598 -0.796 -0.225 0.898 -2.783 -3.222 -0.367 -2.232 -2.445 -2.658 -0.189 -0.522 -3.037 -2.14 -2.631
307 L -1.472 -2.004 -3.11 -3.437 -0.226 -2.161 -3.071 -3.202 -1.932 1.825 3.691 -2.217 3.777 0.662 -3.567 -2.854 -1.488 -1.619 -1.061 1.002
308 Q -0.953 0.936 -0.164 -0.428 -1.982 5.123 1.321 -1.55 0.698 -2.311 -2.062 1.151 -0.474 -3.03 -2.222 -0.825 -1.046 -2.256 -1.356 -1.858
309 I -1.011 -2.357 -2.608 -1.919 -0.293 -1.891 -0.076 -3.13 -2.123 3.824 1.049 -1.896 0.788 -0.302 -3.19 -2.474 -0.983 -2.341 -1.437 3.011
310 L -1.174 -2.34 -3.303 -3.553 -0.072 -2.696 -3.253 -3.325 -2.544 2.266 3.528 -2.523 1.746 0.46 -3.545 -2.951 -1.281 -1.913 -1.191 2.395
311 L -1.297 -2.792 -3.311 -3.368 -0.146 -3.014 -3.521 -3.442 -2.69 3.905 2.519 -2.648 1.42 0.261 -3.553 -3.042 -1.179 -2.119 -1.289 2.697
312 N -1.131 -0.729 4.928 0.654 -1.275 -0.827 -1.023 -0.51 0.419 -1.364 -0.311 -0.592 -0.973 -1.657 -2.588 0.515 -0.387 -2.75 -1.927 -1.569
313 H -1.071 -0.407 2.989 -0.196 -1.663 1.224 -0.457 -1.082 5.045 -2.233 -2.364 -0.377 -1.308 -0.317 -2.539 0.211 -0.9 -1.023 2.41 -2.145
314 E -0.199 -0.138 1.833 0.382 -1.294 0.11 1.975 1.573 -0.106 -2.519 -2.743 1.225 -1.73 -2.475 -1.999 1.182 -0.435 -2.612 -2.085 -2.058
315 E 0.228 -0.429 0.095 0.754 -0.924 0.53 2.982 -0.897 -0.017 -2.321 -2.524 0.221 -1.471 -2.271 -1.686 1.932 0.066 -2.481 -1.845 -1.697
316 L -1.393 -1.629 -1.979 -1.129 -0.895 -0.962 1.08 -2.683 -0.843 2.024 0.9 -1.277 2.735 3.237 -3.134 -2.085 -1.415 -0.957 0.431 0.862
317 V -0.598 -1.634 -1.718 -2.324 -0.003 -1.501 -2.239 -2.324 -1.615 1.669 1.085 -1.539 3.977 -0.317 -2.76 -1.07 1.797 -1.895 -1.259 2.224
318 K -0.416 1.082 -0.249 -0.349 -1.609 0.376 1.188 1.445 -0.386 -2.38 -2.535 3.408 -1.53 -2.691 -1.886 0.262 -0.863 -2.581 -2.031 -2.081
319 G -0.425 -1.418 1.722 -0.798 -1.383 -1.321 -1.619 3.758 3.389 -2.473 -2.692 -1.165 -1.863 -0.482 -2.66 0.14 -1.181 -1.107 2.058 -2.308
320 L -0.272 -1.659 -1.014 -1.659 -0.449 -1.691 -1.825 -1.523 -0.411 1.135 0.777 -1.425 0.127 2.541 -2.602 1.432 -0.307 -0.592 2.411 0.178
321 L -1.734 -1.193 -2.451 -2.907 -0.963 -2.0 -2.414 -2.865 -0.594 0.794 2.417 0.162 0.921 3.921 -3.463 -2.643 -1.844 -0.063 2.804 0.047
322 G -0.258 -1.111 1.751 0.226 -1.465 -0.4 1.736 3.769 -0.356 -2.865 -3.077 -0.501 -2.142 -2.569 -2.335 0.329 -0.989 -2.581 -2.447 -2.405
323 G -0.982 -2.452 -1.608 -2.359 -1.261 -2.648 -2.966 3.598 -0.603 -0.542 0.45 -2.262 -0.412 3.721 -3.444 -2.003 -2.083 -0.17 2.661 -1.06
324 E -1.272 1.842 1.608 0.437 -2.211 0.548 2.745 -1.727 0.61 -2.346 -2.333 1.577 -1.542 -0.69 -2.298 -1.029 -1.318 -1.178 1.915 -2.047
325 R -0.473 2.841 -0.223 -0.938 -1.253 2.397 -0.182 1.387 -0.178 -2.072 -2.125 0.752 -1.077 -2.468 -2.266 0.383 0.766 -2.355 -1.836 -1.604
326 I -1.689 -2.702 -2.907 -3.224 -0.763 -2.868 -3.288 -3.293 -0.302 3.426 0.908 -2.57 0.611 3.081 -3.641 -2.944 -1.569 0.193 3.819 1.725
327 L -1.152 -2.663 -2.652 -3.021 -0.432 -2.933 -3.33 0.899 -2.161 2.771 2.151 -2.557 0.986 2.362 -3.55 -2.646 -1.448 -1.493 -0.327 1.948
328 N -0.988 -0.399 3.669 -0.075 -1.036 -0.835 -1.118 -1.016 -0.151 0.778 0.321 0.838 -0.337 -1.271 -2.55 0.218 -0.545 -2.581 -1.773 -0.269
329 D 0.112 -1.644 0.856 5.524 -1.757 -1.003 0.74 -0.927 -0.694 -2.437 -3.134 -0.903 -2.426 -2.811 -2.229 -0.775 -1.32 -3.419 -2.891 -2.265
330 I -1.26 -2.649 -2.491 -2.854 -0.394 -2.928 -3.134 -2.899 -1.95 3.188 0.923 -2.497 0.645 3.605 -3.399 -2.102 0.519 -1.042 0.536 2.205
331 L -1.519 -2.165 -3.341 -3.598 -0.129 -2.619 -3.284 -3.361 -2.292 2.027 4.002 -2.456 2.154 0.854 -3.583 -3.137 -1.559 -1.629 -1.035 1.127
332 L 1.452 1.449 -1.778 -2.172 -0.278 -1.045 -1.534 -1.436 -1.327 0.733 1.543 0.943 0.423 -0.821 -2.463 -1.151 -1.024 -2.242 -1.548 1.116
333 R -0.043 3.568 -0.041 -0.928 -0.772 -0.183 -0.733 -1.066 -0.386 -1.922 -2.056 0.815 -1.17 -2.17 -2.045 1.812 1.196 -2.428 -1.826 -1.399
334 I 0.493 -2.578 -2.965 -3.034 0.055 -2.678 -3.013 -2.454 -2.51 3.502 1.735 -2.304 1.004 -0.138 -3.108 -2.117 -0.918 -2.263 -1.384 2.917
335 F -2.405 -2.967 -2.931 -3.385 -1.445 -3.935 -3.553 -2.945 -0.899 0.206 0.494 -3.375 0.131 6.622 -4.519 -3.101 -2.441 0.781 2.86 -0.578
336 L -0.685 -1.911 -1.738 -2.322 -0.247 -2.006 -2.359 -2.298 -0.933 1.988 1.863 -1.782 0.767 0.621 -2.846 -0.234 0.777 -0.96 2.047 1.63
337 G -0.574 1.253 1.823 1.714 -1.203 -0.9 -0.789 1.503 -0.563 -2.154 -2.559 -0.246 -1.799 -2.491 1.794 0.429 0.786 -2.894 -2.318 -1.818
338 T -0.773 -0.15 2.943 0.204 -0.973 -0.227 0.862 -1.085 -0.197 -1.398 -1.987 1.102 -1.258 -2.158 -2.017 0.029 2.556 -2.542 -1.917 -1.013
339 I -1.079 -2.237 -0.608 2.713 -0.818 -1.978 -1.197 1.163 -1.653 2.607 -0.089 -1.678 -0.208 -1.079 -2.784 -1.375 0.521 -2.62 -2.064 1.038
340 F -0.716 -1.151 -0.477 1.417 -1.164 0.808 -0.639 -1.474 0.096 -1.137 -1.127 -0.902 -0.755 3.634 -2.644 0.811 -0.751 -0.284 2.72 -1.297
341 S 0.997 -0.812 0.426 -0.319 0.002 -0.641 -0.626 -0.177 -0.531 -1.982 -2.399 -0.356 -1.258 -2.014 -1.546 3.495 0.94 -2.62 -1.826 -1.363
342 N 0.51 -1.408 2.644 -0.725 -0.496 -1.476 -1.637 -1.124 -0.791 0.228 0.346 -1.122 -0.339 -1.343 1.751 -0.634 0.786 -2.692 -1.826 0.796
343 L -0.354 -1.152 -0.738 -1.373 -0.44 0.789 -1.229 1.307 -1.146 1.067 0.57 -0.854 0.026 -1.14 -2.371 0.368 1.822 -2.256 -1.713 0.269
344 S 0.232 -0.453 -0.185 -0.904 -0.421 -0.7 -1.01 1.581 -0.817 -1.029 -1.106 0.902 1.464 -1.644 -1.973 1.833 1.218 -2.341 -1.826 -0.885
345 W -2.721 -2.454 -3.237 -3.691 -2.405 -2.895 -3.04 -2.437 -1.205 -1.925 -1.721 -2.862 -1.351 1.057 -5.479 -3.426 -2.766 10.681 2.098 -2.299
346 F -2.325 -2.778 -2.814 -3.342 -1.496 -3.529 -3.364 -2.954 -0.251 0.074 0.324 -3.122 0.02 6.324 -4.331 -3.009 -2.4 1.04 3.865 -0.641
347 N 0.652 -0.878 2.893 -0.334 -0.625 -0.798 -1.087 -0.719 3.328 -0.977 -1.073 -0.721 1.453 -1.402 -2.255 0.617 0.941 -2.27 -0.957 -0.845
348 D -1.814 -1.272 3.338 5.181 -2.283 -0.84 0.573 -0.883 -0.092 -2.792 -3.461 -0.737 -2.605 -2.824 -2.442 -0.759 -1.175 -3.429 -2.801 -2.845
349 T -0.446 -0.536 -0.521 -1.294 -0.211 -0.965 -1.324 -1.62 -1.39 -0.026 0.401 0.775 -0.11 -1.28 -1.965 0.111 3.625 -2.221 -1.686 0.082
350 F -2.405 -2.967 -2.931 -3.385 -1.445 -3.935 -3.553 -2.945 -0.899 0.206 0.494 -3.375 0.131 6.622 -4.519 -3.101 -2.441 0.781 2.86 -0.578
351 F -2.17 -2.434 -2.593 -3.256 -1.601 -2.857 -3.02 -2.97 0.725 -0.209 -0.049 -2.674 -0.216 5.617 -3.988 -2.832 -2.318 1.497 5.2 -0.771
352 P 0.798 -1.673 -1.314 -1.539 -0.471 -1.634 -1.607 -1.269 -1.484 -0.747 0.029 -1.094 -0.698 -1.763 4.468 0.328 0.819 -3.046 -2.039 -0.686
353 G -1.03 -0.799 3.717 0.001 -1.752 0.965 -0.928 2.886 0.581 -2.473 -2.674 -0.571 -1.78 -0.685 -2.739 -0.771 -1.164 -1.266 1.844 -2.305
354 L -0.821 -2.34 -3.145 -3.39 0.098 -2.621 -3.099 -3.168 -2.606 2.555 2.894 -2.44 1.548 0.275 -3.387 -2.695 -0.968 -2.003 -1.175 3.006
355 N -0.695 1.482 3.009 -0.18 -1.002 -0.519 -0.882 -0.954 3.362 -1.722 -2.15 -0.066 -1.3 -1.9 -2.234 0.689 1.881 -2.391 -1.07 -1.378
356 K -0.504 2.005 1.8 -0.505 -0.983 -0.129 -0.566 -1.095 -0.352 -1.601 -2.003 2.253 -1.182 -2.253 -1.967 0.668 1.893 -2.519 -1.867 -1.227
357 T -0.235 -1.681 -1.101 -1.821 0.146 -1.72 -2.004 -1.989 -2.035 1.549 -0.097 -1.442 0.062 -1.085 -2.304 -0.3 3.195 -2.341 -1.589 2.655
358 G -0.482 0.418 -0.359 -0.917 -1.731 2.341 -0.207 3.716 -0.399 -2.651 -2.687 2.141 -1.518 -2.863 -2.322 -0.966 -1.448 -2.466 -2.185 -2.34
359 Y -1.883 -1.848 -2.196 -3.093 -1.823 -1.854 -2.434 -3.003 2.034 -0.874 -0.981 -1.944 -0.753 3.277 -3.404 -2.508 -2.16 2.238 6.799 -1.05
360 G 0.019 -2.428 -0.511 -1.394 -1.391 -2.266 -2.693 5.875 -1.547 -3.286 -3.532 -1.722 -2.738 -2.749 -2.85 -1.073 -1.99 -2.511 -3.219 -2.935
361 F -2.405 -2.967 -2.931 -3.385 -1.445 -3.935 -3.553 -2.945 -0.899 0.206 0.494 -3.375 0.131 6.622 -4.519 -3.101 -2.441 0.781 2.86 -0.578
362 T 0.018 -1.111 -0.11 -0.963 0.044 -1.091 -1.316 -1.19 -1.327 -0.483 -1.279 -0.784 -0.688 -1.7 -1.727 1.26 4.142 -2.305 -1.784 -0.016
363 L -1.518 -2.237 -3.253 -3.497 -0.224 -2.491 -3.268 -3.338 -2.199 2.487 3.657 -2.404 2.968 0.631 -3.607 -3.025 -1.493 -1.739 -1.125 1.346
364 V -0.568 -2.461 -2.47 -2.816 0.106 -2.543 -2.879 -2.856 -2.663 3.337 0.906 -2.242 0.741 -0.412 -3.061 -1.85 0.836 -2.37 -1.412 3.568
365 G 0.019 -2.428 -0.511 -1.394 -1.391 -2.266 -2.693 5.875 -1.547 -3.286 -3.532 -1.722 -2.738 -2.749 -2.85 -1.073 -1.99 -2.511 -3.219 -2.935
366 E -0.99 -0.193 -0.409 1.447 -2.482 1.275 4.653 -2.02 0.322 -2.835 -2.774 0.606 -1.824 -2.679 -1.952 -0.862 -1.372 -2.458 -1.979 -2.205
367 G 0.019 -2.428 -0.511 -1.394 -1.391 -2.266 -2.693 5.875 -1.547 -3.286 -3.532 -1.722 -2.738 -2.749 -2.85 -1.073 -1.99 -2.511 -3.219 -2.935
368 Y -1.883 -1.848 -2.196 -3.093 -1.823 -1.854 -2.434 -3.003 2.034 -0.874 -0.981 -1.944 -0.753 3.277 -3.404 -2.508 -2.16 2.238 6.799 -1.05
369 V -0.588 -2.72 -3.092 -3.24 0.137 -2.823 -3.17 -3.166 -2.926 3.572 1.103 -2.539 0.893 -0.279 -3.334 -2.56 -0.687 -2.399 -1.356 3.948
370 N -1.128 -1.251 3.648 -0.176 -0.732 -1.332 -1.592 -1.218 -0.419 1.818 -0.531 -1.031 -0.426 -1.263 -2.582 -0.458 1.828 -2.565 -1.794 0.586
371 G -0.514 -2.503 -1.043 -1.861 -1.524 -2.541 -2.85 4.963 -1.396 -2.269 -2.252 -2.054 -1.912 1.851 -3.313 -1.548 -2.151 5.299 -0.258 -2.372
372 G 0.019 -2.428 -0.511 -1.394 -1.391 -2.266 -2.693 5.875 -1.547 -3.286 -3.532 -1.722 -2.738 -2.749 -2.85 -1.073 -1.99 -2.511 -3.219 -2.935
373 I -1.421 -2.452 -2.749 -3.18 -0.711 -2.505 -3.013 -3.228 0.226 3.072 0.635 -2.338 0.442 1.862 -3.452 -2.74 -1.426 0.497 4.574 2.085
374 L -1.405 -2.418 -2.98 -3.346 -0.598 -2.704 -3.1 -2.912 -1.637 1.529 1.529 -2.595 2.24 3.724 -3.895 -2.766 -1.506 5.38 1.063 1.956
375 G 0.019 -2.428 -0.511 -1.394 -1.391 -2.266 -2.693 5.875 -1.547 -3.286 -3.532 -1.722 -2.738 -2.749 -2.85 -1.073 -1.99 -2.511 -3.219 -2.935
376 I -0.902 -2.892 -3.186 -3.245 -0.001 -2.997 -3.391 -3.314 -2.868 4.077 1.315 -2.621 1.02 -0.101 -3.428 -2.781 -0.862 -2.341 -1.356 3.538
377 I -1.072 -2.982 -3.234 -3.247 -0.072 -3.088 -3.508 -3.39 -2.839 4.3 1.415 -2.664 1.081 -0.016 -3.476 -2.898 -0.953 -2.312 -1.356 3.31
378 L -1.366 -2.488 -3.107 -3.33 -0.291 -2.691 -3.28 -3.214 -2.064 2.981 2.474 -2.518 2.614 2.497 -3.629 -2.865 -1.329 -1.356 -0.146 2.153
379 I -1.092 -2.842 -3.248 -3.306 -0.072 -3.006 -3.455 -3.377 -2.777 3.992 1.979 -2.635 1.227 0.086 -3.49 -2.908 -1.016 -2.228 -1.322 3.148
380 F -0.972 -2.172 -1.523 -2.137 -0.953 -2.562 -2.379 -1.853 -0.789 -0.269 -0.082 -2.152 -0.203 5.709 -3.321 0.534 -1.02 0.145 2.108 -0.782
381 L -0.108 -1.645 -1.158 -1.803 4.671 -1.594 -1.947 -1.608 -1.541 0.76 0.981 -1.425 1.994 -0.78 -2.486 0.96 1.068 -2.277 -1.611 1.143
382 I -1.471 -3.022 -3.348 -3.31 -0.221 -3.192 -3.7 -3.536 -2.722 4.434 2.137 -2.72 1.34 0.243 -3.59 -3.159 -1.213 -2.173 -1.322 2.595
383 I -0.977 -2.593 -2.499 -2.836 -0.171 -2.77 -3.054 -2.91 -2.272 3.413 0.972 -2.386 0.728 2.265 -3.247 -2.017 0.656 -1.619 -0.277 2.829
384 G 0.019 -2.428 -0.511 -1.394 -1.391 -2.266 -2.693 5.875 -1.547 -3.286 -3.532 -1.722 -2.738 -2.749 -2.85 -1.073 -1.99 -2.511 -3.219 -2.935
385 L 0.123 -2.441 -2.97 -3.185 -0.373 -2.833 -3.078 -2.416 -1.763 1.967 2.623 -2.47 1.159 3.71 -3.431 -2.313 -1.568 -0.885 0.586 0.907
386 L -1.899 -2.667 -3.194 -3.492 -0.684 -3.262 -3.504 -3.237 -1.694 2.038 2.716 -2.906 1.247 4.622 -3.991 -3.162 -1.877 -0.425 1.235 0.844
387 I -1.188 -2.505 -2.508 -2.776 -0.183 -2.496 -3.093 -3.0 -2.257 4.01 1.419 -2.205 2.429 -0.011 -3.2 -2.075 0.631 -2.112 -1.342 2.308
388 R -1.385 4.98 -0.476 -1.368 -2.247 0.532 -0.354 -1.952 -0.066 -2.534 -2.158 3.013 -1.295 -2.634 -2.446 -1.317 -1.413 -2.391 -1.848 -2.185
389 F -1.735 -2.752 -2.946 -3.378 4.524 -3.213 -3.422 -2.983 -0.754 1.5 1.279 -2.889 0.435 4.703 -3.88 -2.8 -1.907 0.172 3.073 0.406
390 L -1.925 -2.54 -3.207 -3.556 -0.684 -3.174 -3.451 -3.225 -1.653 1.315 3.088 -2.875 1.385 4.643 -4.007 -3.174 -1.964 -0.38 1.249 0.45
391 Y -1.883 -1.848 -2.196 -3.093 -1.823 -1.854 -2.434 -3.003 2.034 -0.874 -0.981 -1.944 -0.753 3.277 -3.404 -2.508 -2.16 2.238 6.799 -1.05
392 K -1.175 2.439 1.588 -0.721 -1.722 0.185 -0.357 -1.519 -0.284 0.292 -1.372 3.478 -0.875 -2.108 -2.218 -1.12 -1.101 -2.573 -1.817 -0.725
393 N -1.493 1.799 4.375 0.305 -1.676 -0.264 -0.771 -0.87 0.408 -1.552 -1.415 1.333 1.297 -1.883 -2.608 -0.67 -0.815 -2.573 -1.848 -1.665
394 A 2.563 -1.358 -0.704 -1.195 0.126 -1.268 -1.228 -0.208 -0.885 -1.102 -1.376 -0.889 -0.886 1.777 -1.824 1.967 0.046 -1.78 -0.503 -0.563
395 N 0.763 -0.756 2.85 -0.291 4.573 1.002 -0.759 -0.664 -0.247 -1.539 -1.96 -0.476 -1.198 -2.199 -2.175 0.699 0.995 -2.692 -1.959 -1.041
396 R -1.296 4.007 1.695 -0.694 -2.146 0.452 -0.244 -1.499 0.035 -2.476 -2.328 3.288 -1.411 -2.666 -2.28 -1.034 -1.202 -2.534 -1.891 -2.214
397 N -0.659 -0.575 4.991 0.85 -1.228 -0.61 -0.746 -0.212 0.556 -2.531 -2.962 -0.364 -1.919 -2.315 -2.295 1.407 -0.024 -2.912 -2.047 -2.209
398 I -1.254 -3.075 -3.283 -3.249 -0.146 -3.183 -3.63 -3.469 -2.81 4.507 1.512 -2.706 1.141 0.067 -3.525 -3.02 -1.048 -2.284 -1.356 3.061
399 Y -1.883 -1.848 -2.196 -3.093 -1.823 -1.854 -2.434 -3.003 2.034 -0.874 -0.981 -1.944 -0.753 3.277 -3.404 -2.508 -2.16 2.238 6.799 -1.05
400 W -1.165 -2.04 -1.655 -2.385 -1.504 -2.172 -2.399 1.178 0.204 -1.339 -1.313 -1.995 -1.045 3.018 -3.501 -0.524 -1.594 7.288 4.081 -1.547
401 F -1.763 -1.164 -2.279 -2.774 -1.157 -1.877 -2.317 -2.698 -0.326 0.415 1.299 0.191 2.09 4.702 -3.509 -2.47 -1.86 0.267 3.11 -0.239
402 T 1.122 -1.24 -0.464 -1.167 0.087 -1.207 -1.367 -0.891 -1.251 -0.258 0.287 -0.895 -0.217 -1.272 -1.866 1.537 2.755 -2.305 -1.695 -0.053
403 A 2.212 -1.965 -1.992 -2.219 0.2 -1.958 -2.147 -1.068 -1.823 2.247 1.095 -1.538 0.403 -0.689 -2.296 -0.608 0.76 -2.277 -1.572 1.256
404 Y -1.883 -1.848 -2.196 -3.093 -1.823 -1.854 -2.434 -3.003 2.034 -0.874 -0.981 -1.944 -0.753 3.277 -3.404 -2.508 -2.16 2.238 6.799 -1.05
405 L -1.54 -2.614 -3.39 -3.494 -0.221 -2.941 -3.534 -3.494 -2.548 3.447 3.316 -2.633 1.723 0.514 -3.632 -3.194 -1.424 -1.938 -1.223 1.919
406 Y -1.644 -2.026 -2.302 -3.146 4.435 -2.042 -2.612 -2.88 1.671 -0.864 -1.002 -2.092 -0.806 2.906 -3.386 -2.385 -2.036 1.863 6.371 -0.962
407 F 0.587 -1.776 -1.546 -2.092 -0.299 -1.868 -2.119 -1.552 -1.167 0.364 1.131 -1.631 2.034 3.54 -2.718 0.098 0.725 -0.929 0.526 0.06
408 I -1.471 -3.022 -3.348 -3.31 -0.221 -3.192 -3.7 -3.536 -2.722 4.434 2.137 -2.72 1.34 0.243 -3.59 -3.159 -1.213 -2.173 -1.322 2.595
409 P -0.575 -1.653 -1.097 -1.386 -0.744 -1.619 -1.586 -1.687 -1.593 -1.303 -1.972 -1.015 -1.521 -2.522 5.23 -0.399 2.467 -3.367 -2.271 -0.962
410 I -1.112 0.832 -2.657 -3.006 -0.283 -2.155 -2.808 -3.154 -2.168 3.46 1.705 -1.348 0.98 -0.182 -3.365 -2.625 -1.065 -2.235 -1.386 2.831
411 I -1.453 -2.37 -2.285 -2.8 -0.714 -2.507 -2.888 -2.904 -0.204 2.843 0.567 -2.233 0.366 3.011 -3.293 -2.055 0.408 0.193 3.81 1.344
412 I -1.36 -2.569 -3.046 -3.142 -0.226 -2.484 -3.31 -3.264 -2.168 4.091 1.744 -2.343 3.468 0.221 -3.498 -2.803 -1.137 -1.976 -1.219 2.366
413 Y -1.883 -1.848 -2.196 -3.093 -1.823 -1.854 -2.434 -3.003 2.034 -0.874 -0.981 -1.944 -0.753 3.277 -3.404 -2.508 -2.16 2.238 6.799 -1.05
414 A 3.128 -1.213 -0.607 -1.053 0.364 -1.045 -1.027 0.107 -0.936 -1.316 -1.782 -0.664 -1.075 -1.959 -1.546 2.13 0.21 -2.557 -1.826 -0.462
415 I -1.049 -2.7 -2.584 -2.822 -0.106 -2.783 -3.183 -3.056 -2.583 4.12 1.239 -2.354 0.939 -0.137 -3.19 -2.111 0.682 -2.284 -1.412 2.828
416 R -1.605 5.638 -0.533 -1.635 -2.33 0.447 -0.632 -2.199 0.028 -2.682 -2.099 1.948 -1.295 -2.543 -2.775 -1.477 -1.525 -2.305 -1.843 -2.233
417 A 3.293 -1.526 -1.916 -2.038 0.391 -1.311 -1.633 -0.281 -1.21 0.025 0.072 -1.08 2.927 -1.049 -1.951 -0.134 -0.658 -2.139 -1.531 0.337
418 D -1.848 -1.659 1.128 5.936 -2.443 -0.943 0.979 -1.194 -0.607 -2.796 -3.562 -0.9 -2.769 -2.991 -2.36 -1.023 -1.484 -3.602 -3.114 -2.935
419 L -1.817 -2.443 -3.281 -3.6 -0.521 -3.011 -3.426 -3.299 -1.877 1.536 3.487 -2.762 1.628 3.826 -3.892 -3.192 -1.856 -0.762 0.651 0.658
420 G 1.902 -1.529 -0.547 -1.218 -0.109 -1.42 -1.581 2.988 -1.288 -1.331 -1.91 -1.016 -1.284 -2.062 -1.929 0.885 1.877 -2.451 -2.145 -0.692
421 N -0.965 -0.757 4.432 0.437 -0.907 -0.831 -1.058 -0.672 0.103 -1.451 -2.136 -0.568 -1.42 -2.078 -2.238 0.193 2.619 -2.676 -1.979 -1.103
422 I -1.448 -3.172 -3.334 -3.252 -0.221 -3.28 -3.758 -3.55 -2.782 4.7 1.606 -2.75 1.2 0.147 -3.576 -3.147 -1.146 -2.256 -1.356 2.789
423 L -1.925 -2.54 -3.207 -3.556 -0.684 -3.174 -3.451 -3.225 -1.653 1.315 3.088 -2.875 1.385 4.643 -4.007 -3.174 -1.964 -0.38 1.249 0.45
424 S 1.694 -0.907 0.2 -0.486 0.097 -0.737 -0.721 -0.103 -0.627 -1.801 -2.232 -0.43 -1.211 -2.0 -1.546 3.21 0.774 -2.604 -1.826 -1.11
425 P 1.59 -1.315 -1.355 -1.427 -0.772 0.754 -1.037 1.557 -1.078 -1.964 -2.307 -0.686 -1.651 -2.764 4.47 -0.699 -1.138 -3.188 -2.268 -1.394
426 I -1.715 -2.965 -3.226 -3.349 -0.521 -3.359 -3.641 -3.351 -2.061 3.614 1.909 -2.884 1.086 3.714 -3.83 -3.146 -1.535 -0.969 0.582 1.913
427 V -0.622 -2.468 -3.117 -3.358 0.137 -2.673 -3.076 -3.142 -2.801 2.701 2.237 -2.484 1.196 -0.061 -3.359 -2.579 -0.802 -2.228 -1.289 3.685
428 K -0.897 2.023 -0.339 -0.793 -2.048 0.736 0.242 -1.413 -0.314 -2.194 -2.311 4.664 -1.295 -2.877 -1.758 -0.952 -1.153 -2.62 -1.86 -2.07
429 Q -1.291 0.306 -0.198 -0.863 -2.072 3.784 0.524 -1.782 5.064 -2.161 -2.03 0.373 -0.735 -0.461 -2.531 -1.241 -1.502 -0.868 2.479 -2.019
430 L 0.268 -2.612 -3.068 -3.093 -0.087 -2.768 -3.174 -2.559 -2.405 3.677 2.389 -2.354 1.27 0.132 -3.207 -2.314 -1.174 -2.126 -1.35 2.082
431 G -0.762 -2.569 -1.8 -2.392 -0.666 -2.653 -3.156 3.576 -2.09 2.212 1.741 -2.214 0.484 -0.51 -3.267 -2.089 -1.631 -2.193 -1.93 0.79
432 L -1.712 -2.349 -3.356 -3.645 -0.367 -2.857 -3.401 -3.375 -2.119 1.742 3.838 -2.653 1.853 2.683 -3.782 -3.211 -1.752 -1.202 -0.103 0.853
433 V 0.188 -1.729 -0.888 -1.564 -0.029 -1.675 -1.854 1.358 -1.678 1.196 -0.492 -1.379 -0.26 -1.278 -2.386 1.023 1.155 -2.481 -1.759 2.387
434 L -1.294 -1.952 -2.561 -3.034 -0.183 -2.172 -2.871 -2.942 -2.013 1.645 3.53 -2.085 2.863 0.465 -3.262 -2.115 0.446 -1.739 -1.177 0.908
435 L -1.574 -2.487 -3.218 -3.533 -0.438 -3.003 -3.362 -3.237 -1.943 1.731 3.112 -2.748 1.449 3.776 -3.821 -3.052 -1.651 -0.83 0.634 1.509
436 L -0.939 -2.626 -3.213 -3.363 -0.001 -2.839 -3.29 -3.288 -2.745 3.365 2.381 -2.565 1.31 0.105 -3.455 -2.801 -0.984 -2.173 -1.289 3.233
437 I -0.902 -2.892 -3.186 -3.245 -0.001 -2.997 -3.391 -3.314 -2.868 4.077 1.315 -2.621 1.02 -0.101 -3.428 -2.781 -0.862 -2.341 -1.356 3.538
438 F -1.213 -2.612 -2.912 -3.354 4.58 -2.95 -3.223 -2.928 -0.978 1.35 1.22 -2.718 0.45 3.836 -3.649 -2.583 -1.486 -0.207 2.763 1.896
439 I -1.52 -2.827 -3.128 -3.215 -0.37 -2.928 -3.497 -3.314 -2.138 4.027 1.544 -2.615 2.47 2.445 -3.652 -2.964 -1.294 -1.461 -0.191 2.264
440 L 0.35 -2.368 -2.826 -3.002 -0.153 -2.463 -2.905 -2.344 -1.897 2.796 1.765 -2.224 2.384 2.357 -3.217 -2.076 -1.153 -1.445 -0.21 2.072
441 E -1.163 0.347 2.927 0.917 -2.176 1.892 2.916 -1.252 0.476 -2.642 -2.706 1.552 -1.612 -2.684 -2.146 -0.66 -1.029 -2.604 -1.908 -2.246
442 R -1.188 4.062 -0.394 -1.062 -2.156 1.847 0.103 -1.745 -0.003 -2.411 -2.182 3.367 -1.162 -2.749 -2.222 -1.146 -1.29 -2.428 -1.775 -2.106
443 L -1.449 -2.591 -3.213 -3.313 -0.224 -2.704 -3.42 -3.377 -2.352 3.787 2.636 -2.484 2.725 0.371 -3.564 -2.992 -1.277 -1.957 -1.221 2.152
444 S -0.214 -1.588 -1.033 -1.581 -0.335 -1.545 -1.723 -1.53 -1.208 0.352 -0.21 -1.268 1.725 1.956 1.759 0.977 1.028 -1.745 -0.424 0.852
445 K -0.978 0.238 -1.314 -1.746 -1.046 -0.77 -1.268 1.138 -1.29 1.974 0.833 2.533 0.152 -1.03 -2.58 -1.729 -1.325 -2.355 -1.741 0.566
446 I -1.247 1.307 -2.012 -2.476 -0.778 -1.376 -2.004 -2.792 -0.733 2.983 0.468 0.754 0.348 0.35 -3.056 -2.27 -1.221 -1.074 2.022 1.996
447 S -0.146 -0.616 -0.228 1.544 -0.631 -0.871 -0.633 -1.19 -1.039 -0.454 -1.602 0.844 -1.057 -2.05 1.86 1.146 1.074 -2.877 -2.014 0.408
448 P -0.551 0.05 -0.987 -1.256 -1.1 -0.697 -0.911 -1.56 -1.074 0.6 -1.288 2.149 -0.962 -2.089 3.82 0.138 -0.746 -3.062 -2.004 -0.433
449 Y -1.798 -1.763 -2.111 -3.008 -1.737 -1.769 -2.349 -2.918 2.119 -0.789 -0.896 -1.859 -0.668 3.363 -3.319 -2.423 -2.075 2.323 6.624 -0.965
450 T -0.098 -1.078 -0.124 -1.0 0.136 -1.089 -1.363 -1.314 -1.399 -0.21 -1.043 -0.776 -0.517 -1.566 -1.673 0.719 4.201 -2.17 -1.692 0.244
451 L -1.314 -2.688 -3.139 -3.357 -0.311 -3.073 -3.37 -3.204 -2.11 2.88 2.167 -2.734 1.153 3.405 -3.688 -2.908 -1.328 -1.057 0.445 2.424
452 D -0.775 2.321 2.457 2.407 -1.569 -0.101 -0.061 -0.922 -0.029 -2.447 -2.643 1.834 -1.685 -2.532 -2.157 0.648 -0.567 -2.782 -2.097 -2.175
453 R -1.159 4.281 -0.363 -1.112 -2.115 0.666 -0.091 -1.708 -0.067 -2.357 -2.132 3.511 -1.224 -2.634 -2.151 -1.132 -1.262 -2.387 -1.78 -2.079
454 K -0.833 2.086 -0.275 -0.729 -1.985 0.8 0.306 -1.349 -0.25 -2.13 -2.247 4.508 -1.231 -2.813 -1.694 -0.888 -1.089 -2.556 -1.796 -2.006
455 N -0.261 0.047 3.251 0.32 -1.08 2.498 0.2 -0.521 0.484 -2.277 -2.457 0.299 -1.169 -2.403 -2.042 1.386 -0.019 -2.556 -1.692 -1.841
456 N -1.627 -0.901 4.551 0.357 -1.171 -1.082 -1.366 -0.895 0.22 -0.222 1.319 -0.864 0.031 -0.885 -2.896 -0.831 -0.788 -2.465 -1.697 -0.786
457 L -1.531 -1.687 2.734 -0.933 -0.62 -1.889 -2.259 -1.9 -0.852 2.53 2.089 -1.61 0.908 -0.153 -3.202 -1.752 -1.006 -2.225 -1.446 1.209
458 E -0.45 -0.374 2.696 1.067 -1.486 0.516 3.009 -0.934 0.332 -2.55 -2.742 0.198 -1.728 -2.406 -1.965 1.011 -0.381 -2.599 -1.944 -2.028
459 C -0.858 -0.582 -1.216 -0.627 5.897 2.081 1.685 -2.052 -0.4 -0.536 -0.275 -0.233 2.497 -1.468 -2.591 -1.292 -1.191 -2.233 -1.65 -0.597
460 L -0.668 -0.135 -1.278 -1.139 -0.888 -0.553 0.597 1.138 -1.183 0.776 0.559 1.812 -0.066 -1.262 -2.544 -1.558 -1.151 -2.391 -1.757 1.586
461 K -1.052 1.856 -0.783 -1.547 -1.387 -0.385 -1.032 1.194 3.19 0.672 -0.512 2.063 1.626 -1.298 -2.618 -1.535 -1.45 -2.132 -0.971 -0.376
462 E -1.276 -0.352 1.374 -0.162 -1.453 -0.109 1.789 -1.939 0.237 0.768 -0.424 0.991 1.626 -0.041 -2.57 -1.353 -1.229 -1.056 1.983 -0.205