#Seq2Logo.py -f /work3/idamei/ssn-clusterings/2206011120/clusters/0003_234/sequences.afa -m 0.0001 -b 50 -o /work3/idamei/ssn-clusterings/2206011120/clusters/0003_234/sequences.logo
Last position-specific scoring matrix computed, values are in halfbits
A R N D C Q E G H I L K M F P S T W Y V
0 L -1.066 -1.369 -2.345 -2.799 -0.154 -1.037 -2.339 -2.569 -0.954 1.618 2.149 -1.438 5.537 0.482 -3.228 -2.002 -1.031 -1.292 -0.818 1.004
1 A 3.883 -1.469 -1.648 -1.673 0.694 -1.306 -1.284 0.388 -1.197 -0.816 -1.307 -0.834 -0.859 -1.834 -1.461 0.469 -0.408 -2.426 -1.741 0.153
2 K -0.812 2.108 -0.254 -0.708 -1.963 0.821 0.328 -1.328 -0.229 -2.109 -2.226 4.453 -1.209 -2.791 -1.673 -0.867 -1.068 -2.535 -1.774 -1.984
3 R -1.52 5.483 -0.448 -1.549 -2.245 0.532 -0.546 -2.114 0.113 -2.597 -2.013 2.033 -1.209 -2.458 -2.69 -1.392 -1.439 -2.22 -1.758 -2.147
4 L -1.324 -1.726 -2.756 -3.157 -0.261 -1.589 -2.736 -2.925 -1.45 1.645 2.946 -1.854 5.232 0.496 -3.457 -2.448 -1.312 -1.515 -1.004 0.93
5 L -1.639 -2.285 -3.461 -3.719 -0.249 -2.739 -3.404 -3.481 -2.412 1.906 4.193 -2.577 2.034 0.734 -3.703 -3.257 -1.679 -1.749 -1.155 1.007
6 L -0.141 -1.798 -1.475 -2.029 -0.004 -1.86 -2.08 -1.854 -1.797 1.585 2.023 -1.627 0.796 -0.386 -2.696 0.985 -0.244 -2.267 -1.45 2.269
7 F -2.077 -3.062 -3.087 -3.368 -1.005 -3.728 -3.648 -3.161 -1.429 2.583 0.886 -3.179 0.505 5.638 -4.197 -3.145 -1.97 0.047 1.979 0.988
8 Y -1.911 -1.876 -2.224 -3.121 -1.85 -1.882 -2.462 -3.031 2.006 -0.902 -1.009 -1.972 -0.781 3.25 -3.432 -2.536 -2.188 2.21 6.853 -1.078
9 L -1.964 -2.349 -3.394 -3.719 -0.811 -2.799 -3.288 -3.101 -1.963 1.092 3.201 -2.677 1.275 0.836 -4.189 -3.321 -2.005 7.614 0.352 0.259
10 F -2.433 -2.995 -2.959 -3.413 -1.473 -3.963 -3.581 -2.973 -0.927 0.178 0.466 -3.403 0.103 6.663 -4.547 -3.129 -2.469 0.753 2.832 -0.606
11 L -1.639 -2.285 -3.461 -3.719 -0.249 -2.739 -3.404 -3.481 -2.412 1.906 4.193 -2.577 2.034 0.734 -3.703 -3.257 -1.679 -1.749 -1.155 1.007
12 Y -2.075 -2.203 -2.449 -3.215 -1.719 -2.424 -2.789 -3.011 1.316 -0.496 -0.429 -2.375 -0.455 4.872 -3.758 -2.721 -2.279 1.801 6.021 -0.912
13 V -0.332 -2.585 -3.028 -3.263 0.241 -2.686 -2.992 -3.054 -3.014 2.931 0.847 -2.487 0.733 -0.497 -3.27 -2.383 -0.55 -2.486 -1.384 4.373
14 F -2.433 -2.995 -2.959 -3.413 -1.473 -3.963 -3.581 -2.973 -0.927 0.178 0.466 -3.403 0.103 6.663 -4.547 -3.129 -2.469 0.753 2.832 -0.606
15 S 0.969 -0.84 0.398 -0.347 -0.026 -0.669 -0.654 -0.205 -0.559 -2.01 -2.427 -0.384 -1.285 -2.042 -1.574 3.581 0.912 -2.648 -1.854 -1.391
16 L -1.639 -2.285 -3.461 -3.719 -0.249 -2.739 -3.404 -3.481 -2.412 1.906 4.193 -2.577 2.034 0.734 -3.703 -3.257 -1.679 -1.749 -1.155 1.007
17 S 0.627 -0.952 0.201 -0.581 -0.01 -0.836 -0.903 -0.558 -0.843 -1.332 -1.938 -0.543 -1.05 -1.916 -1.643 2.884 2.658 -2.521 -1.838 -0.79
18 I -1.476 -3.2 -3.361 -3.28 -0.249 -3.308 -3.786 -3.578 -2.81 4.767 1.578 -2.777 1.172 0.119 -3.603 -3.175 -1.173 -2.283 -1.384 2.761
19 P -0.935 -2.112 -2.032 -1.662 -1.556 -2.032 -1.721 -1.951 -1.706 -2.416 -2.849 -1.163 -2.502 -3.434 6.76 -1.551 -1.447 -4.648 -2.734 -2.26
20 I -1.042 -2.98 -3.246 -3.274 -0.076 -3.086 -3.496 -3.392 -2.876 4.274 1.354 -2.677 1.033 -0.072 -3.488 -2.886 -0.95 -2.349 -1.384 3.404
21 F -2.433 -2.995 -2.959 -3.413 -1.473 -3.963 -3.581 -2.973 -0.927 0.178 0.466 -3.403 0.103 6.663 -4.547 -3.129 -2.469 0.753 2.832 -0.606
22 Y -1.911 -1.876 -2.224 -3.121 -1.85 -1.882 -2.462 -3.031 2.006 -0.902 -1.009 -1.972 -0.781 3.25 -3.432 -2.536 -2.188 2.21 6.853 -1.078
23 H -1.806 -0.456 0.361 -1.06 -2.433 -0.264 -0.599 -1.796 8.167 -2.76 -2.694 -0.864 -1.36 -0.951 -2.848 -1.678 -2.325 -1.553 1.568 -3.134
24 S 0.969 -0.84 0.398 -0.347 -0.026 -0.669 -0.654 -0.205 -0.559 -2.01 -2.427 -0.384 -1.285 -2.042 -1.574 3.581 0.912 -2.648 -1.854 -1.391
25 A 4.143 -1.582 -1.761 -1.786 0.581 -1.419 -1.397 0.275 -1.31 -0.929 -1.42 -0.947 -0.972 -1.947 -1.574 0.356 -0.521 -2.539 -1.854 0.04
26 F -2.433 -2.995 -2.959 -3.413 -1.473 -3.963 -3.581 -2.973 -0.927 0.178 0.466 -3.403 0.103 6.663 -4.547 -3.129 -2.469 0.753 2.832 -0.606
27 L -1.639 -2.285 -3.461 -3.719 -0.249 -2.739 -3.404 -3.481 -2.412 1.906 4.193 -2.577 2.034 0.734 -3.703 -3.257 -1.679 -1.749 -1.155 1.007
28 V -0.332 -2.585 -3.028 -3.263 0.241 -2.686 -2.992 -3.054 -3.014 2.931 0.847 -2.487 0.733 -0.497 -3.27 -2.383 -0.55 -2.486 -1.384 4.373
29 G -0.009 -2.456 -0.539 -1.422 -1.419 -2.294 -2.721 5.9 -1.575 -3.314 -3.559 -1.75 -2.766 -2.777 -2.878 -1.101 -2.018 -2.539 -3.247 -2.963
30 F -1.383 -2.804 -1.911 -2.587 -1.455 -3.294 -3.265 2.985 -1.127 -0.591 -0.367 -2.741 -0.577 5.547 -3.878 -2.285 -2.311 0.011 1.833 -1.2
31 L -1.088 -2.665 -3.278 -3.413 -0.076 -2.898 -3.376 -3.362 -2.734 3.449 2.584 -2.611 1.364 0.162 -3.52 -2.911 -1.097 -2.156 -1.305 3.03
32 S 0.969 -0.84 0.398 -0.347 -0.026 -0.669 -0.654 -0.205 -0.559 -2.01 -2.427 -0.384 -1.285 -2.042 -1.574 3.581 0.912 -2.648 -1.854 -1.391
33 L 1.587 -2.23 -2.636 -2.842 -0.261 -2.522 -2.614 -1.545 -1.484 0.624 2.03 -2.124 0.662 3.967 -2.992 -1.486 -1.444 -0.819 0.731 0.224
34 V -0.665 -2.776 -3.135 -3.269 0.087 -2.879 -3.233 -3.218 -2.944 3.68 1.111 -2.581 0.887 -0.277 -3.377 -2.624 -0.743 -2.417 -1.384 3.929
35 H -1.806 -0.456 0.361 -1.06 -2.433 -0.264 -0.599 -1.796 8.167 -2.76 -2.694 -0.864 -1.36 -0.951 -2.848 -1.678 -2.325 -1.553 1.568 -3.134
36 L -1.727 -2.142 -2.988 -3.506 -0.691 -2.424 -3.055 -3.323 -0.127 1.235 3.251 -2.361 1.362 1.833 -3.61 -2.996 -1.839 0.224 4.022 0.464
37 L -1.529 -2.861 -3.394 -3.419 -0.249 -3.106 -3.653 -3.545 -2.671 4.088 2.732 -2.709 1.489 0.339 -3.636 -3.202 -1.332 -2.094 -1.305 2.286
38 L -1.081 -1.873 -1.955 -2.57 -0.156 -2.131 -2.61 -2.624 -2.08 1.336 3.24 -1.899 1.386 0.13 -2.914 -1.348 1.957 -1.917 -1.356 0.743
39 V -0.873 -0.267 -1.919 -2.207 -0.536 -1.184 -1.637 -2.542 -1.782 2.985 0.456 1.977 0.38 -0.831 -2.773 -2.034 -0.953 -2.469 -1.542 2.697
40 G -0.086 -1.645 -0.596 -1.416 -0.989 -1.53 -1.791 3.173 0.367 -1.911 -2.143 -1.279 -1.495 0.8 -2.52 1.206 -0.72 -0.034 3.903 -1.701
41 K -1.197 0.973 3.292 0.107 -2.01 2.89 0.356 -1.027 0.446 -2.446 -2.518 2.642 -1.273 -2.801 -2.217 -0.664 -0.921 -2.648 -1.794 -2.196
42 F 1.588 2.869 -1.596 -2.185 -0.811 -1.14 -1.637 -1.289 -0.692 -0.922 -0.811 -0.026 -0.665 3.745 -2.729 -1.081 -1.405 -0.95 0.619 -0.79
43 N -1.759 -0.514 5.842 1.183 -1.945 -0.626 -0.824 -0.253 0.87 -2.811 -3.25 -0.394 -2.26 -2.473 -2.686 -0.217 -0.55 -3.065 -2.167 -2.659
44 S 1.082 -0.727 0.511 -0.234 0.087 -0.555 -0.541 -0.092 -0.446 -1.897 -2.314 -0.271 -1.172 -1.929 -1.461 3.212 1.025 -2.535 -1.741 -1.278
45 L -1.727 -2.142 -2.988 -3.506 -0.691 -2.424 -3.055 -3.323 -0.127 1.235 3.251 -2.361 1.362 1.833 -3.61 -2.996 -1.839 0.224 4.022 0.464
46 R -1.635 4.606 -1.246 -2.2 -1.473 -0.304 -1.32 -2.588 -0.604 -0.285 1.605 1.039 0.265 -1.015 -3.073 -1.98 -1.594 -2.125 -1.612 -0.728
47 H -0.959 0.238 -0.688 -1.526 -1.163 -0.43 -0.838 -2.018 5.2 0.533 -0.923 2.146 -0.474 -1.278 -2.565 -1.624 -1.262 -2.187 -0.137 1.682
48 L -1.135 -2.382 -3.31 -3.559 -0.076 -2.721 -3.26 -3.332 -2.599 2.29 3.443 -2.546 1.662 0.379 -3.552 -2.935 -1.252 -1.975 -1.229 2.6
49 S 0.627 -0.952 0.201 -0.581 -0.01 -0.836 -0.903 -0.558 -0.843 -1.332 -1.938 -0.543 -1.05 -1.916 -1.643 2.884 2.658 -2.521 -1.838 -0.79
50 R -1.415 3.477 3.257 -0.177 -2.121 0.222 -0.386 -1.192 0.222 -2.569 -2.532 2.817 -1.602 -2.644 -2.388 -0.852 -1.064 -2.666 -1.972 -2.33
51 Y -1.911 -1.876 -2.224 -3.121 -1.85 -1.882 -2.462 -3.031 2.006 -0.902 -1.009 -1.972 -0.781 3.25 -3.432 -2.536 -2.188 2.21 6.853 -1.078
52 Q -0.748 0.139 -0.867 -1.126 -1.052 4.132 0.433 -1.991 -0.123 0.566 -0.754 0.339 -0.029 -1.934 -2.551 -1.279 -0.888 -2.349 -1.384 1.797
53 L -0.944 -2.621 -2.112 -2.626 -0.589 -2.751 -3.269 2.942 -2.219 2.632 2.139 -2.333 0.763 -0.289 -3.371 -2.328 -1.603 -2.172 -1.789 1.092
54 G -0.172 -1.946 -0.721 -1.468 -0.891 -2.004 -2.047 3.175 -0.99 -1.35 -1.321 -1.591 -1.084 3.733 -2.754 1.157 -0.775 -1.012 0.46 -1.496
55 Y -2.075 -2.203 -2.449 -3.215 -1.719 -2.424 -2.789 -3.011 1.316 -0.496 -0.429 -2.375 -0.455 4.872 -3.758 -2.721 -2.279 1.801 6.021 -0.912
56 F -2.144 -2.738 -3.117 -3.511 -1.005 -3.495 -3.521 -3.133 -1.343 0.875 2.287 -3.101 0.898 5.672 -4.237 -3.171 -2.181 0.133 2.003 0.037
57 L -0.649 -1.897 -1.461 -2.061 -0.516 -2.131 -2.212 -1.836 -1.195 0.443 1.943 -1.828 0.605 3.963 -2.992 0.916 -0.698 -0.839 0.731 -0.152
58 L -0.649 -1.897 -1.461 -2.061 -0.516 -2.131 -2.212 -1.836 -1.195 0.443 1.943 -1.828 0.605 3.963 -2.992 0.916 -0.698 -0.839 0.731 -0.152
59 F -1.49 -2.261 -1.746 -2.429 -0.884 -2.727 -2.698 -2.361 -1.109 0.021 0.02 -2.305 -0.122 5.572 -3.311 -1.303 1.823 0.047 1.938 -0.339
60 L -0.944 -2.621 -2.112 -2.626 -0.589 -2.751 -3.269 2.942 -2.219 2.632 2.139 -2.333 0.763 -0.289 -3.371 -2.328 -1.603 -2.172 -1.789 1.092
61 L -1.82 -2.799 -3.252 -3.465 -0.602 -3.294 -3.586 -3.332 -1.931 2.907 2.518 -2.898 1.209 4.094 -3.921 -3.187 -1.726 -0.771 0.799 1.375
62 G -0.009 -2.456 -0.539 -1.422 -1.419 -2.294 -2.721 5.9 -1.575 -3.314 -3.559 -1.75 -2.766 -2.777 -2.878 -1.101 -2.018 -2.539 -3.247 -2.963
63 Y -2.075 -2.203 -2.449 -3.215 -1.719 -2.424 -2.789 -3.011 1.316 -0.496 -0.429 -2.375 -0.455 4.872 -3.758 -2.721 -2.279 1.801 6.021 -0.912
64 I -1.042 -2.98 -3.246 -3.274 -0.076 -3.086 -3.496 -3.392 -2.876 4.274 1.354 -2.677 1.033 -0.072 -3.488 -2.886 -0.95 -2.349 -1.384 3.404
65 L -1.584 -2.559 -3.428 -3.565 -0.249 -2.917 -3.526 -3.513 -2.539 3.198 3.554 -2.642 1.774 0.543 -3.67 -3.23 -1.501 -1.917 -1.229 1.717
66 V -0.332 -2.585 -3.028 -3.263 0.241 -2.686 -2.992 -3.054 -3.014 2.931 0.847 -2.487 0.733 -0.497 -3.27 -2.383 -0.55 -2.486 -1.384 4.373
67 G -1.012 -2.461 -1.806 -2.478 -1.091 -2.435 -2.935 2.96 -0.038 2.125 -0.278 -2.134 -0.361 1.175 -3.288 -2.136 -1.758 0.018 3.926 0.566
68 L -0.649 -1.897 -1.461 -2.061 -0.516 -2.131 -2.212 -1.836 -1.195 0.443 1.943 -1.828 0.605 3.963 -2.992 0.916 -0.698 -0.839 0.731 -0.152
69 I -1.476 -3.2 -3.361 -3.28 -0.249 -3.308 -3.786 -3.578 -2.81 4.767 1.578 -2.777 1.172 0.119 -3.603 -3.175 -1.173 -2.283 -1.384 2.761
70 V -0.108 -2.028 -1.458 -1.942 -0.004 -1.99 -2.156 -1.872 -1.899 2.997 0.445 -1.673 0.387 -0.672 -2.672 0.991 -0.134 -2.469 -1.532 2.747
71 I -1.042 -2.98 -3.246 -3.274 -0.076 -3.086 -3.496 -3.392 -2.876 4.274 1.354 -2.677 1.033 -0.072 -3.488 -2.886 -0.95 -2.349 -1.384 3.404
72 L -1.727 -2.142 -2.988 -3.506 -0.691 -2.424 -3.055 -3.323 -0.127 1.235 3.251 -2.361 1.362 1.833 -3.61 -2.996 -1.839 0.224 4.022 0.464
73 H -1.825 -0.878 3.224 -0.482 -2.065 -0.845 -1.184 -1.47 5.518 -2.013 -2.154 -1.004 -1.404 0.99 -2.971 -1.315 -1.569 0.076 4.219 -2.151
74 E -0.194 -0.413 -0.131 0.941 -1.428 0.738 3.758 -1.296 0.037 -2.55 -2.671 0.292 -1.651 -2.468 -1.838 1.432 -0.409 -2.539 -1.955 -1.924
75 T -0.211 -1.191 -0.238 -1.113 0.023 -1.202 -1.477 -1.428 -1.512 -0.323 -1.156 -0.89 -0.631 -1.679 -1.786 0.606 4.522 -2.283 -1.805 0.131
76 Y -1.911 -1.876 -2.224 -3.121 -1.85 -1.882 -2.462 -3.031 2.006 -0.902 -1.009 -1.972 -0.781 3.25 -3.432 -2.536 -2.188 2.21 6.853 -1.078
77 D -1.876 -1.687 1.1 5.975 -2.471 -0.971 0.951 -1.222 -0.635 -2.824 -3.59 -0.928 -2.796 -3.018 -2.388 -1.051 -1.512 -3.63 -3.142 -2.963
78 F -2.077 -3.062 -3.087 -3.368 -1.005 -3.728 -3.648 -3.161 -1.429 2.583 0.886 -3.179 0.505 5.638 -4.197 -3.145 -1.97 0.047 1.979 0.988
79 S 0.969 -0.84 0.398 -0.347 -0.026 -0.669 -0.654 -0.205 -0.559 -2.01 -2.427 -0.384 -1.285 -2.042 -1.574 3.581 0.912 -2.648 -1.854 -1.391
80 F -2.433 -2.995 -2.959 -3.413 -1.473 -3.963 -3.581 -2.973 -0.927 0.178 0.466 -3.403 0.103 6.663 -4.547 -3.129 -2.469 0.753 2.832 -0.606
81 F -2.144 -2.738 -3.117 -3.511 -1.005 -3.495 -3.521 -3.133 -1.343 0.875 2.287 -3.101 0.898 5.672 -4.237 -3.171 -2.181 0.133 2.003 0.037
82 K -0.925 1.995 -0.367 -0.821 -2.076 0.708 0.214 -1.441 -0.342 -2.222 -2.339 4.728 -1.322 -2.904 -1.786 -0.98 -1.181 -2.648 -1.887 -2.098
83 T -0.211 -1.191 -0.238 -1.113 0.023 -1.202 -1.477 -1.428 -1.512 -0.323 -1.156 -0.89 -0.631 -1.679 -1.786 0.606 4.522 -2.283 -1.805 0.131
84 Y -1.911 -1.876 -2.224 -3.121 -1.85 -1.882 -2.462 -3.031 2.006 -0.902 -1.009 -1.972 -0.781 3.25 -3.432 -2.536 -2.188 2.21 6.853 -1.078
85 T -0.574 -1.719 -0.956 -1.672 -0.065 -1.749 -2.062 -1.983 -1.883 2.447 0.065 -1.393 0.103 -0.948 -2.274 -0.199 3.546 -2.283 -1.658 1.293
86 N -1.759 -0.514 5.842 1.183 -1.945 -0.626 -0.824 -0.253 0.87 -2.811 -3.25 -0.394 -2.26 -2.473 -2.686 -0.217 -0.55 -3.065 -2.167 -2.659
87 S 0.312 -0.727 3.436 0.257 -0.536 -0.654 -0.709 -0.221 -0.0 -2.253 -2.676 -0.387 -1.575 -2.179 -1.899 2.774 0.502 -2.78 -1.955 -1.755
88 F -2.433 -2.995 -2.959 -3.413 -1.473 -3.963 -3.581 -2.973 -0.927 0.178 0.466 -3.403 0.103 6.663 -4.547 -3.129 -2.469 0.753 2.832 -0.606
89 L -1.639 -2.285 -3.461 -3.719 -0.249 -2.739 -3.404 -3.481 -2.412 1.906 4.193 -2.577 2.034 0.734 -3.703 -3.257 -1.679 -1.749 -1.155 1.007
90 S 0.969 -0.84 0.398 -0.347 -0.026 -0.669 -0.654 -0.205 -0.559 -2.01 -2.427 -0.384 -1.285 -2.042 -1.574 3.581 0.912 -2.648 -1.854 -1.391
91 A 3.417 -1.313 -0.85 -1.223 0.392 -1.146 -1.128 0.124 -1.037 -1.246 -1.718 -0.747 -1.073 -1.978 -1.574 1.863 0.04 -2.575 -1.854 -0.363
92 L -1.584 -2.559 -3.428 -3.565 -0.249 -2.917 -3.526 -3.513 -2.539 3.198 3.554 -2.642 1.774 0.543 -3.67 -3.23 -1.501 -1.917 -1.229 1.717
93 C 0.052 -2.293 -1.411 -2.043 8.658 -2.249 -2.428 -1.403 -1.963 -1.173 -1.524 -1.938 -1.213 -2.098 -2.606 1.197 -0.417 -3.086 -2.505 -0.774
94 G 2.093 -2.135 -0.891 -1.538 -0.589 -1.972 -2.209 4.929 -1.484 -2.285 -2.659 -1.457 -2.037 -2.473 -2.375 -0.53 -1.429 -2.539 -2.705 -1.588
95 I -1.042 -2.98 -3.246 -3.274 -0.076 -3.086 -3.496 -3.392 -2.876 4.274 1.354 -2.677 1.033 -0.072 -3.488 -2.886 -0.95 -2.349 -1.384 3.404
96 P -0.935 -2.112 -2.032 -1.662 -1.556 -2.032 -1.721 -1.951 -1.706 -2.416 -2.849 -1.163 -2.502 -3.434 6.76 -1.551 -1.447 -4.648 -2.734 -2.26
97 L -1.639 -2.285 -3.461 -3.719 -0.249 -2.739 -3.404 -3.481 -2.412 1.906 4.193 -2.577 2.034 0.734 -3.703 -3.257 -1.679 -1.749 -1.155 1.007
98 V 1.993 -2.211 -2.541 -2.683 0.359 -2.199 -2.358 -1.484 -2.328 2.117 0.269 -1.878 0.268 -0.904 -2.588 -1.16 -0.54 -2.504 -1.532 3.508
99 L -1.453 -0.329 -0.68 -1.439 -1.401 2.599 -0.32 -2.169 5.272 -0.236 1.561 -0.384 0.435 -0.698 -2.873 -1.767 -1.648 -1.846 0.011 -0.798
100 L -1.584 -2.559 -3.428 -3.565 -0.249 -2.917 -3.526 -3.513 -2.539 3.198 3.554 -2.642 1.774 0.543 -3.67 -3.23 -1.501 -1.917 -1.229 1.717
101 F -2.248 -2.572 -2.693 -3.312 -1.593 -3.092 -3.158 -2.992 0.407 -0.139 0.053 -2.843 -0.163 5.904 -4.126 -2.918 -2.373 1.324 4.846 -0.755
102 L -1.336 -2.607 -3.141 -3.459 -0.408 -3.072 -3.315 -3.161 -1.98 1.883 2.358 -2.794 1.071 4.047 -3.793 -2.897 -1.458 -0.81 0.799 2.353
103 L -1.453 -0.874 3.083 0.376 -1.401 -0.269 2.085 -1.627 -0.105 -0.321 1.462 -0.522 0.006 -1.022 -2.705 -1.191 -1.169 -2.383 -1.741 -0.796
104 R -1.459 3.384 -0.939 -1.719 -2.087 -0.043 -0.768 -2.16 0.751 -1.84 -1.764 2.681 -1.13 0.727 -2.593 -1.604 -1.611 -0.004 3.95 -1.763
105 Y -2.075 -2.203 -2.449 -3.215 -1.719 -2.424 -2.789 -3.011 1.316 -0.496 -0.429 -2.375 -0.455 4.872 -3.758 -2.721 -2.279 1.801 6.021 -0.912
106 K -0.586 1.118 -0.423 -1.007 -1.84 0.007 -0.476 3.151 -0.697 -2.542 -2.691 3.707 -1.728 -2.861 -2.106 -1.02 -1.434 -2.611 -2.274 -2.358
107 K -1.209 1.202 0.209 3.306 -2.202 0.249 0.482 -1.366 -0.436 -2.409 -2.699 3.754 -1.735 -2.942 -1.973 -1.003 -1.287 -2.94 -2.248 -2.358
108 D -1.488 0.353 3.45 3.528 -2.156 -0.202 0.204 -0.925 0.041 -2.605 -3.01 2.338 -2.061 -2.789 -2.262 -0.724 -1.053 -3.086 -2.351 -2.551
109 A 3.417 -1.313 -0.85 -1.223 0.392 -1.146 -1.128 0.124 -1.037 -1.246 -1.718 -0.747 -1.073 -1.978 -1.574 1.863 0.04 -2.575 -1.854 -0.363
110 P -0.988 -2.176 -2.397 -2.587 -0.899 -2.18 -2.344 -2.631 -0.088 0.776 -0.622 -1.822 -0.558 0.991 3.758 -2.123 -1.317 -0.227 3.941 1.851
111 D 1.613 -1.652 0.421 4.901 -1.067 -1.112 0.359 -0.633 -0.843 -2.046 -2.674 -0.934 -2.053 -2.615 -2.09 -0.502 -1.142 -3.219 -2.646 -1.588
112 Y -1.004 -0.766 -1.558 -1.97 -1.013 2.445 -0.709 -2.468 0.54 0.785 -0.491 -0.64 -0.105 1.02 -2.935 -1.819 -1.193 0.025 3.998 1.883
113 L -1.088 -2.665 -3.278 -3.413 -0.076 -2.898 -3.376 -3.362 -2.734 3.449 2.584 -2.611 1.364 0.162 -3.52 -2.911 -1.097 -2.156 -1.305 3.03
114 C -1.284 -2.511 -2.815 -3.269 6.754 -2.606 -3.274 -2.624 -1.533 0.443 0.734 -2.596 3.44 3.922 -3.676 -2.282 -1.622 -0.859 0.651 0.01
115 K -1.144 1.135 -1.081 -1.506 -1.331 -0.055 -0.571 -1.975 -0.882 -0.136 1.568 3.67 0.265 -1.14 -2.295 -1.559 -1.338 -2.316 -1.622 -0.663
116 D -0.6 -1.431 0.071 3.219 -1.255 -1.129 -0.398 -1.264 0.55 -1.804 -2.149 -1.022 -1.502 0.778 -2.367 1.214 -0.605 -0.164 3.906 -1.701
117 L -1.081 -1.873 -1.955 -2.57 -0.156 -2.131 -2.61 -2.624 -2.08 1.336 3.24 -1.899 1.386 0.13 -2.914 -1.348 1.957 -1.917 -1.356 0.743
118 F -2.433 -2.995 -2.959 -3.413 -1.473 -3.963 -3.581 -2.973 -0.927 0.178 0.466 -3.403 0.103 6.663 -4.547 -3.129 -2.469 0.753 2.832 -0.606
119 Y -1.859 -1.347 3.005 -0.915 -1.882 -1.4 -1.807 -1.786 1.674 -1.41 -1.582 -1.345 -1.195 2.272 -3.161 -1.542 -1.533 1.263 5.746 -1.515
120 I -1.042 -2.98 -3.246 -3.274 -0.076 -3.086 -3.496 -3.392 -2.876 4.274 1.354 -2.677 1.033 -0.072 -3.488 -2.886 -0.95 -2.349 -1.384 3.404
121 F -2.433 -2.995 -2.959 -3.413 -1.473 -3.963 -3.581 -2.973 -0.927 0.178 0.466 -3.403 0.103 6.663 -4.547 -3.129 -2.469 0.753 2.832 -0.606
122 F -2.077 -3.062 -3.087 -3.368 -1.005 -3.728 -3.648 -3.161 -1.429 2.583 0.886 -3.179 0.505 5.638 -4.197 -3.145 -1.97 0.047 1.979 0.988
123 I -1.042 -2.98 -3.246 -3.274 -0.076 -3.086 -3.496 -3.392 -2.876 4.274 1.354 -2.677 1.033 -0.072 -3.488 -2.886 -0.95 -2.349 -1.384 3.404
124 Q -0.981 0.908 -0.191 -0.456 -2.01 5.21 1.293 -1.578 0.671 -2.339 -2.09 1.123 -0.502 -3.057 -2.25 -0.853 -1.074 -2.283 -1.384 -1.886
125 S 0.969 -0.84 0.398 -0.347 -0.026 -0.669 -0.654 -0.205 -0.559 -2.01 -2.427 -0.384 -1.285 -2.042 -1.574 3.581 0.912 -2.648 -1.854 -1.391
126 L -1.584 -2.559 -3.428 -3.565 -0.249 -2.917 -3.526 -3.513 -2.539 3.198 3.554 -2.642 1.774 0.543 -3.67 -3.23 -1.501 -1.917 -1.229 1.717
127 I -1.476 -3.2 -3.361 -3.28 -0.249 -3.308 -3.786 -3.578 -2.81 4.767 1.578 -2.777 1.172 0.119 -3.603 -3.175 -1.173 -2.283 -1.384 2.761
128 I -1.476 -3.2 -3.361 -3.28 -0.249 -3.308 -3.786 -3.578 -2.81 4.767 1.578 -2.777 1.172 0.119 -3.603 -3.175 -1.173 -2.283 -1.384 2.761
129 I -1.042 -2.98 -3.246 -3.274 -0.076 -3.086 -3.496 -3.392 -2.876 4.274 1.354 -2.677 1.033 -0.072 -3.488 -2.886 -0.95 -2.349 -1.384 3.404
130 L -1.135 -2.382 -3.31 -3.559 -0.076 -2.721 -3.26 -3.332 -2.599 2.29 3.443 -2.546 1.662 0.379 -3.552 -2.935 -1.252 -1.975 -1.229 2.6
131 V 1.993 -2.211 -2.541 -2.683 0.359 -2.199 -2.358 -1.484 -2.328 2.117 0.269 -1.878 0.268 -0.904 -2.588 -1.16 -0.54 -2.504 -1.532 3.508
132 L -1.478 -1.992 -3.087 -3.424 -0.255 -2.107 -3.051 -3.19 -1.891 1.778 3.636 -2.193 4.055 0.617 -3.577 -2.824 -1.49 -1.63 -1.078 0.969
133 L -1.88 -2.503 -3.284 -3.613 -0.602 -3.092 -3.462 -3.302 -1.828 1.437 3.394 -2.827 1.522 4.151 -3.958 -3.214 -1.919 -0.657 0.836 0.563
134 L -1.088 -2.665 -3.278 -3.413 -0.076 -2.898 -3.376 -3.362 -2.734 3.449 2.584 -2.611 1.364 0.162 -3.52 -2.911 -1.097 -2.156 -1.305 3.03
135 P -0.935 -2.112 -2.032 -1.662 -1.556 -2.032 -1.721 -1.951 -1.706 -2.416 -2.849 -1.163 -2.502 -3.434 6.76 -1.551 -1.447 -4.648 -2.734 -2.26
136 A 2.015 -1.674 -1.099 -1.586 -0.184 -1.711 -1.635 -0.658 -0.916 -0.784 -0.872 -1.313 -0.655 3.767 -2.27 1.432 -0.378 -1.012 0.621 -0.594
137 L -1.639 -2.285 -3.461 -3.719 -0.249 -2.739 -3.404 -3.481 -2.412 1.906 4.193 -2.577 2.034 0.734 -3.703 -3.257 -1.679 -1.749 -1.155 1.007
138 K -0.925 1.995 -0.367 -0.821 -2.076 0.708 0.214 -1.441 -0.342 -2.222 -2.339 4.728 -1.322 -2.904 -1.786 -0.98 -1.181 -2.648 -1.887 -2.098
139 P -0.935 -2.112 -2.032 -1.662 -1.556 -2.032 -1.721 -1.951 -1.706 -2.416 -2.849 -1.163 -2.502 -3.434 6.76 -1.551 -1.447 -4.648 -2.734 -2.26
140 F -2.077 -3.062 -3.087 -3.368 -1.005 -3.728 -3.648 -3.161 -1.429 2.583 0.886 -3.179 0.505 5.638 -4.197 -3.145 -1.97 0.047 1.979 0.988
141 V -0.332 -2.585 -3.028 -3.263 0.241 -2.686 -2.992 -3.054 -3.014 2.931 0.847 -2.487 0.733 -0.497 -3.27 -2.383 -0.55 -2.486 -1.384 4.373
142 N -1.288 -0.194 3.149 -0.277 -1.288 2.667 -0.257 -1.334 0.279 -0.519 -0.164 -0.066 3.32 -1.307 -2.725 -0.958 -0.91 -2.172 -1.45 -0.792
143 L -1.209 -2.234 -2.858 -3.357 -0.49 -2.408 -2.927 -3.181 -0.21 1.711 2.151 -2.333 0.884 1.596 -3.463 -2.701 -1.389 0.112 4.01 2.3
144 F -2.433 -2.995 -2.959 -3.413 -1.473 -3.963 -3.581 -2.973 -0.927 0.178 0.466 -3.403 0.103 6.663 -4.547 -3.129 -2.469 0.753 2.832 -0.606
145 H -1.504 0.074 0.188 -0.844 -2.285 2.797 0.178 -1.721 7.102 -2.613 -2.478 -0.041 -1.045 -1.498 -2.634 -1.376 -1.845 -1.776 0.875 -2.656
146 R -1.633 5.687 -0.561 -1.662 -2.358 0.419 -0.659 -2.227 -0.0 -2.71 -2.127 1.92 -1.322 -2.571 -2.803 -1.505 -1.553 -2.333 -1.871 -2.26
147 N -1.797 -0.854 4.938 3.734 -2.11 -0.736 -0.104 -0.542 0.45 -2.815 -3.359 -0.562 -2.428 -2.644 -2.583 -0.469 -0.836 -3.241 -2.457 -2.757
148 A 3.417 -1.313 -0.85 -1.223 0.392 -1.146 -1.128 0.124 -1.037 -1.246 -1.718 -0.747 -1.073 -1.978 -1.574 1.863 0.04 -2.575 -1.854 -0.363
149 E -1.018 -0.221 -0.437 1.419 -2.51 1.248 4.712 -2.048 0.294 -2.863 -2.802 0.578 -1.852 -2.707 -1.98 -0.89 -1.4 -2.486 -2.007 -2.233
150 L -0.489 -1.719 -1.554 -2.122 -0.173 -1.874 -2.175 -1.943 -1.655 1.085 3.165 -1.649 1.288 0.069 -2.808 0.905 -0.538 -2.019 -1.37 0.406
151 A 4.143 -1.582 -1.761 -1.786 0.581 -1.419 -1.397 0.275 -1.31 -0.929 -1.42 -0.947 -0.972 -1.947 -1.574 0.356 -0.521 -2.539 -1.854 0.04
152 L -0.274 -1.252 -1.168 -1.786 -0.184 -0.98 -1.721 -1.604 -0.887 0.732 1.158 -1.107 5.006 -0.235 -2.625 1.118 -0.286 -1.763 -1.207 0.31
153 D -1.263 -0.144 0.239 3.593 -2.321 2.95 2.857 -1.596 0.16 -2.665 -2.763 0.38 -1.562 -2.923 -2.201 -0.93 -1.322 -2.742 -2.089 -2.326
154 L 1.679 -2.281 -2.75 -2.805 0.055 -2.377 -2.661 -1.658 -2.105 2.786 2.282 -1.978 0.997 -0.157 -2.783 -1.494 -1.085 -2.172 -1.45 1.494
155 D -1.876 -1.687 1.1 5.975 -2.471 -0.971 0.951 -1.222 -0.635 -2.824 -3.59 -0.928 -2.796 -3.018 -2.388 -1.051 -1.512 -3.63 -3.142 -2.963
156 L -1.088 -2.665 -3.278 -3.413 -0.076 -2.898 -3.376 -3.362 -2.734 3.449 2.584 -2.611 1.364 0.162 -3.52 -2.911 -1.097 -2.156 -1.305 3.03
157 F -2.433 -2.995 -2.959 -3.413 -1.473 -3.963 -3.581 -2.973 -0.927 0.178 0.466 -3.403 0.103 6.663 -4.547 -3.129 -2.469 0.753 2.832 -0.606
158 S 0.969 -0.84 0.398 -0.347 -0.026 -0.669 -0.654 -0.205 -0.559 -2.01 -2.427 -0.384 -1.285 -2.042 -1.574 3.581 0.912 -2.648 -1.854 -1.391
159 G -0.059 -1.154 3.341 0.004 -1.013 -1.099 -1.26 3.349 -0.246 -2.661 -3.038 -0.775 -2.037 -2.415 -2.32 1.514 -0.309 -2.742 -2.364 -2.254
160 G -0.009 -2.456 -0.539 -1.422 -1.419 -2.294 -2.721 5.9 -1.575 -3.314 -3.559 -1.75 -2.766 -2.777 -2.878 -1.101 -2.018 -2.539 -3.247 -2.963
161 L -1.584 -2.559 -3.428 -3.565 -0.249 -2.917 -3.526 -3.513 -2.539 3.198 3.554 -2.642 1.774 0.543 -3.67 -3.23 -1.501 -1.917 -1.229 1.717
162 R -1.633 5.687 -0.561 -1.662 -2.358 0.419 -0.659 -2.227 -0.0 -2.71 -2.127 1.92 -1.322 -2.571 -2.803 -1.505 -1.553 -2.333 -1.871 -2.26
163 T -0.211 -1.191 -0.238 -1.113 0.023 -1.202 -1.477 -1.428 -1.512 -0.323 -1.156 -0.89 -0.631 -1.679 -1.786 0.606 4.522 -2.283 -1.805 0.131
164 N -1.759 -0.514 5.842 1.183 -1.945 -0.626 -0.824 -0.253 0.87 -2.811 -3.25 -0.394 -2.26 -2.473 -2.686 -0.217 -0.55 -3.065 -2.167 -2.659
165 A 4.143 -1.582 -1.761 -1.786 0.581 -1.419 -1.397 0.275 -1.31 -0.929 -1.42 -0.947 -0.972 -1.947 -1.574 0.356 -0.521 -2.539 -1.854 0.04
166 L -1.639 -2.285 -3.461 -3.719 -0.249 -2.739 -3.404 -3.481 -2.412 1.906 4.193 -2.577 2.034 0.734 -3.703 -3.257 -1.679 -1.749 -1.155 1.007
167 S 0.969 -0.84 0.398 -0.347 -0.026 -0.669 -0.654 -0.205 -0.559 -2.01 -2.427 -0.384 -1.285 -2.042 -1.574 3.581 0.912 -2.648 -1.854 -1.391
168 G -0.009 -2.456 -0.539 -1.422 -1.419 -2.294 -2.721 5.9 -1.575 -3.314 -3.559 -1.75 -2.766 -2.777 -2.878 -1.101 -2.018 -2.539 -3.247 -2.963
169 G -0.009 -2.456 -0.539 -1.422 -1.419 -2.294 -2.721 5.9 -1.575 -3.314 -3.559 -1.75 -2.766 -2.777 -2.878 -1.101 -2.018 -2.539 -3.247 -2.963
170 L -1.639 -2.285 -3.461 -3.719 -0.249 -2.739 -3.404 -3.481 -2.412 1.906 4.193 -2.577 2.034 0.734 -3.703 -3.257 -1.679 -1.749 -1.155 1.007
171 F -2.433 -2.995 -2.959 -3.413 -1.473 -3.963 -3.581 -2.973 -0.927 0.178 0.466 -3.403 0.103 6.663 -4.547 -3.129 -2.469 0.753 2.832 -0.606
172 F -2.248 -2.572 -2.693 -3.312 -1.593 -3.092 -3.158 -2.992 0.407 -0.139 0.053 -2.843 -0.163 5.904 -4.126 -2.918 -2.373 1.324 4.846 -0.755
173 G -0.009 -2.456 -0.539 -1.422 -1.419 -2.294 -2.721 5.9 -1.575 -3.314 -3.559 -1.75 -2.766 -2.777 -2.878 -1.101 -2.018 -2.539 -3.247 -2.963
174 L -1.639 -2.285 -3.461 -3.719 -0.249 -2.739 -3.404 -3.481 -2.412 1.906 4.193 -2.577 2.034 0.734 -3.703 -3.257 -1.679 -1.749 -1.155 1.007
175 A 2.245 -1.189 -0.399 -1.022 0.206 -1.079 -1.151 -0.368 -1.097 -1.006 -1.618 -0.729 -0.95 -1.885 -1.643 1.914 2.445 -2.486 -1.838 -0.328
176 L -1.584 -2.559 -3.428 -3.565 -0.249 -2.917 -3.526 -3.513 -2.539 3.198 3.554 -2.642 1.774 0.543 -3.67 -3.23 -1.501 -1.917 -1.229 1.717
177 S 0.969 -0.84 0.398 -0.347 -0.026 -0.669 -0.654 -0.205 -0.559 -2.01 -2.427 -0.384 -1.285 -2.042 -1.574 3.581 0.912 -2.648 -1.854 -1.391
178 F -2.433 -2.995 -2.959 -3.413 -1.473 -3.963 -3.581 -2.973 -0.927 0.178 0.466 -3.403 0.103 6.663 -4.547 -3.129 -2.469 0.753 2.832 -0.606
179 G 0.679 -1.285 0.118 -0.663 -0.42 -1.116 -1.193 3.353 -0.859 -2.383 -2.758 -0.771 -1.7 -2.267 -1.947 2.682 0.223 -2.611 -2.248 -1.826
180 F -1.648 -2.452 -2.903 -3.194 -0.609 -2.544 -3.211 -3.054 -1.484 2.818 1.432 -2.472 3.675 4.058 -3.786 -2.764 -1.533 -0.685 0.839 1.342
181 A 4.143 -1.582 -1.761 -1.786 0.581 -1.419 -1.397 0.275 -1.31 -0.929 -1.42 -0.947 -0.972 -1.947 -1.574 0.356 -0.521 -2.539 -1.854 0.04
182 L -1.584 -2.559 -3.428 -3.565 -0.249 -2.917 -3.526 -3.513 -2.539 3.198 3.554 -2.642 1.774 0.543 -3.67 -3.23 -1.501 -1.917 -1.229 1.717
183 L -1.529 -2.861 -3.394 -3.419 -0.249 -3.106 -3.653 -3.545 -2.671 4.088 2.732 -2.709 1.489 0.339 -3.636 -3.202 -1.332 -2.094 -1.305 2.286
184 L -1.179 -2.93 -3.29 -3.5 6.784 -3.181 -3.726 -3.042 -2.745 2.795 2.307 -2.843 0.964 -0.188 -3.532 -2.649 -1.415 -2.383 -1.715 1.392
185 Y -2.075 -2.203 -2.449 -3.215 -1.719 -2.424 -2.789 -3.011 1.316 -0.496 -0.429 -2.375 -0.455 4.872 -3.758 -2.721 -2.279 1.801 6.021 -0.912
186 L -1.88 -2.503 -3.284 -3.613 -0.602 -3.092 -3.462 -3.302 -1.828 1.437 3.394 -2.827 1.522 4.151 -3.958 -3.214 -1.919 -0.657 0.836 0.563
187 Y -1.876 -1.322 -1.087 -2.26 -2.032 -1.237 -1.7 -2.558 5.609 -1.399 -1.469 -1.554 -0.961 2.398 -3.224 -2.221 -2.233 1.407 5.905 -1.615
188 Y -1.284 -2.094 -2.468 -3.168 -0.974 -2.126 -2.628 -3.038 1.079 0.987 -0.25 -2.134 -0.184 2.449 -3.377 -2.484 -1.533 1.31 5.765 1.965
189 Y -1.431 -0.866 -1.621 -1.973 -1.255 2.413 -0.816 -2.601 0.561 2.183 -0.08 -0.689 0.099 1.152 -3.03 -2.016 -1.436 0.055 3.998 0.691
190 L -0.379 -1.476 -1.355 -1.949 -0.179 -1.393 -1.939 -1.768 -1.246 0.914 2.332 -1.365 3.709 -0.079 -2.715 1.014 -0.409 -1.888 -1.287 0.358
191 N -0.164 -1.181 3.193 -0.287 -0.427 -1.181 -1.313 -0.902 -0.494 0.556 -1.034 -0.934 -0.66 -1.541 -2.423 1.371 0.024 -2.723 -1.784 1.784
192 L -1.484 -0.711 -1.639 -2.061 -1.255 2.442 -0.768 -2.578 0.604 0.106 1.731 -0.656 0.547 1.308 -3.057 -2.034 -1.611 0.14 4.01 -0.384
193 K -0.928 1.153 -0.823 -1.075 -1.892 0.048 -0.299 -1.601 -0.729 -2.285 -2.499 3.739 -1.665 -3.071 3.874 -1.158 -1.267 -3.174 -2.143 -2.151
194 F -1.584 -1.795 -1.943 -0.814 -1.263 -1.013 1.841 -2.797 -0.882 2.298 0.259 -1.301 0.061 3.877 -3.178 -2.188 -1.628 -0.929 0.672 0.739
195 K -0.812 2.108 -0.254 -0.708 -1.963 0.821 0.328 -1.328 -0.229 -2.109 -2.226 4.453 -1.209 -2.791 -1.673 -0.867 -1.068 -2.535 -1.774 -1.984
196 R -1.162 3.626 -0.369 -0.937 -2.144 3.012 0.394 -1.729 0.141 -2.416 -2.183 3.028 -1.022 -2.837 -2.25 -1.099 -1.262 -2.417 -1.704 -2.077
197 L -1.088 -2.665 -3.278 -3.413 -0.076 -2.898 -3.376 -3.362 -2.734 3.449 2.584 -2.611 1.364 0.162 -3.52 -2.911 -1.097 -2.156 -1.305 3.03
198 L -0.313 0.183 -0.729 -1.296 -0.65 -0.575 -0.919 -1.414 -0.967 -0.101 1.56 2.201 0.272 -0.964 -2.209 1.166 -0.419 -2.316 -1.612 -0.505
199 L 1.679 -2.281 -2.75 -2.805 0.055 -2.377 -2.661 -1.658 -2.105 2.786 2.282 -1.978 0.997 -0.157 -2.783 -1.494 -1.085 -2.172 -1.45 1.494
200 K -1.142 3.793 -0.43 -1.075 -2.167 0.615 -0.048 -1.68 -0.223 -2.376 -2.266 4.057 -1.322 -2.789 -2.087 -1.145 -1.299 -2.539 -1.882 -2.151
201 D -1.533 0.072 -0.191 3.177 -2.121 -0.511 -0.104 -1.793 0.601 -1.868 -2.122 2.176 -1.515 0.683 -2.458 -1.439 -1.597 -0.164 3.904 -1.943
202 L -1.336 -2.607 -3.141 -3.459 -0.408 -3.072 -3.315 -3.161 -1.98 1.883 2.358 -2.794 1.071 4.047 -3.793 -2.897 -1.458 -0.81 0.799 2.353
203 F 1.51 -2.444 -2.502 -2.763 -0.616 -2.848 -2.658 -1.452 -1.049 -0.146 -0.037 -2.336 -0.213 5.565 -3.19 -1.462 -1.665 0.011 1.933 -0.374
204 L -1.461 -0.028 -1.735 -2.268 -1.271 -0.913 -1.457 -2.512 0.297 0.123 1.71 2.03 0.377 1.319 -2.843 -2.096 -1.654 0.091 3.986 -0.425
205 F -2.433 -2.995 -2.959 -3.413 -1.473 -3.963 -3.581 -2.973 -0.927 0.178 0.466 -3.403 0.103 6.663 -4.547 -3.129 -2.469 0.753 2.832 -0.606
206 T -0.07 -1.573 -0.667 -1.337 -0.082 -1.522 -1.697 -1.425 -1.484 2.279 -0.169 -1.181 -0.053 -1.038 -2.189 1.489 2.374 -2.4 -1.673 1.017
207 L -1.425 -2.238 -3.057 -3.285 -0.255 -2.249 -3.158 -3.218 -1.996 3.117 2.841 -2.25 3.929 0.419 -3.545 -2.8 -1.322 -1.79 -1.151 1.687
208 V -0.332 -2.585 -3.028 -3.263 0.241 -2.686 -2.992 -3.054 -3.014 2.931 0.847 -2.487 0.733 -0.497 -3.27 -2.383 -0.55 -2.486 -1.384 4.373
209 N -1.759 -0.514 5.842 1.183 -1.945 -0.626 -0.824 -0.253 0.87 -2.811 -3.25 -0.394 -2.26 -2.473 -2.686 -0.217 -0.55 -3.065 -2.167 -2.659
210 I -1.476 -3.2 -3.361 -3.28 -0.249 -3.308 -3.786 -3.578 -2.81 4.767 1.578 -2.777 1.172 0.119 -3.603 -3.175 -1.173 -2.283 -1.384 2.761
211 G -0.009 -2.456 -0.539 -1.422 -1.419 -2.294 -2.721 5.9 -1.575 -3.314 -3.559 -1.75 -2.766 -2.777 -2.878 -1.101 -2.018 -2.539 -3.247 -2.963
212 L -1.478 -1.992 -3.087 -3.424 -0.255 -2.107 -3.051 -3.19 -1.891 1.778 3.636 -2.193 4.055 0.617 -3.577 -2.824 -1.49 -1.63 -1.078 0.969
213 L -1.425 -2.238 -3.057 -3.285 -0.255 -2.249 -3.158 -3.218 -1.996 3.117 2.841 -2.25 3.929 0.419 -3.545 -2.8 -1.322 -1.79 -1.151 1.687
214 C -0.824 -3.356 -3.159 -3.436 8.655 -3.472 -3.942 -2.638 -2.967 2.326 0.063 -3.06 -0.167 -1.171 -3.401 -2.166 -1.332 -2.94 -2.299 1.026
215 T 0.238 -1.069 -0.01 -0.835 0.006 -1.013 -1.176 -0.96 -1.158 -0.784 -1.521 -0.711 -0.833 -1.795 -1.713 1.964 3.738 -2.4 -1.822 -0.293
216 G -0.009 -2.456 -0.539 -1.422 -1.419 -2.294 -2.721 5.9 -1.575 -3.314 -3.559 -1.75 -2.766 -2.777 -2.878 -1.101 -2.018 -2.539 -3.247 -2.963
217 R -1.633 5.687 -0.561 -1.662 -2.358 0.419 -0.659 -2.227 -0.0 -2.71 -2.127 1.92 -1.322 -2.571 -2.803 -1.505 -1.553 -2.333 -1.871 -2.26
218 F -2.433 -2.995 -2.959 -3.413 -1.473 -3.963 -3.581 -2.973 -0.927 0.178 0.466 -3.403 0.103 6.663 -4.547 -3.129 -2.469 0.753 2.832 -0.606
219 G -0.009 -2.456 -0.539 -1.422 -1.419 -2.294 -2.721 5.9 -1.575 -3.314 -3.559 -1.75 -2.766 -2.777 -2.878 -1.101 -2.018 -2.539 -3.247 -2.963
220 F 1.51 -2.444 -2.502 -2.763 -0.616 -2.848 -2.658 -1.452 -1.049 -0.146 -0.037 -2.336 -0.213 5.565 -3.19 -1.462 -1.665 0.011 1.933 -0.374
221 V -0.665 -2.776 -3.135 -3.269 0.087 -2.879 -3.233 -3.218 -2.944 3.68 1.111 -2.581 0.887 -0.277 -3.377 -2.624 -0.743 -2.417 -1.384 3.929
222 Y -1.911 -1.876 -2.224 -3.121 -1.85 -1.882 -2.462 -3.031 2.006 -0.902 -1.009 -1.972 -0.781 3.25 -3.432 -2.536 -2.188 2.21 6.853 -1.078
223 L -1.135 -2.382 -3.31 -3.559 -0.076 -2.721 -3.26 -3.332 -2.599 2.29 3.443 -2.546 1.662 0.379 -3.552 -2.935 -1.252 -1.975 -1.229 2.6
224 V -1.286 -2.915 -3.111 -3.318 -0.408 -3.272 -3.433 -3.19 -2.088 3.183 1.001 -2.864 0.702 3.988 -3.758 -2.872 -1.292 -0.929 0.762 2.818
225 S 0.547 -1.476 -0.367 -1.072 6.797 -1.352 -1.407 -0.742 -1.176 -1.561 -1.94 -1.058 -1.249 -2.07 -2.044 2.628 0.324 -2.859 -2.161 -1.066
226 L 1.679 -2.281 -2.75 -2.805 0.055 -2.377 -2.661 -1.658 -2.105 2.786 2.282 -1.978 0.997 -0.157 -2.783 -1.494 -1.085 -2.172 -1.45 1.494
227 L -1.82 -2.799 -3.252 -3.465 -0.602 -3.294 -3.586 -3.332 -1.931 2.907 2.518 -2.898 1.209 4.094 -3.921 -3.187 -1.726 -0.771 0.799 1.375
228 F -1.843 -2.67 -2.616 -2.705 -1.5 -3.167 -2.82 -2.591 -1.164 -0.458 -0.279 -2.45 -0.535 5.536 3.702 -2.502 -2.087 -0.203 1.864 -1.06
229 I -1.373 -2.507 -3.028 -3.152 -0.255 -2.398 -3.269 -3.247 -2.105 4.029 1.739 -2.308 3.797 0.205 -3.513 -2.777 -1.164 -1.96 -1.225 2.262
230 K -0.812 2.108 -0.254 -0.708 -1.963 0.821 0.328 -1.328 -0.229 -2.109 -2.226 4.453 -1.209 -2.791 -1.673 -0.867 -1.068 -2.535 -1.774 -1.984
231 L -1.82 -2.799 -3.252 -3.465 -0.602 -3.294 -3.586 -3.332 -1.931 2.907 2.518 -2.898 1.209 4.094 -3.921 -3.187 -1.726 -0.771 0.799 1.375
232 C -1.383 -3.205 -3.123 -3.402 6.754 -3.597 -3.791 -2.888 -2.097 2.457 0.504 -3.119 0.188 3.899 -3.772 -2.614 -1.634 -1.076 0.569 1.007
233 S 0.627 -0.952 0.201 -0.581 -0.01 -0.836 -0.903 -0.558 -0.843 -1.332 -1.938 -0.543 -1.05 -1.916 -1.643 2.884 2.658 -2.521 -1.838 -0.79
234 L -1.82 -2.799 -3.252 -3.465 -0.602 -3.294 -3.586 -3.332 -1.931 2.907 2.518 -2.898 1.209 4.094 -3.921 -3.187 -1.726 -0.771 0.799 1.375
235 G -0.779 3.356 -0.487 -1.28 -1.924 -0.112 -0.814 3.104 -0.564 -2.714 -2.61 2.696 -1.728 -2.748 -2.444 -1.187 -1.564 -2.504 -2.267 -2.417
236 V -1.286 -2.915 -3.111 -3.318 -0.408 -3.272 -3.433 -3.19 -2.088 3.183 1.001 -2.864 0.702 3.988 -3.758 -2.872 -1.292 -0.929 0.762 2.818
237 L -1.278 -2.061 -1.848 -2.499 -0.497 -2.414 -2.654 -2.49 -1.554 0.752 2.058 -2.095 0.73 3.979 -3.106 -1.325 1.891 -0.771 0.737 0.253
238 R -0.312 3.451 -0.146 -0.894 -1.288 0.211 -0.336 -1.169 -0.291 -2.299 -2.295 2.819 -1.31 -2.484 -2.006 1.335 -0.391 -2.539 -1.871 -1.891
239 K -0.925 1.995 -0.367 -0.821 -2.076 0.708 0.214 -1.441 -0.342 -2.222 -2.339 4.728 -1.322 -2.904 -1.786 -0.98 -1.181 -2.648 -1.887 -2.098
240 L -1.529 -2.861 -3.394 -3.419 -0.249 -3.106 -3.653 -3.545 -2.671 4.088 2.732 -2.709 1.489 0.339 -3.636 -3.202 -1.332 -2.094 -1.305 2.286
241 R -1.377 4.892 -0.495 -1.354 -2.261 0.519 -0.338 -1.94 -0.11 -2.538 -2.196 3.182 -1.322 -2.678 -2.423 -1.319 -1.423 -2.434 -1.876 -2.205
242 L -0.103 -1.376 -0.68 -1.407 -0.082 -1.411 -1.632 -1.41 -1.396 0.3 1.684 -1.142 0.418 -0.715 -2.209 1.483 2.329 -2.203 -1.587 0.077
243 L -1.088 -2.665 -3.278 -3.413 -0.076 -2.898 -3.376 -3.362 -2.734 3.449 2.584 -2.611 1.364 0.162 -3.52 -2.911 -1.097 -2.156 -1.305 3.03
244 F -2.144 -2.738 -3.117 -3.511 -1.005 -3.495 -3.521 -3.133 -1.343 0.875 2.287 -3.101 0.898 5.672 -4.237 -3.171 -2.181 0.133 2.003 0.037
245 F -1.976 -2.349 -2.836 -3.407 -1.107 -2.739 -3.106 -3.153 0.152 0.629 2.074 -2.592 0.699 4.534 -3.856 -2.957 -2.094 0.826 4.463 -0.082
246 W 0.172 -1.291 -0.392 -1.1 -0.629 -1.244 -1.258 -0.781 -0.766 -1.991 -2.183 -1.004 -1.316 -0.627 -2.397 2.534 0.116 7.594 0.096 -1.67
247 L -0.141 -1.798 -1.475 -2.029 -0.004 -1.86 -2.08 -1.854 -1.797 1.585 2.023 -1.627 0.796 -0.386 -2.696 0.985 -0.244 -2.267 -1.45 2.269
248 F -1.659 -3.135 -2.993 -3.447 6.725 -3.821 -3.721 -2.716 -1.477 -0.121 0.019 -3.338 -0.264 5.561 -4.071 -2.601 -2.074 -0.087 1.854 -0.573
249 L -1.705 -2.188 -2.931 -3.329 -0.609 -2.387 -3.102 -3.027 -1.396 1.286 2.635 -2.411 3.812 4.116 -3.821 -2.787 -1.714 -0.575 0.875 0.518
250 I -0.99 -2.365 -1.915 -2.365 -0.156 -2.424 -2.797 -2.672 -2.309 3.834 0.919 -2.003 0.687 -0.366 -2.863 -1.319 2.059 -2.283 -1.518 2.12
251 V -1.286 -2.915 -3.111 -3.318 -0.408 -3.272 -3.433 -3.19 -2.088 3.183 1.001 -2.864 0.702 3.988 -3.758 -2.872 -1.292 -0.929 0.762 2.818
252 L -1.088 -2.665 -3.278 -3.413 -0.076 -2.898 -3.376 -3.362 -2.734 3.449 2.584 -2.611 1.364 0.162 -3.52 -2.911 -1.097 -2.156 -1.305 3.03
253 S 1.082 -0.727 0.511 -0.234 0.087 -0.555 -0.541 -0.092 -0.446 -1.897 -2.314 -0.271 -1.172 -1.929 -1.461 3.212 1.025 -2.535 -1.741 -1.278
254 L -1.88 -2.503 -3.284 -3.613 -0.602 -3.092 -3.462 -3.302 -1.828 1.437 3.394 -2.827 1.522 4.151 -3.958 -3.214 -1.919 -0.657 0.836 0.563
255 A 3.244 -2.079 -2.133 -2.256 6.839 -1.972 -2.038 -0.351 -1.782 -0.896 -1.331 -1.525 -1.039 -2.005 -2.044 -0.195 -0.789 -2.78 -2.161 -0.132
256 I -1.042 -2.98 -3.246 -3.274 -0.076 -3.086 -3.496 -3.392 -2.876 4.274 1.354 -2.677 1.033 -0.072 -3.488 -2.886 -0.95 -2.349 -1.384 3.404
257 L -1.88 -2.503 -3.284 -3.613 -0.602 -3.092 -3.462 -3.302 -1.828 1.437 3.394 -2.827 1.522 4.151 -3.958 -3.214 -1.919 -0.657 0.836 0.563
258 F -2.248 -2.572 -2.693 -3.312 -1.593 -3.092 -3.158 -2.992 0.407 -0.139 0.053 -2.843 -0.163 5.904 -4.126 -2.918 -2.373 1.324 4.846 -0.755
259 F -1.552 -2.852 -2.982 -3.362 -0.782 -3.472 -3.371 -3.0 -1.47 1.409 0.598 -3.064 0.328 5.611 -4.056 -2.858 -1.679 0.018 1.979 2.082
260 T 0.495 -0.954 0.154 -0.649 0.054 -0.867 -0.98 -0.696 -0.94 -0.989 -1.666 -0.57 -0.883 -1.799 -1.622 2.348 3.143 -2.404 -1.774 -0.475
261 L -1.82 -2.799 -3.252 -3.465 -0.602 -3.294 -3.586 -3.332 -1.931 2.907 2.518 -2.898 1.209 4.094 -3.921 -3.187 -1.726 -0.771 0.799 1.375
262 Y -2.075 -2.203 -2.449 -3.215 -1.719 -2.424 -2.789 -3.011 1.316 -0.496 -0.429 -2.375 -0.455 4.872 -3.758 -2.721 -2.279 1.801 6.021 -0.912
263 N -0.363 -0.514 3.35 0.851 -1.288 0.131 2.305 -0.718 0.26 -2.534 -2.807 -0.03 -1.771 -2.394 -2.044 1.543 -0.185 -2.723 -2.007 -2.045
264 L -1.209 -2.234 -2.858 -3.357 -0.49 -2.408 -2.927 -3.181 -0.21 1.711 2.151 -2.333 0.884 1.596 -3.463 -2.701 -1.389 0.112 4.01 2.3
265 F -2.377 -2.939 -2.903 -3.357 -1.417 -3.907 -3.525 -2.917 -0.871 0.234 0.522 -3.347 0.159 6.58 -4.491 -3.073 -2.413 0.809 2.888 -0.55
266 P -1.311 -1.836 -0.004 4.102 -1.921 -1.397 -0.03 -1.508 -1.065 -2.557 -3.14 -0.987 -2.589 -3.163 4.829 -1.234 -1.423 -4.038 -2.875 -2.534
267 D 1.715 -0.52 -0.055 3.272 -0.967 2.609 0.504 -0.725 -0.305 -1.915 -2.232 -0.077 -1.267 -2.627 -2.048 -0.446 -1.007 -2.761 -2.036 -1.33
268 V -0.706 -2.482 -3.165 -3.407 0.087 -2.704 -3.123 -3.19 -2.799 2.628 2.427 -2.517 1.234 -0.026 -3.407 -2.646 -0.88 -2.219 -1.305 3.621
269 R -0.312 3.451 -0.146 -0.894 -1.288 0.211 -0.336 -1.169 -0.291 -2.299 -2.295 2.819 -1.31 -2.484 -2.006 1.335 -0.391 -2.539 -1.871 -1.891
270 D -1.676 -0.09 -0.3 3.166 -1.977 -0.836 -0.244 -1.781 -0.625 -1.314 -1.306 2.085 -1.102 3.691 -2.686 -1.564 -1.671 -1.196 0.465 -1.722
271 L -1.088 -2.665 -3.278 -3.413 -0.076 -2.898 -3.376 -3.362 -2.734 3.449 2.584 -2.611 1.364 0.162 -3.52 -2.911 -1.097 -2.156 -1.305 3.03
272 Y -2.075 -2.203 -2.449 -3.215 -1.719 -2.424 -2.789 -3.011 1.316 -0.496 -0.429 -2.375 -0.455 4.872 -3.758 -2.721 -2.279 1.801 6.021 -0.912
273 D -1.525 -0.741 3.444 3.768 -2.297 0.057 2.551 -1.081 0.241 -2.833 -3.196 -0.18 -2.277 -2.724 -2.337 -0.696 -1.121 -3.023 -2.397 -2.603
274 N -1.49 -0.413 4.831 1.264 -2.121 0.142 2.285 -0.737 0.69 -2.828 -3.093 -0.033 -2.118 -2.549 -2.431 -0.424 -0.806 -2.859 -2.113 -2.51
275 N -0.897 0.441 3.288 -0.059 -1.163 -0.259 -0.61 -0.985 -0.166 -1.581 -2.12 2.342 -1.329 -2.307 -2.056 -0.124 2.133 -2.648 -1.949 -1.276
276 I -1.476 -3.2 -3.361 -3.28 -0.249 -3.308 -3.786 -3.578 -2.81 4.767 1.578 -2.777 1.172 0.119 -3.603 -3.175 -1.173 -2.283 -1.384 2.761
277 Y -0.607 -1.488 -1.066 -1.878 -1.107 -1.419 -1.726 -1.758 1.375 -1.227 -1.409 -1.34 -0.94 2.301 -2.672 1.032 -0.756 1.296 5.753 -1.179
278 P -0.673 -1.772 -1.303 -1.468 -0.929 -1.728 -1.637 -1.766 -1.64 -1.539 -2.168 -1.069 -1.735 -2.724 5.664 -0.641 2.002 -3.63 -2.39 -1.228
279 Y -1.911 -1.876 -2.224 -3.121 -1.85 -1.882 -2.462 -3.031 2.006 -0.902 -1.009 -1.972 -0.781 3.25 -3.432 -2.536 -2.188 2.21 6.853 -1.078
280 F 1.762 -2.325 -2.522 -2.723 -0.087 -2.505 -2.504 -1.468 -1.618 1.202 0.12 -2.098 0.038 3.856 -2.873 -1.307 -1.048 -0.981 0.692 2.176
281 F -2.144 -2.738 -3.117 -3.511 -1.005 -3.495 -3.521 -3.133 -1.343 0.875 2.287 -3.101 0.898 5.672 -4.237 -3.171 -2.181 0.133 2.003 0.037
282 E -1.018 -0.221 -0.437 1.419 -2.51 1.248 4.712 -2.048 0.294 -2.863 -2.802 0.578 -1.852 -2.707 -1.98 -0.89 -1.4 -2.486 -2.007 -2.233
283 F -2.144 -2.738 -3.117 -3.511 -1.005 -3.495 -3.521 -3.133 -1.343 0.875 2.287 -3.101 0.898 5.672 -4.237 -3.171 -2.181 0.133 2.003 0.037
284 L -1.584 -2.559 -3.428 -3.565 -0.249 -2.917 -3.526 -3.513 -2.539 3.198 3.554 -2.642 1.774 0.543 -3.67 -3.23 -1.501 -1.917 -1.229 1.717
285 E -0.171 0.582 -0.11 0.253 -1.323 0.536 2.442 -1.127 -0.179 -2.343 -2.516 2.544 -1.475 -2.527 -1.775 1.419 -0.356 -2.593 -1.915 -1.883
286 N -1.201 -1.054 4.738 0.306 -1.02 -1.164 -1.383 -0.923 0.053 0.458 -1.185 -0.939 -0.891 -1.655 -2.868 -0.775 -0.55 -2.859 -1.882 1.668
287 Y -1.13 -2.057 -1.547 -2.437 -1.699 -2.013 -2.546 2.98 1.225 -1.506 -1.637 -1.896 -1.304 2.253 -3.235 -1.975 -2.13 1.306 5.726 -1.581
288 L -1.236 -0.211 -1.33 -1.593 -0.941 3.223 -0.133 -2.319 -0.421 0.559 2.431 -0.114 1.092 -0.523 -2.83 -1.756 -1.305 -1.948 -1.211 -0.035
289 E -0.915 1.151 -0.346 0.567 -2.229 1.046 3.174 -1.673 0.049 -2.469 -2.505 3.248 -1.519 -2.748 -1.825 -0.878 -1.232 -2.51 -1.89 -2.108
290 T 0.495 -0.954 0.154 -0.649 0.054 -0.867 -0.98 -0.696 -0.94 -0.989 -1.666 -0.57 -0.883 -1.799 -1.622 2.348 3.143 -2.404 -1.774 -0.475
291 G 0.047 -2.4 -0.483 -1.365 -1.363 -2.238 -2.665 5.849 -1.519 -3.258 -3.503 -1.693 -2.71 -2.721 -2.822 -1.045 -1.962 -2.483 -3.191 -2.907
292 D -1.359 -0.805 0.489 4.46 -2.434 0.403 3.323 -1.55 -0.077 -2.787 -3.113 -0.022 -2.23 -2.802 -2.121 -0.913 -1.399 -2.946 -2.463 -2.519
293 F 1.762 -2.325 -2.522 -2.723 -0.087 -2.505 -2.504 -1.468 -1.618 1.202 0.12 -2.098 0.038 3.856 -2.873 -1.307 -1.048 -0.981 0.692 2.176
294 D -1.242 0.428 0.19 3.564 -2.346 0.472 2.677 -1.55 -0.201 -2.621 -2.865 2.483 -1.928 -2.874 -2.041 -0.973 -1.361 -2.879 -2.293 -2.407
295 S 0.627 -0.952 0.201 -0.581 -0.01 -0.836 -0.903 -0.558 -0.843 -1.332 -1.938 -0.543 -1.05 -1.916 -1.643 2.884 2.658 -2.521 -1.838 -0.79
296 A 2.147 -0.309 -0.383 -0.793 -0.291 2.64 -0.02 -0.402 -0.282 -1.694 -1.948 0.068 -0.902 -2.307 -1.782 1.661 -0.102 -2.486 -1.689 -0.959
297 S 0.969 -0.84 0.398 -0.347 -0.026 -0.669 -0.654 -0.205 -0.559 -2.01 -2.427 -0.384 -1.285 -2.042 -1.574 3.581 0.912 -2.648 -1.854 -1.391
298 T -0.211 -1.191 -0.238 -1.113 0.023 -1.202 -1.477 -1.428 -1.512 -0.323 -1.156 -0.89 -0.631 -1.679 -1.786 0.606 4.522 -2.283 -1.805 0.131
299 N -1.759 -0.514 5.842 1.183 -1.945 -0.626 -0.824 -0.253 0.87 -2.811 -3.25 -0.394 -2.26 -2.473 -2.686 -0.217 -0.55 -3.065 -2.167 -2.659
300 D -1.486 3.059 0.138 3.511 -2.446 0.371 2.568 -1.798 -0.088 -2.798 -2.778 0.751 -1.928 -2.759 -2.371 -1.137 -1.487 -2.761 -2.286 -2.466
301 L -1.639 -2.285 -3.461 -3.719 -0.249 -2.739 -3.404 -3.481 -2.412 1.906 4.193 -2.577 2.034 0.734 -3.703 -3.257 -1.679 -1.749 -1.155 1.007
302 L 1.832 -2.12 -2.657 -2.8 0.211 -2.214 -2.462 -1.561 -2.157 1.708 2.108 -1.902 0.849 -0.368 -2.696 -1.329 -0.869 -2.235 -1.45 2.438
303 N -0.363 -0.514 3.35 0.851 -1.288 0.131 2.305 -0.718 0.26 -2.534 -2.807 -0.03 -1.771 -2.394 -2.044 1.543 -0.185 -2.723 -2.007 -2.045
304 M -1.179 -1.482 -2.459 -2.913 -0.267 -1.15 -2.452 -2.682 -1.067 1.504 2.036 -1.551 6.065 0.369 -3.341 -2.115 -1.145 -1.405 -0.931 0.891
305 Y -1.911 -1.876 -2.224 -3.121 -1.85 -1.882 -2.462 -3.031 2.006 -0.902 -1.009 -1.972 -0.781 3.25 -3.432 -2.536 -2.188 2.21 6.853 -1.078
306 N -1.476 0.042 4.845 0.733 -1.966 2.718 0.065 -0.631 0.805 -2.645 -2.809 0.204 -1.548 -2.655 -2.533 -0.414 -0.714 -2.78 -1.882 -2.378
307 V -0.665 -2.776 -3.135 -3.269 0.087 -2.879 -3.233 -3.218 -2.944 3.68 1.111 -2.581 0.887 -0.277 -3.377 -2.624 -0.743 -2.417 -1.384 3.929
308 N -1.146 -0.722 4.842 0.6 -1.131 -0.805 -1.026 -0.594 0.271 -1.727 -2.373 -0.55 -1.609 -2.183 -2.354 0.084 2.207 -2.78 -2.042 -1.407
309 F -2.077 -3.062 -3.087 -3.368 -1.005 -3.728 -3.648 -3.161 -1.429 2.583 0.886 -3.179 0.505 5.638 -4.197 -3.145 -1.97 0.047 1.979 0.988
310 P -0.9 -1.2 3.166 -0.253 -1.028 -1.23 -1.315 -1.121 -0.529 -1.631 -2.269 -0.798 -1.672 -2.441 3.837 -0.256 2.106 -3.174 -2.211 -1.316
311 D -1.795 -1.873 0.213 4.855 -1.528 -1.449 0.084 -1.798 -1.115 -0.317 1.387 -1.38 -0.217 -1.181 -2.764 -1.617 -1.566 -2.859 -2.318 -0.983
312 A 1.621 -1.263 3.032 -0.663 -0.818 -1.262 -1.484 -0.685 0.824 -1.421 -1.742 -1.033 -1.267 0.843 -2.462 -0.556 -0.989 -0.087 3.939 -1.029
313 T -0.667 -1.347 0.28 3.261 -0.596 -1.123 -0.425 -1.358 -1.189 -0.942 -1.764 -0.902 -1.189 -2.06 -1.973 0.152 3.525 -2.666 -2.186 -0.584
314 L -1.405 -2.448 -3.246 -3.559 -0.602 -2.781 -3.149 -2.97 -2.123 1.59 2.077 -2.646 0.781 0.494 -4.01 -2.993 -1.531 7.605 0.309 2.194
315 F -2.144 -2.738 -3.117 -3.511 -1.005 -3.495 -3.521 -3.133 -1.343 0.875 2.287 -3.101 0.898 5.672 -4.237 -3.171 -2.181 0.133 2.003 0.037
316 L -1.88 -2.503 -3.284 -3.613 -0.602 -3.092 -3.462 -3.302 -1.828 1.437 3.394 -2.827 1.522 4.151 -3.958 -3.214 -1.919 -0.657 0.836 0.563
317 G -0.009 -2.456 -0.539 -1.422 -1.419 -2.294 -2.721 5.9 -1.575 -3.314 -3.559 -1.75 -2.766 -2.777 -2.878 -1.101 -2.018 -2.539 -3.247 -2.963
318 D -1.209 -1.512 0.719 4.926 -1.384 -1.046 0.345 -1.289 -0.899 -1.732 -2.535 -0.915 -1.882 -2.5 -2.173 -0.387 1.989 -3.108 -2.625 -1.535
319 G -0.009 -2.456 -0.539 -1.422 -1.419 -2.294 -2.721 5.9 -1.575 -3.314 -3.559 -1.75 -2.766 -2.777 -2.878 -1.101 -2.018 -2.539 -3.247 -2.963
320 L -1.694 -1.539 -1.579 -2.541 -0.811 -1.662 -2.144 -2.804 5.141 1.009 3.152 -1.887 1.278 0.274 -3.389 -2.63 -1.879 -1.682 0.059 0.162
321 Y -1.911 -1.876 -2.224 -3.121 -1.85 -1.882 -2.462 -3.031 2.006 -0.902 -1.009 -1.972 -0.781 3.25 -3.432 -2.536 -2.188 2.21 6.853 -1.078
322 T -0.211 -1.191 -0.238 -1.113 0.023 -1.202 -1.477 -1.428 -1.512 -0.323 -1.156 -0.89 -0.631 -1.679 -1.786 0.606 4.522 -2.283 -1.805 0.131
323 G -0.483 -1.655 3.244 -0.274 -1.584 -1.625 -1.942 4.896 -0.514 -3.137 -3.453 -1.224 -2.587 -2.672 -2.813 -0.775 -1.442 -2.704 -2.841 -2.858
324 L -0.515 -1.117 3.177 -0.338 -0.622 -1.191 -1.385 -0.966 -0.403 -0.187 1.492 -0.952 0.114 -0.886 -2.524 1.302 -0.244 -2.434 -1.694 -0.604
325 D -1.876 -1.687 1.1 5.975 -2.471 -0.971 0.951 -1.222 -0.635 -2.824 -3.59 -0.928 -2.796 -3.018 -2.388 -1.051 -1.512 -3.63 -3.142 -2.963
326 G -0.009 -2.456 -0.539 -1.422 -1.419 -2.294 -2.721 5.9 -1.575 -3.314 -3.559 -1.75 -2.766 -2.777 -2.878 -1.101 -2.018 -2.539 -3.247 -2.963
327 L -0.489 -1.719 -1.554 -2.122 -0.173 -1.874 -2.175 -1.943 -1.655 1.085 3.165 -1.649 1.288 0.069 -2.808 0.905 -0.538 -2.019 -1.37 0.406
328 Y -1.911 -1.876 -2.224 -3.121 -1.85 -1.882 -2.462 -3.031 2.006 -0.902 -1.009 -1.972 -0.781 3.25 -3.432 -2.536 -2.188 2.21 6.853 -1.078
329 Y -1.911 -1.876 -2.224 -3.121 -1.85 -1.882 -2.462 -3.031 2.006 -0.902 -1.009 -1.972 -0.781 3.25 -3.432 -2.536 -2.188 2.21 6.853 -1.078
330 Q -0.981 0.908 -0.191 -0.456 -2.01 5.21 1.293 -1.578 0.671 -2.339 -2.09 1.123 -0.502 -3.057 -2.25 -0.853 -1.074 -2.283 -1.384 -1.886
331 H -1.806 -0.456 0.361 -1.06 -2.433 -0.264 -0.599 -1.796 8.167 -2.76 -2.694 -0.864 -1.36 -0.951 -2.848 -1.678 -2.325 -1.553 1.568 -3.134
332 T -0.07 -1.573 -0.667 -1.337 -0.082 -1.522 -1.697 -1.425 -1.484 2.279 -0.169 -1.181 -0.053 -1.038 -2.189 1.489 2.374 -2.4 -1.673 1.017
333 D -1.876 -1.687 1.1 5.975 -2.471 -0.971 0.951 -1.222 -0.635 -2.824 -3.59 -0.928 -2.796 -3.018 -2.388 -1.051 -1.512 -3.63 -3.142 -2.963
334 V -0.332 -2.585 -3.028 -3.263 0.241 -2.686 -2.992 -3.054 -3.014 2.931 0.847 -2.487 0.733 -0.497 -3.27 -2.383 -0.55 -2.486 -1.384 4.373
335 G -0.009 -2.456 -0.539 -1.422 -1.419 -2.294 -2.721 5.9 -1.575 -3.314 -3.559 -1.75 -2.766 -2.777 -2.878 -1.101 -2.018 -2.539 -3.247 -2.963
336 Y -1.911 -1.876 -2.224 -3.121 -1.85 -1.882 -2.462 -3.031 2.006 -0.902 -1.009 -1.972 -0.781 3.25 -3.432 -2.536 -2.188 2.21 6.853 -1.078
337 L -1.82 -2.799 -3.252 -3.465 -0.602 -3.294 -3.586 -3.332 -1.931 2.907 2.518 -2.898 1.209 4.094 -3.921 -3.187 -1.726 -0.771 0.799 1.375
338 R -1.633 5.687 -0.561 -1.662 -2.358 0.419 -0.659 -2.227 -0.0 -2.71 -2.127 1.92 -1.322 -2.571 -2.803 -1.505 -1.553 -2.333 -1.871 -2.26
339 L -1.135 -2.382 -3.31 -3.559 -0.076 -2.721 -3.26 -3.332 -2.599 2.29 3.443 -2.546 1.662 0.379 -3.552 -2.935 -1.252 -1.975 -1.229 2.6
340 L -1.639 -2.285 -3.461 -3.719 -0.249 -2.739 -3.404 -3.481 -2.412 1.906 4.193 -2.577 2.034 0.734 -3.703 -3.257 -1.679 -1.749 -1.155 1.007
341 L -1.639 -2.285 -3.461 -3.719 -0.249 -2.739 -3.404 -3.481 -2.412 1.906 4.193 -2.577 2.034 0.734 -3.703 -3.257 -1.679 -1.749 -1.155 1.007
342 L -1.88 -2.503 -3.284 -3.613 -0.602 -3.092 -3.462 -3.302 -1.828 1.437 3.394 -2.827 1.522 4.151 -3.958 -3.214 -1.919 -0.657 0.836 0.563
343 G -0.009 -2.456 -0.539 -1.422 -1.419 -2.294 -2.721 5.9 -1.575 -3.314 -3.559 -1.75 -2.766 -2.777 -2.878 -1.101 -2.018 -2.539 -3.247 -2.963
344 G -0.009 -2.456 -0.539 -1.422 -1.419 -2.294 -2.721 5.9 -1.575 -3.314 -3.559 -1.75 -2.766 -2.777 -2.878 -1.101 -2.018 -2.539 -3.247 -2.963
345 V -0.665 -2.776 -3.135 -3.269 0.087 -2.879 -3.233 -3.218 -2.944 3.68 1.111 -2.581 0.887 -0.277 -3.377 -2.624 -0.743 -2.417 -1.384 3.929
346 P -0.592 -2.222 -1.444 -1.58 -1.509 -2.117 -2.017 3.087 -1.662 -2.686 -3.067 -1.345 -2.587 -3.198 5.641 -1.393 -1.625 -3.763 -2.895 -2.476
347 L -1.88 -2.503 -3.284 -3.613 -0.602 -3.092 -3.462 -3.302 -1.828 1.437 3.394 -2.827 1.522 4.151 -3.958 -3.214 -1.919 -0.657 0.836 0.563
348 L -1.679 -1.567 2.893 -1.088 -0.712 -1.852 -2.27 -1.972 -0.871 1.005 3.13 -1.654 1.172 0.004 -3.323 -1.86 -1.252 -2.125 -1.455 0.216
349 L -1.584 -2.559 -3.428 -3.565 -0.249 -2.917 -3.526 -3.513 -2.539 3.198 3.554 -2.642 1.774 0.543 -3.67 -3.23 -1.501 -1.917 -1.229 1.717
350 Y -2.075 -2.203 -2.449 -3.215 -1.719 -2.424 -2.789 -3.011 1.316 -0.496 -0.429 -2.375 -0.455 4.872 -3.758 -2.721 -2.279 1.801 6.021 -0.912
351 F -0.533 -1.639 -1.268 -1.892 -0.523 -1.609 -1.974 -1.668 -0.843 0.228 0.551 -1.527 3.433 3.926 -2.894 1.024 -0.562 -0.751 0.771 -0.21
352 I -1.476 -3.2 -3.361 -3.28 -0.249 -3.308 -3.786 -3.578 -2.81 4.767 1.578 -2.777 1.172 0.119 -3.603 -3.175 -1.173 -2.283 -1.384 2.761
353 L -0.489 -1.719 -1.554 -2.122 -0.173 -1.874 -2.175 -1.943 -1.655 1.085 3.165 -1.649 1.288 0.069 -2.808 0.905 -0.538 -2.019 -1.37 0.406
354 F -2.433 -2.995 -2.959 -3.413 -1.473 -3.963 -3.581 -2.973 -0.927 0.178 0.466 -3.403 0.103 6.663 -4.547 -3.129 -2.469 0.753 2.832 -0.606
355 T -0.78 -1.677 -0.894 -1.697 -0.395 -1.865 -2.023 -1.857 -1.303 -0.146 -0.509 -1.511 -0.365 3.797 -2.449 -0.193 3.477 -0.889 0.635 -0.095
356 L -1.135 -2.382 -3.31 -3.559 -0.076 -2.721 -3.26 -3.332 -2.599 2.29 3.443 -2.546 1.662 0.379 -3.552 -2.935 -1.252 -1.975 -1.229 2.6
357 L -1.923 -1.735 2.913 -1.045 -1.131 -2.107 -2.308 -1.865 -0.514 0.342 1.89 -1.834 0.458 3.946 -3.545 -1.833 -1.458 -0.909 0.69 -0.384
358 L -0.379 -1.476 -1.355 -1.949 -0.179 -1.393 -1.939 -1.768 -1.246 0.914 2.332 -1.365 3.709 -0.079 -2.715 1.014 -0.409 -1.888 -1.287 0.358
359 L -1.584 -2.559 -3.428 -3.565 -0.249 -2.917 -3.526 -3.513 -2.539 3.198 3.554 -2.642 1.774 0.543 -3.67 -3.23 -1.501 -1.917 -1.229 1.717
360 N -0.477 -1.296 3.181 -0.289 -0.622 -1.294 -1.445 -0.979 -0.465 2.044 -0.545 -0.989 -0.414 -1.229 -2.502 1.307 -0.134 -2.648 -1.784 0.542
361 P -0.935 -2.112 -2.032 -1.662 -1.556 -2.032 -1.721 -1.951 -1.706 -2.416 -2.849 -1.163 -2.502 -3.434 6.76 -1.551 -1.447 -4.648 -2.734 -2.26
362 I -1.476 -3.2 -3.361 -3.28 -0.249 -3.308 -3.786 -3.578 -2.81 4.767 1.578 -2.777 1.172 0.119 -3.603 -3.175 -1.173 -2.283 -1.384 2.761
363 L -1.381 -0.096 -2.032 -2.405 -0.74 -1.096 -1.653 -2.631 -1.547 1.062 3.169 1.984 1.283 -0.054 -2.914 -2.285 -1.503 -2.019 -1.379 0.291
364 K -0.925 1.995 -0.367 -0.821 -2.076 0.708 0.214 -1.441 -0.342 -2.222 -2.339 4.728 -1.322 -2.904 -1.786 -0.98 -1.181 -2.648 -1.887 -2.098
365 A 2.056 -1.399 -0.956 -1.532 -0.261 -1.279 -1.411 -0.667 0.414 -1.236 -1.559 -1.029 -1.005 0.891 -2.071 1.477 -0.331 -0.034 3.952 -0.742
366 R -1.112 3.064 3.27 -0.253 -1.229 -0.39 -0.966 -1.187 -0.055 -1.703 -2.053 0.487 -1.329 -2.213 -2.388 -0.246 2.096 -2.539 -1.944 -1.316
367 N -1.645 -0.4 5.612 1.296 -1.832 -0.512 -0.711 -0.14 0.983 -2.698 -3.137 -0.281 -2.147 -2.36 -2.573 -0.104 -0.437 -2.952 -2.054 -2.546
368 L -1.5 -2.65 -3.355 -3.435 -0.193 -2.954 -3.533 -3.473 -2.548 3.595 3.127 -2.619 1.691 0.499 -3.597 -3.16 -1.359 -1.948 -1.211 2.072
369 P -0.673 -1.772 -1.303 -1.468 -0.929 -1.728 -1.637 -1.766 -1.64 -1.539 -2.168 -1.069 -1.735 -2.724 5.664 -0.641 2.002 -3.63 -2.39 -1.228
370 N -0.338 0.511 3.357 0.137 -1.188 -0.121 -0.384 -0.579 0.061 -2.328 -2.644 2.401 -1.589 -2.452 -1.977 1.53 -0.135 -2.78 -1.966 -2.002
371 A 2.069 -0.945 3.254 -0.066 -0.279 -0.882 -0.941 -0.051 -0.188 -1.813 -2.269 -0.563 -1.456 -2.145 -1.899 1.758 0.032 -2.742 -1.955 -1.128
372 K -0.714 1.106 -1.014 -1.43 -1.083 -0.048 -0.516 -1.885 -0.99 0.595 -0.856 3.674 -0.465 -1.864 -2.201 -1.376 -0.955 -2.593 -1.71 1.759
373 S 0.212 -1.396 -0.353 -1.057 -0.433 -1.411 -1.343 -0.869 -0.676 -1.084 -1.116 -1.087 -0.745 3.762 -2.27 2.548 0.158 -1.033 0.621 -1.105
374 L -1.88 -2.503 -3.284 -3.613 -0.602 -3.092 -3.462 -3.302 -1.828 1.437 3.394 -2.827 1.522 4.151 -3.958 -3.214 -1.919 -0.657 0.836 0.563
375 Y -2.164 -2.064 -2.531 -3.307 -2.032 -2.189 -2.65 -2.829 1.271 -1.212 -1.235 -2.247 -0.967 2.681 -3.973 -2.811 -2.376 7.827 5.946 -1.437
376 F -1.795 -2.05 -2.531 -3.142 -1.115 -2.107 -2.785 -2.891 0.378 0.428 0.761 -2.206 3.469 4.503 -3.724 -2.564 -1.876 0.876 4.475 -0.137
377 S 2.445 -1.067 -0.159 -0.752 0.191 -0.898 -0.881 -0.036 -0.788 -1.603 -2.051 -0.56 -1.177 -2.01 -1.574 2.848 0.509 -2.611 -1.854 -0.832
378 L -1.135 -2.382 -3.31 -3.559 -0.076 -2.721 -3.26 -3.332 -2.599 2.29 3.443 -2.546 1.662 0.379 -3.552 -2.935 -1.252 -1.975 -1.229 2.6
379 L -1.135 -2.382 -3.31 -3.559 -0.076 -2.721 -3.26 -3.332 -2.599 2.29 3.443 -2.546 1.662 0.379 -3.552 -2.935 -1.252 -1.975 -1.229 2.6
380 L -0.141 -1.798 -1.475 -2.029 -0.004 -1.86 -2.08 -1.854 -1.797 1.585 2.023 -1.627 0.796 -0.386 -2.696 0.985 -0.244 -2.267 -1.45 2.269
381 F -2.144 -2.738 -3.117 -3.511 -1.005 -3.495 -3.521 -3.133 -1.343 0.875 2.287 -3.101 0.898 5.672 -4.237 -3.171 -2.181 0.133 2.003 0.037
382 F -2.433 -2.995 -2.959 -3.413 -1.473 -3.963 -3.581 -2.973 -0.927 0.178 0.466 -3.403 0.103 6.663 -4.547 -3.129 -2.469 0.753 2.832 -0.606
383 L -1.82 -2.799 -3.252 -3.465 -0.602 -3.294 -3.586 -3.332 -1.931 2.907 2.518 -2.898 1.209 4.094 -3.921 -3.187 -1.726 -0.771 0.799 1.375
384 L -1.584 -2.559 -3.428 -3.565 -0.249 -2.917 -3.526 -3.513 -2.539 3.198 3.554 -2.642 1.774 0.543 -3.67 -3.23 -1.501 -1.917 -1.229 1.717
385 S 0.969 -0.84 0.398 -0.347 -0.026 -0.669 -0.654 -0.205 -0.559 -2.01 -2.427 -0.384 -1.285 -2.042 -1.574 3.581 0.912 -2.648 -1.854 -1.391
386 Q -0.176 0.435 0.019 -0.419 -1.188 4.223 0.778 -1.044 0.316 -2.225 -2.198 0.703 -0.74 -2.678 -2.006 1.443 -0.251 -2.4 -1.532 -1.711
387 F -2.433 -2.995 -2.959 -3.413 -1.473 -3.963 -3.581 -2.973 -0.927 0.178 0.466 -3.403 0.103 6.663 -4.547 -3.129 -2.469 0.753 2.832 -0.606
388 K -0.925 1.995 -0.367 -0.821 -2.076 0.708 0.214 -1.441 -0.342 -2.222 -2.339 4.728 -1.322 -2.904 -1.786 -0.98 -1.181 -2.648 -1.887 -2.098
389 G -0.009 -2.456 -0.539 -1.422 -1.419 -2.294 -2.721 5.9 -1.575 -3.314 -3.559 -1.75 -2.766 -2.777 -2.878 -1.101 -2.018 -2.539 -3.247 -2.963
390 E -1.018 -0.221 -0.437 1.419 -2.51 1.248 4.712 -2.048 0.294 -2.863 -2.802 0.578 -1.852 -2.707 -1.98 -0.89 -1.4 -2.486 -2.007 -2.233
391 A 3.263 -1.88 -2.125 -2.2 0.472 -1.783 -1.838 -0.472 -1.774 0.978 -0.454 -1.375 -0.286 -1.379 -2.037 -0.304 -0.531 -2.521 -1.689 2.266
392 M -1.179 -1.482 -2.459 -2.913 -0.267 -1.15 -2.452 -2.682 -1.067 1.504 2.036 -1.551 6.065 0.369 -3.341 -2.115 -1.145 -1.405 -0.931 0.891
393 I -1.042 -2.98 -3.246 -3.274 -0.076 -3.086 -3.496 -3.392 -2.876 4.274 1.354 -2.677 1.033 -0.072 -3.488 -2.886 -0.95 -2.349 -1.384 3.404
394 T -0.211 -1.191 -0.238 -1.113 0.023 -1.202 -1.477 -1.428 -1.512 -0.323 -1.156 -0.89 -0.631 -1.679 -1.786 0.606 4.522 -2.283 -1.805 0.131
395 L -1.478 -1.992 -3.087 -3.424 -0.255 -2.107 -3.051 -3.19 -1.891 1.778 3.636 -2.193 4.055 0.617 -3.577 -2.824 -1.49 -1.63 -1.078 0.969
396 V -0.332 -2.585 -3.028 -3.263 0.241 -2.686 -2.992 -3.054 -3.014 2.931 0.847 -2.487 0.733 -0.497 -3.27 -2.383 -0.55 -2.486 -1.384 4.373
397 S 0.453 -0.133 0.215 -0.383 -0.549 2.709 0.15 -0.594 -0.088 -2.116 -2.31 0.21 -1.0 -2.342 -1.782 2.706 0.389 -2.521 -1.689 -1.547
398 L -1.135 -2.382 -3.31 -3.559 -0.076 -2.721 -3.26 -3.332 -2.599 2.29 3.443 -2.546 1.662 0.379 -3.552 -2.935 -1.252 -1.975 -1.229 2.6
399 N -1.759 -0.514 5.842 1.183 -1.945 -0.626 -0.824 -0.253 0.87 -2.811 -3.25 -0.394 -2.26 -2.473 -2.686 -0.217 -0.55 -3.065 -2.167 -2.659
400 N -0.542 -0.618 4.883 0.757 -1.155 -0.64 -0.766 -0.237 0.467 -2.519 -2.949 -0.391 -1.897 -2.322 -2.266 1.65 0.024 -2.919 -2.059 -2.172
401 L -0.819 -1.382 -1.516 -2.181 -0.167 -1.167 -2.089 -2.201 -1.208 1.014 1.308 -1.313 5.034 -0.167 -2.725 -0.902 2.066 -1.669 -1.194 0.659
402 L -0.785 -2.729 -3.178 -3.494 6.799 -2.968 -3.443 -2.888 -2.81 1.721 2.134 -2.741 0.814 -0.402 -3.42 -2.406 -1.173 -2.451 -1.715 2.365
403 F -2.433 -2.995 -2.959 -3.413 -1.473 -3.963 -3.581 -2.973 -0.927 0.178 0.466 -3.403 0.103 6.663 -4.547 -3.129 -2.469 0.753 2.832 -0.606
404 L -1.584 -2.559 -3.428 -3.565 -0.249 -2.917 -3.526 -3.513 -2.539 3.198 3.554 -2.642 1.774 0.543 -3.67 -3.23 -1.501 -1.917 -1.229 1.717
405 L -1.82 -2.799 -3.252 -3.465 -0.602 -3.294 -3.586 -3.332 -1.931 2.907 2.518 -2.898 1.209 4.094 -3.921 -3.187 -1.726 -0.771 0.799 1.375
406 C -0.546 -3.437 -3.063 -3.517 9.78 -3.557 -4.023 -2.262 -3.049 -0.83 -1.16 -3.212 -1.177 -2.126 -3.305 -1.769 -1.415 -3.334 -2.895 -0.508
407 S 0.331 -1.246 -0.416 -1.1 -0.099 -1.209 -1.315 -0.945 -1.055 -0.066 1.553 -0.947 0.279 -0.798 -2.126 2.543 0.277 -2.316 -1.602 -0.355
408 L -1.035 -2.109 -1.935 -2.466 -0.156 -2.274 -2.702 -2.648 -2.192 2.847 2.307 -1.95 1.058 -0.107 -2.888 -1.333 2.008 -2.094 -1.436 1.513
409 I -1.476 -3.2 -3.361 -3.28 -0.249 -3.308 -3.786 -3.578 -2.81 4.767 1.578 -2.777 1.172 0.119 -3.603 -3.175 -1.173 -2.283 -1.384 2.761
410 S 0.969 -0.84 0.398 -0.347 -0.026 -0.669 -0.654 -0.205 -0.559 -2.01 -2.427 -0.384 -1.285 -2.042 -1.574 3.581 0.912 -2.648 -1.854 -1.391
411 L -1.88 -2.503 -3.284 -3.613 -0.602 -3.092 -3.462 -3.302 -1.828 1.437 3.394 -2.827 1.522 4.151 -3.958 -3.214 -1.919 -0.657 0.836 0.563
412 L -1.113 -1.241 3.104 -0.57 -0.602 -1.393 -1.71 -1.434 -0.671 0.193 1.626 -1.146 0.261 -0.801 -2.62 -0.544 2.084 -2.316 -1.678 -0.136
413 N -1.498 0.323 3.143 -0.415 -1.956 -0.408 -0.824 -1.36 1.001 -1.865 -2.051 2.242 -1.392 0.738 -2.556 -1.092 -1.23 -0.102 3.938 -1.869
414 G -0.779 3.356 -0.487 -1.28 -1.924 -0.112 -0.814 3.104 -0.564 -2.714 -2.61 2.696 -1.728 -2.748 -2.444 -1.187 -1.564 -2.504 -2.267 -2.417
415 K -0.925 1.995 -0.367 -0.821 -2.076 0.708 0.214 -1.441 -0.342 -2.222 -2.339 4.728 -1.322 -2.904 -1.786 -0.98 -1.181 -2.648 -1.887 -2.098
416 F -2.062 -2.131 -0.785 3.031 -1.903 -2.022 -1.021 -2.28 0.471 -0.933 -0.937 -1.929 -0.923 4.34 -3.323 -2.102 -2.028 0.631 4.394 -1.384
417 A 3.883 -1.469 -1.648 -1.673 0.694 -1.306 -1.284 0.388 -1.197 -0.816 -1.307 -0.834 -0.859 -1.834 -1.461 0.469 -0.408 -2.426 -1.741 0.153
418 Y -1.284 -2.094 -2.468 -3.168 -0.974 -2.126 -2.628 -3.038 1.079 0.987 -0.25 -2.134 -0.184 2.449 -3.377 -2.484 -1.533 1.31 5.765 1.965
419 N -1.774 -0.494 4.88 0.61 -2.099 -0.5 -0.747 -0.682 5.424 -2.794 -3.053 -0.543 -1.928 -1.872 -2.739 -0.627 -1.03 -2.469 -0.341 -2.809
420 E -1.018 -0.221 -0.437 1.419 -2.51 1.248 4.712 -2.048 0.294 -2.863 -2.802 0.578 -1.852 -2.707 -1.98 -0.89 -1.4 -2.486 -2.007 -2.233
421 P -1.207 3.786 -1.148 -1.606 -1.873 -0.498 -1.086 -2.03 -0.673 -2.504 -2.409 0.828 -1.796 -2.914 4.813 -1.472 -1.443 -3.208 -2.214 -2.204
422 N -1.703 -0.458 5.732 1.239 -1.889 -0.569 -0.768 -0.197 0.926 -2.755 -3.194 -0.338 -2.204 -2.417 -2.63 -0.161 -0.494 -3.009 -2.111 -2.603
423 N 2.391 -0.943 3.943 0.12 -0.358 -0.939 -1.04 0.079 0.037 -1.663 -2.136 -0.602 -1.489 -2.142 -2.021 0.14 -0.479 -2.734 -1.951 -0.949
424 G 0.104 -2.343 -0.426 -1.308 -1.306 -2.181 -2.608 5.796 -1.462 -3.201 -3.446 -1.636 -2.652 -2.664 -2.765 -0.988 -1.905 -2.426 -3.134 -2.85
425 L -1.526 -2.172 -3.348 -3.606 -0.136 -2.626 -3.291 -3.368 -2.299 2.019 4.014 -2.464 2.147 0.847 -3.59 -3.144 -1.566 -1.636 -1.042 1.12
426 V -0.219 -2.472 -2.915 -3.15 0.354 -2.573 -2.879 -2.941 -2.9 3.044 0.96 -2.374 0.846 -0.384 -3.157 -2.27 -0.437 -2.373 -1.271 4.086
427 G 0.104 -2.343 -0.426 -1.308 -1.306 -2.181 -2.608 5.796 -1.462 -3.201 -3.446 -1.636 -2.652 -2.664 -2.765 -0.988 -1.905 -2.426 -3.134 -2.85
428 C -0.433 -3.324 -2.95 -3.404 9.664 -3.444 -3.91 -2.149 -2.936 -0.717 -1.047 -3.099 -1.064 -2.013 -3.192 -1.656 -1.302 -3.22 -2.782 -0.395
429 R -1.52 5.483 -0.448 -1.549 -2.245 0.532 -0.546 -2.114 0.113 -2.597 -2.013 2.033 -1.209 -2.458 -2.69 -1.392 -1.439 -2.22 -1.758 -2.147
430 G 0.104 -2.343 -0.426 -1.308 -1.306 -2.181 -2.608 5.796 -1.462 -3.201 -3.446 -1.636 -2.652 -2.664 -2.765 -0.988 -1.905 -2.426 -3.134 -2.85
431 N -1.645 -0.4 5.612 1.296 -1.832 -0.512 -0.711 -0.14 0.983 -2.698 -3.137 -0.281 -2.147 -2.36 -2.573 -0.104 -0.437 -2.952 -2.054 -2.546
432 D -0.946 -2.045 -0.225 4.016 -0.751 -1.647 -0.337 -1.939 -1.53 1.355 -0.536 -1.547 -0.467 -1.435 -2.739 -1.585 -0.935 -2.946 -2.075 2.469
433 I -0.719 -1.968 -1.34 -1.942 -0.054 -2.011 -2.35 -2.251 -2.032 3.116 0.58 -1.626 0.466 -0.586 -2.498 -0.649 2.771 -2.227 -1.531 1.792