#Seq2Logo.py -f /work3/idamei/ssn-clusterings/2206011120/clusters/0025_97/sequences.afa -m 0.0001 -b 50 -o /work3/idamei/ssn-clusterings/2206011120/clusters/0025_97/sequences.logo
Last position-specific scoring matrix computed, values are in halfbits
A R N D C Q E G H I L K M F P S T W Y V
0 M -1.769 -2.072 -3.049 -3.503 -0.857 -1.74 -3.042 -3.272 -1.657 0.914 1.446 -2.141 7.719 -0.221 -3.931 -2.705 -1.735 -1.995 -1.521 0.301
1 L -1.792 -2.713 -3.24 -3.541 -0.754 -2.963 -3.488 -3.338 -1.897 2.523 2.09 -2.816 3.286 4.197 -4.019 -3.075 -1.768 -0.964 0.563 1.573
2 N -1.674 -0.429 5.673 1.267 -1.861 -0.541 -0.74 -0.169 0.954 -2.727 -3.166 -0.31 -2.176 -2.389 -2.602 -0.132 -0.466 -2.981 -2.083 -2.575
3 L -2.207 -2.98 -4.038 -4.247 -0.839 -3.398 -4.042 -4.084 -3.052 2.473 4.603 -3.193 1.344 0.07 -4.28 -3.836 -2.197 -2.404 -1.774 0.719
4 Y -2.012 -2.378 -2.719 -3.346 -1.781 -0.036 -2.722 -3.401 0.453 1.296 -0.866 -2.348 -0.792 2.698 -3.9 -1.925 -2.168 0.6 6.322 1.203
5 L -2.091 -3.132 -3.951 -4.177 3.169 -3.532 -4.083 -3.933 -2.997 2.609 3.987 -3.282 1.025 1.58 -4.276 -3.658 -2.147 -2.267 -1.34 1.147
6 L -1.939 -3.141 -3.494 -3.726 -0.89 -3.418 -3.859 -3.699 -2.865 3.988 3.257 -3.082 0.843 1.518 -4.097 -1.45 -1.836 -2.337 -1.342 1.159
7 F -0.331 -3.238 -3.386 -3.676 4.782 -3.458 -3.737 -3.113 -2.51 2.645 0.795 -3.144 1.772 3.908 -4.025 -2.032 -1.851 -1.766 -0.243 2.066
8 L 0.112 -3.055 -3.365 -3.64 -0.802 -3.215 -3.633 -0.335 -2.376 3.147 2.492 -2.91 0.419 0.195 -3.848 -2.875 -1.82 -2.1 1.057 2.449
9 I -1.313 -2.837 -2.676 -3.057 -0.734 -2.871 -3.258 -3.06 -2.659 4.067 1.773 -2.587 2.018 -0.717 -3.624 0.495 -0.44 -2.79 -1.99 2.089
10 T 0.207 -2.228 -1.639 -2.304 3.239 -2.262 -2.509 -2.137 -2.285 0.913 1.314 -1.96 -0.365 -1.481 -2.889 1.064 3.259 -2.901 -2.265 0.76
11 L -0.464 -2.768 -3.294 -3.664 -0.841 -3.108 -3.54 -3.247 -2.622 1.378 4.036 -2.855 0.936 2.027 -3.894 -1.854 -0.223 -2.106 -1.131 0.246
12 L -0.538 -3.112 -3.74 -3.957 -0.915 -3.497 -3.849 -3.481 -2.668 2.502 3.286 -3.185 0.727 3.4 -4.166 -3.28 -2.079 -1.8 -0.471 1.666
13 F -2.451 -3.332 -3.231 -3.675 -1.666 -3.988 -3.858 -3.365 -1.754 1.356 0.932 -3.521 -0.186 6.524 -4.633 -1.424 -2.449 -0.367 1.587 -0.469
14 L 0.583 -2.846 -3.25 -3.546 -0.757 -3.042 -3.428 -2.932 -2.545 2.211 2.676 -2.781 2.072 2.509 -3.749 -2.485 -0.127 -2.076 -0.908 1.794
15 I -1.028 -3.222 -3.7 -3.863 -0.835 -3.335 -3.865 -3.668 -2.866 3.976 1.718 -3.11 3.11 1.989 -4.123 -3.279 -1.789 -2.309 -1.157 2.828
16 L -2.415 -3.343 -3.886 -4.133 -1.213 -3.855 -4.165 -3.945 -2.554 2.884 3.119 -3.503 0.643 4.579 -4.548 -3.799 -2.373 -1.395 0.154 0.911
17 N -2.242 -1.241 6.587 0.435 -2.543 -1.343 -1.55 0.699 0.126 -3.476 -3.904 -1.1 -2.925 -3.127 -3.333 -0.901 -1.26 -3.663 -2.861 -3.313
18 F -2.661 -3.056 -3.49 -4.045 -1.778 -3.499 -3.797 -3.767 -0.607 -0.047 2.274 -3.315 0.009 5.338 -4.566 -3.614 -2.769 0.171 4.834 -0.767
19 K 0.574 0.169 1.602 -1.981 -1.48 -1.483 -1.886 -2.178 -1.327 0.665 0.989 2.66 -0.637 0.959 -3.198 -1.914 -1.748 -2.41 0.059 0.666
20 I -2.122 -3.543 -3.903 -4.01 -1.047 -3.824 -4.18 -3.963 -2.977 4.531 1.639 -3.426 0.386 2.551 -4.404 -3.716 -1.999 3.671 -0.686 2.355
21 T 0.019 -1.949 -1.03 -1.783 -0.654 -1.92 -2.051 -1.752 -1.896 -0.598 -1.622 -1.616 -1.187 0.676 -2.613 2.424 3.832 -2.722 -1.747 1.11
22 K -1.94 1.154 3.003 3.027 -2.754 0.85 -0.542 0.246 2.253 -3.241 -3.458 3.0 -2.435 -3.279 -2.947 -1.522 -1.864 -3.414 -2.412 -3.134
23 G -0.606 0.631 2.204 -1.647 -1.952 -0.376 -1.955 2.868 -0.9 -1.698 -1.437 1.536 2.47 0.529 -3.344 -1.784 -1.976 -2.159 1.001 -1.338
24 D -2.447 -2.201 0.387 6.503 -3.109 -1.398 1.19 -1.904 -1.2 -3.461 -4.167 -1.438 -3.36 -3.632 -2.995 -1.675 -2.139 -4.176 -3.689 -3.545
25 Y -2.701 -2.911 -3.365 -3.994 -2.131 -3.16 -3.56 -3.622 -0.041 0.464 0.751 -3.096 -0.665 3.705 -4.592 -3.553 -2.822 6.766 5.794 -1.007
26 L -2.306 -2.875 -3.66 -4.013 -1.159 -3.084 -3.806 -3.758 -2.239 1.531 3.205 -3.07 4.739 3.975 -4.416 -3.498 -2.296 -1.484 -0.162 0.167
27 H -0.501 -1.377 3.919 1.933 -2.24 -1.244 -1.15 -1.535 6.325 -3.004 -3.348 -1.336 -2.321 -2.402 -3.122 -0.199 -0.096 -3.002 -0.84 -2.866
28 P -1.579 -2.756 -2.676 -2.306 -2.2 -2.676 -2.365 -2.595 -2.35 -3.06 -3.493 -1.807 -3.146 -4.078 7.261 -2.194 -2.091 -5.292 -3.378 -2.904
29 A 3.121 -2.056 -1.354 -1.84 -0.612 -1.939 -1.932 0.657 -1.691 -1.961 -2.357 -1.53 -1.778 0.46 0.472 2.575 0.489 -2.925 -1.935 -1.329
30 V -1.322 -2.992 -0.143 -3.063 3.105 -3.092 -3.365 -3.203 -2.771 2.336 -0.154 -2.804 0.831 0.941 0.06 -2.543 0.05 -2.866 -1.649 4.086
31 I -1.785 -3.415 -3.931 -4.022 -0.746 -3.619 -4.091 -4.041 -3.403 4.404 2.453 -3.287 0.662 -0.51 -4.173 -3.592 -1.739 -2.837 -1.969 3.307
32 F -2.951 -3.426 -3.528 -4.037 -2.066 -4.166 -4.048 -3.654 -1.056 -0.431 0.482 -3.769 -0.466 6.892 -4.968 -3.7 -3.021 0.239 3.716 -1.17
33 C -0.88 -2.33 1.666 -1.757 6.451 -2.292 -2.403 -1.887 -1.436 0.296 -2.033 -1.946 -1.709 -1.786 1.768 2.089 -0.403 -2.869 0.711 -0.912
34 L 1.813 -2.562 -2.758 -2.403 -1.087 -2.308 0.496 -0.043 -1.969 0.335 1.821 -2.237 -0.295 3.394 -3.471 -2.065 -1.998 -1.942 -0.613 0.628
35 I -0.245 -2.716 -2.866 -3.211 -0.771 -2.646 -3.227 -3.022 -2.548 3.404 1.044 -2.489 4.343 -0.881 -0.871 -1.596 0.998 -2.748 -2.018 2.02
36 F -3.007 -3.651 -3.626 -4.048 -2.023 -4.561 -4.237 -3.652 -1.659 0.705 -0.094 -4.004 -0.461 7.217 -5.122 -3.776 -3.013 -0.011 2.046 -0.876
37 L -0.677 -3.049 -3.816 -4.096 -1.04 -3.515 -3.885 -3.544 -2.585 0.895 3.902 -3.249 0.821 3.854 -4.295 -3.401 -2.312 -1.639 -0.285 0.859
38 L 0.192 -3.068 -3.614 -3.793 3.134 -3.132 -3.674 -3.248 -2.981 3.234 2.157 -2.937 3.05 -0.723 -3.875 -2.863 -1.69 -2.8 -2.028 2.866
39 Q 1.298 -1.166 -1.743 -2.125 2.918 3.958 -0.999 -2.049 -0.317 -1.837 -1.929 -0.941 -1.275 2.0 -3.103 -0.991 -0.144 -1.151 3.461 -1.558
40 S 1.683 -2.01 -1.34 -1.454 -0.92 -1.603 0.781 1.642 -1.698 0.165 -0.645 -1.485 -1.304 -2.225 -2.731 2.134 0.354 -3.115 -2.553 0.164
41 L -0.004 -3.053 -3.243 -3.543 -0.976 -3.272 -3.546 -3.057 -2.413 2.789 1.832 -2.968 1.898 3.867 -3.975 -1.158 -1.817 -1.752 -0.282 1.822
42 L -1.79 -2.668 -3.138 -3.579 -1.003 -2.727 -3.408 -3.35 -2.167 1.176 2.416 -2.741 5.088 3.292 -4.075 -1.226 -1.412 -1.748 -0.518 1.539
43 C 0.047 -3.379 -0.082 -3.074 9.671 -3.427 -3.726 -2.311 -2.859 -1.648 -1.996 -3.093 -1.873 -2.772 -3.602 -0.419 -1.687 -3.848 -3.323 -1.268
44 L 0.48 -3.106 -3.573 -3.76 3.13 -3.294 -3.702 -3.158 -3.078 3.22 2.885 -2.973 0.522 -0.669 -3.816 -2.755 -0.849 -2.823 -2.076 2.199
45 L -2.328 -3.238 -3.929 -4.186 -1.117 -3.726 -4.118 -3.976 -2.685 2.444 3.614 -3.431 0.805 3.972 -4.489 -3.794 -2.327 -1.624 -0.218 1.176
46 A 2.556 -2.36 1.531 -1.796 3.038 -2.154 -0.539 1.979 -1.35 -1.043 -1.91 -1.926 -1.639 0.804 -3.09 -1.323 -1.666 -2.291 0.967 0.841
47 A 1.242 0.418 -1.472 0.382 -1.218 0.475 0.594 0.096 -1.615 -0.836 0.289 0.255 -1.019 -2.174 -2.883 -0.843 1.728 -3.048 -2.467 0.409
48 N -0.041 0.81 2.743 0.977 -1.777 0.831 1.372 -1.555 -0.743 -2.646 -2.986 1.427 -2.07 -3.037 -2.673 1.249 1.169 -3.293 -2.608 -2.195
49 Y 0.112 -1.4 -2.039 -2.276 -1.867 -1.498 0.132 -2.665 2.534 0.038 -1.438 0.924 1.189 0.881 -3.309 -2.066 -0.347 -0.116 5.534 -1.155
50 Y -2.337 -2.685 -3.109 -3.773 -1.624 -2.862 -3.415 -3.641 -0.159 -0.072 2.323 -2.824 1.785 3.27 -4.128 -3.065 -0.514 0.202 5.613 -0.656
51 A 1.869 -0.327 1.853 1.768 -1.743 -0.427 0.539 1.498 2.057 -2.781 -3.069 0.43 -2.302 -2.616 -2.927 -0.656 -1.749 3.483 -1.933 -2.292
52 L -2.006 -3.392 -3.998 -4.078 -0.827 -3.646 -4.174 -4.115 -3.322 4.458 3.083 -3.307 0.837 -0.343 -4.24 -3.737 -1.906 -2.738 -1.94 2.41
53 E -1.174 0.473 -1.01 0.942 -1.647 0.883 3.029 -2.292 -1.13 -0.318 -2.121 -0.658 -1.561 -2.618 -2.759 0.644 2.11 -3.131 -2.504 0.312
54 F -2.704 -3.342 -3.709 -4.087 -1.597 -3.96 -4.108 -3.752 -1.984 1.135 2.23 -3.633 1.908 6.163 -4.809 -3.732 -2.708 -0.602 1.237 -0.346
55 H -2.415 -1.23 3.66 -0.953 -2.743 -1.129 -1.431 -1.987 7.829 -0.771 -2.902 -1.453 -1.968 -1.858 -3.487 -1.893 -2.28 -2.594 0.116 -2.666
56 N -1.599 -0.354 5.509 1.342 -1.785 -0.466 -0.664 -0.094 1.029 -2.651 -3.091 -0.235 -2.1 -2.313 -2.527 -0.057 -0.39 -2.905 -2.008 -2.499
57 L -0.114 -2.533 -2.43 -2.556 -1.165 -1.253 -1.325 1.124 -2.335 0.939 1.754 -2.136 0.758 -1.526 2.718 -0.779 -0.806 -3.159 -2.443 1.213
58 E -0.23 -1.171 0.586 -0.14 -2.31 -0.322 4.081 1.223 -0.892 -2.349 -1.225 0.501 -1.984 -2.885 0.336 -1.587 -1.969 -3.227 -2.731 -1.521
59 T -0.87 -1.977 -1.114 -1.953 -0.593 -1.994 -2.272 -2.231 -2.306 -0.297 -1.459 -1.691 -1.064 -2.146 -2.578 -0.28 5.393 -2.952 -2.393 1.303
60 V -1.588 -3.244 -3.71 -3.988 -0.815 -3.483 -3.821 -3.813 -2.54 2.658 1.684 -3.245 0.266 2.525 -4.168 -3.344 -1.713 -1.826 1.364 4.058
61 L -2.185 -3.349 -3.46 -3.816 -1.299 -3.68 -4.065 0.222 -2.176 3.463 2.442 -3.309 0.33 3.631 -4.36 -3.519 -2.339 -1.429 1.583 0.624
62 I -1.567 -3.528 -3.858 -3.929 -0.668 -3.646 -4.044 -3.978 -3.527 4.693 0.924 -3.284 0.378 -0.755 -4.1 -3.448 -1.541 -2.995 -2.02 4.055
63 L -2.082 -3.331 -3.982 -4.114 -0.895 -3.651 -4.149 -4.076 -3.141 3.963 3.309 -3.333 0.848 1.462 -4.301 -3.75 -2.014 -2.406 -1.4 2.139
64 L -0.073 -2.625 -2.424 -2.976 -0.895 -2.836 -3.068 -2.694 -2.309 1.156 2.339 -2.519 0.074 3.176 -3.499 -0.262 2.026 -1.971 -0.684 0.776
65 I 0.141 -2.715 -2.318 -2.763 -0.679 -2.72 -2.93 -1.07 -2.575 3.213 1.124 -2.395 -0.084 -1.176 -3.372 1.449 -1.031 -3.013 -2.18 2.743
66 G 1.827 -2.101 -1.023 -1.709 -0.799 -1.968 -2.075 2.97 -1.804 -1.73 -2.549 -1.6 -1.883 -2.654 -2.612 2.675 1.341 -3.186 -2.747 -0.201
67 L -1.461 -2.095 -2.65 -3.133 4.362 1.302 -2.443 -3.063 -0.899 -0.158 1.993 -2.066 3.674 1.709 -3.802 -1.044 -1.971 -1.085 3.434 -0.644
68 L 0.124 -2.895 -2.943 -3.335 -0.915 -3.138 -3.385 -2.917 -2.471 2.483 2.475 -2.794 0.267 3.222 -3.754 -0.921 0.432 -1.97 -0.653 1.114
69 I -1.493 -3.141 -3.159 -3.443 -0.733 -3.186 -3.62 -3.504 -3.042 4.425 1.098 -2.889 1.958 -0.795 -3.836 -1.162 0.054 -2.897 -2.034 3.112
70 F -3.054 -3.619 -3.614 -4.064 -2.079 -4.569 -4.22 -3.629 -1.6 -0.407 0.157 -4.023 -0.473 7.324 -5.166 -3.776 -3.091 0.067 2.134 -1.196
71 T 0.331 -1.938 -0.951 -1.747 -0.738 -1.918 -2.094 0.239 -1.905 -1.346 -1.98 -1.585 -1.452 0.544 -2.545 1.635 4.565 -2.695 -1.874 -0.928
72 L -0.332 -3.011 -2.918 -3.315 -0.959 -3.21 -3.509 -0.346 -2.604 3.124 2.287 -2.844 0.231 2.475 -3.814 -1.022 -0.145 -2.219 -1.056 1.272
73 F -2.075 -3.466 -3.695 -3.947 -1.173 -3.815 -4.038 -3.779 -2.477 3.338 0.386 -3.475 1.813 4.995 -4.472 -3.51 -2.07 -1.311 0.419 2.76
74 S -0.761 -1.433 3.896 -0.596 -1.253 -1.395 -1.534 -1.211 2.153 -2.357 -2.916 -1.179 -2.01 -2.632 -2.653 2.737 2.608 -3.233 -2.186 -1.938
75 F -1.216 -3.228 -3.642 -4.016 -1.451 -3.728 -3.876 -3.481 -1.798 0.841 2.072 -3.423 0.046 5.298 -4.552 -3.426 -2.482 3.836 2.26 1.153
76 L -2.58 -3.203 -3.676 -4.085 1.02 -3.549 -3.898 -3.714 -1.253 2.402 1.669 -3.343 -0.132 3.614 -4.667 -3.699 -2.602 6.591 3.785 -0.064
77 N -0.755 -2.006 3.211 -1.31 2.953 -2.059 -2.219 -1.768 -0.645 -0.103 -1.834 -1.796 -1.525 2.332 -3.199 1.524 1.163 -1.582 2.557 -1.298
78 R -0.238 2.73 0.117 -1.663 -1.938 1.361 0.073 0.0 2.991 -1.682 -0.866 0.681 -1.407 -1.488 -3.153 -0.055 -1.728 -2.169 1.562 -0.449
79 S 0.13 1.24 -1.411 -2.029 -1.285 -1.36 -1.74 -1.956 -1.187 0.641 -1.339 1.889 1.25 0.915 -2.924 2.032 -0.721 -2.163 1.072 0.178
80 K -1.758 1.978 -1.753 -2.274 -1.824 0.613 -1.511 -2.728 -1.359 1.873 0.197 3.184 -0.709 0.813 -3.178 -1.337 -0.164 -2.448 -0.251 -0.303
81 R -0.364 2.356 0.396 -1.023 -1.598 0.37 -1.848 -2.456 -0.953 0.865 0.165 0.389 -0.836 1.125 -3.351 -0.617 -0.094 -1.838 1.987 0.265
82 K -1.659 3.335 0.758 -0.396 -2.273 1.92 -0.83 -2.244 2.158 -1.879 -2.135 3.006 1.077 -2.728 -3.006 -0.514 -1.688 -3.032 -2.029 -0.587
83 D -0.583 -1.367 0.894 4.95 -1.401 -0.857 0.518 -0.833 -0.6 -2.517 -3.139 -0.726 -2.191 -2.646 -2.081 1.368 -0.453 -3.255 -2.637 -2.33
84 K -1.697 2.999 3.255 -1.112 -2.163 -0.795 -1.3 -1.953 -0.822 -1.518 -2.563 2.914 -1.903 -2.966 0.293 -0.725 0.005 -3.365 -2.586 -0.333
85 K -1.593 1.098 2.704 1.005 -2.248 -0.477 1.9 -1.923 -0.76 -0.89 -2.723 2.93 -2.006 -2.992 -2.771 -0.2 0.555 -3.309 -2.63 -2.019
86 T -1.277 0.756 2.097 -0.945 -1.374 1.899 0.524 -1.993 -0.891 1.228 -1.367 -0.638 0.464 -2.128 -2.838 0.077 2.376 -2.904 -2.215 -0.547
87 L -0.673 0.582 2.105 -1.819 -1.15 -2.017 -2.406 -2.218 -0.868 1.621 1.239 -1.487 -0.167 1.826 -3.428 -0.434 -1.371 -1.551 1.756 0.931
88 N 0.064 -1.959 2.836 -1.183 -1.225 -1.811 -0.308 1.497 -1.39 -0.741 0.644 -1.644 -1.029 -1.973 -3.089 0.617 1.21 -3.101 -2.526 0.55
89 H 0.382 -1.385 -1.223 -1.386 -1.193 -0.982 0.643 -1.926 5.031 -0.342 -0.473 -1.3 2.053 3.005 -2.982 -1.62 -1.706 -1.241 0.744 0.014
90 S 1.839 0.132 -0.127 -0.687 -0.149 -0.323 -0.483 -0.246 -0.587 -1.663 -2.038 1.756 -1.13 -2.126 -1.543 2.076 0.252 -2.538 -1.78 -1.017
91 K -1.283 0.203 1.11 2.153 -2.179 -0.105 1.428 0.461 0.214 -2.335 -2.534 2.454 -1.764 -0.634 -2.386 -1.203 -1.507 -1.229 2.352 -2.231
92 N -1.645 -0.4 5.612 1.296 -1.832 -0.512 -0.711 -0.14 0.983 -2.698 -3.137 -0.281 -2.147 -2.36 -2.573 -0.104 -0.437 -2.952 -2.054 -2.546
93 L -1.711 -0.445 -3.23 -3.489 -0.511 -2.621 -3.355 -3.529 -2.381 3.4 3.243 -2.131 2.215 0.193 -3.743 -3.165 -1.603 -2.114 -1.43 1.529
94 K 0.603 0.223 -0.616 1.608 -1.392 0.654 -0.279 -1.306 -0.853 -2.05 -2.419 2.628 -1.637 -2.879 2.871 -0.823 -0.079 -3.141 -2.264 -1.692
95 T -0.129 -1.109 -0.155 -1.031 0.105 -1.119 -1.394 -1.345 -1.429 -0.24 -1.073 -0.807 -0.548 -1.597 -1.703 0.689 4.293 -2.201 -1.723 0.213
96 D -0.169 -0.514 1.975 2.18 -1.335 -0.518 1.278 -1.507 -0.6 0.432 -0.298 1.236 -0.77 -1.763 -2.508 -1.143 -1.171 -2.782 -2.06 0.246
97 N -0.166 -1.376 2.537 -1.036 3.718 0.98 0.929 -1.936 -1.085 0.988 -1.405 0.16 -1.322 0.563 -3.104 0.482 -0.533 -2.899 -1.857 -0.341
98 K -1.295 0.789 0.902 0.497 2.913 0.135 0.092 -2.184 -1.36 -0.952 -0.357 2.155 -1.245 -2.407 -1.21 0.429 0.091 -3.267 -2.522 0.724
99 R -1.7 1.997 2.173 -1.627 -1.878 -0.604 -1.856 -2.205 2.098 -0.085 -0.557 0.347 -1.259 2.298 0.188 0.352 -0.036 -2.206 0.214 -1.478
100 K -0.129 0.97 1.816 -0.031 -1.853 -0.594 1.821 -1.892 -0.931 -0.959 -2.069 2.575 1.029 -2.649 -1.834 0.516 -1.37 -3.204 -2.495 -0.33
101 L -1.807 -0.044 1.384 -2.474 -1.285 -2.547 -2.896 -2.875 -1.978 0.724 2.797 -2.026 0.085 1.089 1.656 -1.025 -1.764 -2.695 -1.636 1.242
102 K -1.07 1.269 2.686 -1.067 -2.07 0.854 -0.975 -1.727 -0.421 -2.647 -2.861 3.4 -1.947 -1.819 -2.753 0.927 0.029 -2.301 1.645 -2.388
103 Y 0.512 -2.0 -2.503 -2.313 -1.729 -1.928 0.433 -1.959 -0.377 -0.866 -1.545 -0.237 -1.382 2.772 1.714 -2.231 -2.119 -0.526 4.721 0.774
104 I -2.205 -3.611 -3.999 -4.02 -0.956 -3.857 -4.331 -4.159 -3.208 5.14 2.331 -3.412 0.682 1.416 -4.319 -3.833 -1.986 -2.5 -1.443 1.683
105 E -0.316 0.676 1.15 -1.182 -1.981 -0.883 1.683 -2.269 1.293 -1.172 -1.894 1.474 1.062 -0.641 -0.945 -0.524 -1.733 -1.489 3.32 -0.319
106 L -1.827 -3.259 -3.57 -3.837 -0.866 -3.533 -3.903 -3.802 -3.0 3.603 2.329 -3.205 0.482 2.446 -4.128 -3.191 -0.169 -2.245 -1.004 2.913
107 P -1.206 -1.737 4.164 0.962 -1.871 -1.676 -1.51 -1.374 -0.855 -3.104 -3.551 -1.287 -2.709 -3.286 4.091 1.856 -0.993 -4.02 -2.94 -2.813
108 K -1.727 -0.011 2.258 1.758 -2.349 0.793 -0.776 -1.934 -0.614 -2.388 -2.492 3.578 -0.132 0.655 -2.888 -0.371 -0.752 -2.346 0.996 -2.401
109 F -1.883 -1.999 1.501 -2.245 -1.738 -2.386 -2.698 -0.136 -1.229 1.217 0.139 -0.144 1.386 3.05 -3.851 -0.347 -1.09 5.444 1.664 -0.811
110 I -1.991 -3.272 -3.718 -3.967 -1.037 -3.423 -3.93 -4.002 -1.72 4.188 1.942 -3.168 0.378 0.403 -4.174 -3.558 -1.95 -1.347 3.352 2.524
111 T -1.03 -1.339 -1.538 -2.154 -1.005 0.285 -1.904 -2.411 -1.606 1.616 -1.077 0.986 -0.823 -1.345 -2.935 0.594 2.906 -2.421 0.871 1.927
112 L -0.614 -2.448 -3.408 -3.715 -1.198 -2.918 -3.383 -3.329 -1.998 2.197 2.707 -0.684 1.987 2.614 -4.082 -3.128 -2.171 3.68 1.495 0.99
113 L 0.978 -2.966 -3.019 -3.37 -0.826 -3.135 -3.431 0.378 -2.671 2.302 2.238 -2.775 0.122 1.912 -3.671 -2.323 -0.171 -2.372 -1.314 1.944
114 F -0.579 -3.168 -3.307 -3.65 -1.207 -3.578 -3.699 -3.191 -2.24 2.181 2.151 -3.195 0.172 5.044 -4.209 -1.285 -2.089 -1.245 0.434 0.915
115 I -2.069 -3.421 -0.338 -3.365 -0.94 -3.579 -4.028 -3.813 -2.987 5.217 1.72 -3.157 0.503 -0.581 -4.171 -3.471 -1.788 -2.909 -2.041 2.2
116 I -0.325 -3.332 -3.422 -3.647 -0.841 -3.472 -3.87 0.317 -3.102 4.084 1.896 -3.081 0.309 0.184 -3.968 -3.047 -1.814 -2.765 -1.903 2.697
117 L -0.517 -3.003 -3.367 -3.656 -0.983 -3.251 -3.654 -3.276 -2.531 2.99 3.048 -2.977 2.127 3.005 -4.04 -1.285 -1.936 -1.969 -0.739 0.596
118 Q -0.22 -0.943 -1.378 -1.136 -2.015 4.058 1.986 -0.006 -0.721 -1.937 -0.725 -0.604 -1.17 2.54 -3.098 -0.092 -1.752 -2.211 -0.947 -1.924
119 I -1.866 -3.442 -3.941 -4.026 -0.793 -3.663 -4.13 -4.056 -3.339 4.492 2.462 -3.313 0.664 0.272 -4.208 -3.635 -1.796 -2.721 -1.78 3.048
120 L -1.789 -3.323 -3.877 -4.087 3.095 -3.625 -4.045 -3.874 -3.15 3.089 2.765 -3.34 0.563 1.944 -4.232 -3.481 -1.883 -2.391 -1.242 3.07
121 V 0.027 -2.507 0.206 -2.492 3.137 -2.572 -2.843 -2.481 -2.458 1.461 0.871 -2.289 -0.355 -1.481 -3.254 -0.365 2.412 -3.052 -2.277 2.888
122 I -1.936 -3.146 -3.637 -3.683 -0.909 -0.409 -3.546 -3.969 -3.035 5.052 1.702 -2.892 0.524 -0.631 -4.111 -3.509 -1.782 -2.879 -1.998 2.572
123 F -2.435 -3.085 -3.498 -4.0 -1.597 -3.407 -3.777 -3.82 -0.666 1.793 1.891 -3.226 -0.007 4.473 -4.418 -3.556 -2.509 -0.035 4.888 0.724
124 F -1.161 -3.005 -3.077 -3.567 -1.483 -3.399 -3.542 -3.178 -1.303 0.905 2.01 -3.096 -0.044 5.327 -4.234 -0.794 -2.23 -0.498 3.178 -0.504
125 F -2.369 -0.932 0.272 -2.343 -2.272 0.252 -1.949 -2.751 2.055 -1.188 -0.946 2.246 1.314 5.481 -3.806 -2.55 -2.405 -1.033 0.862 -1.716
126 Y -0.668 -2.914 -3.202 -3.717 -1.588 -2.934 -3.426 -3.47 0.131 3.267 -0.44 -2.803 -0.555 1.568 -3.969 -3.068 -2.269 0.337 6.197 0.66
127 K -1.804 4.116 0.701 -1.53 -2.59 1.126 -0.252 -2.34 -0.789 -2.25 -2.612 4.014 -1.787 -3.19 -2.915 -1.798 -1.855 -3.165 -2.477 -0.748
128 Y -2.59 -0.022 -2.564 -3.505 -2.506 -2.361 -2.909 -3.517 2.898 -1.552 -1.552 -2.191 -1.36 3.636 -4.107 -3.108 -2.829 1.115 7.052 -1.812
129 L -2.106 -2.925 -3.744 -3.488 -0.958 -2.981 -1.112 -4.003 -2.893 2.982 4.046 -2.915 1.009 -0.233 -4.155 -3.606 -2.109 -2.584 -1.907 1.421
130 G -1.434 1.272 1.825 -1.366 2.862 2.743 -0.799 1.283 -0.955 -2.128 -2.235 1.414 1.038 -2.843 -3.012 -1.271 1.694 -3.088 -2.55 -1.91
131 D -0.172 1.669 1.181 4.303 -2.317 3.108 -0.094 -1.733 -0.745 -3.067 -3.287 -0.403 -2.22 -3.388 -2.912 0.083 -1.606 -3.51 -2.824 -2.73
132 L -2.089 -3.212 -3.909 -4.158 -0.981 -3.635 -4.042 -3.952 -2.848 2.411 3.472 -3.366 0.775 3.334 -4.384 -3.683 -2.131 -1.878 -0.562 2.284
133 S 2.301 -1.956 -1.119 -1.707 -0.626 -1.863 -1.839 -1.062 -1.533 -1.409 -1.995 -1.523 -1.478 1.979 -2.548 3.527 -0.408 -2.547 -1.289 -0.056
134 A 1.453 -2.298 1.702 0.377 -1.034 -2.24 -2.147 0.287 -1.644 2.164 -0.792 -1.892 -1.072 0.713 -3.046 1.197 0.215 -2.855 -1.87 -0.271
135 A 4.654 -2.39 -2.604 -2.655 -0.124 -2.262 -2.28 -0.765 -2.206 -0.352 -1.481 -1.824 -1.21 -2.258 -2.469 -0.64 -1.17 -3.173 -2.404 1.877
136 Y -1.668 -2.534 -2.374 -3.141 -1.724 -2.561 -2.948 -0.34 0.903 -0.582 -0.265 -2.486 -1.0 2.515 -3.773 -0.025 -1.975 0.397 6.169 0.835
137 G -1.121 -2.31 2.052 2.625 -1.967 -1.004 -1.667 4.344 -1.451 -2.229 -2.255 -1.813 -2.406 -1.854 -3.283 -0.359 -1.86 -3.277 -3.048 -0.794
138 A 3.786 -1.431 -1.609 -1.634 0.733 -1.267 -1.245 0.427 -1.158 -0.777 -1.268 -0.796 -0.82 -1.795 -1.422 0.508 -0.369 -2.387 -1.702 0.192
139 N -1.607 -0.362 5.527 1.335 -1.793 -0.474 -0.672 -0.101 1.022 -2.659 -3.098 -0.243 -2.108 -2.321 -2.534 -0.065 -0.398 -2.913 -2.016 -2.507
140 Y -1.759 -1.724 -2.072 -2.969 -1.699 -1.73 -2.31 -2.879 2.158 -0.75 -0.857 -1.82 -0.629 3.401 -3.28 -2.384 -2.036 2.362 6.539 -0.926
141 A 3.786 -1.431 -1.609 -1.634 0.733 -1.267 -1.245 0.427 -1.158 -0.777 -1.268 -0.796 -0.82 -1.795 -1.422 0.508 -0.369 -2.387 -1.702 0.192
142 G 0.025 -1.775 -1.406 -2.093 -1.868 2.395 -1.801 4.325 2.162 -2.104 -0.806 -1.477 1.162 -1.677 -3.374 -1.828 -2.265 -2.249 0.976 -2.146
143 G 0.162 1.082 0.694 -1.786 -1.52 -1.549 -1.938 2.32 -0.965 -0.038 -2.14 1.237 -1.676 -1.342 -3.023 1.194 -1.348 -2.112 1.886 -0.114
144 S 1.082 -0.727 0.511 -0.234 0.087 -0.555 -0.541 -0.092 -0.446 -1.897 -2.314 -0.271 -1.172 -1.929 -1.461 3.212 1.025 -2.535 -1.741 -1.278
145 G 0.104 -2.343 -0.426 -1.308 -1.306 -2.181 -2.608 5.796 -1.462 -3.201 -3.446 -1.636 -2.652 -2.664 -2.765 -0.988 -1.905 -2.426 -3.134 -2.85
146 E -0.905 -0.107 -0.324 1.532 -2.397 1.361 4.46 -1.935 0.407 -2.75 -2.688 0.691 -1.739 -2.593 -1.867 -0.777 -1.286 -2.373 -1.893 -2.12
147 S 1.082 -0.727 0.511 -0.234 0.087 -0.555 -0.541 -0.092 -0.446 -1.897 -2.314 -0.271 -1.172 -1.929 -1.461 3.212 1.025 -2.535 -1.741 -1.278
148 G 1.228 1.338 -1.206 0.237 -1.26 -1.858 -2.002 2.866 -1.414 -1.61 -2.426 -1.224 -1.889 -1.9 -2.953 1.061 0.62 -2.527 0.712 0.113
149 G 1.506 2.191 -1.567 -2.283 -1.38 -1.894 -2.375 3.374 -1.411 -0.276 -0.835 -1.077 -1.591 -1.707 -3.136 0.465 -1.679 -2.434 0.721 -1.439
150 S -0.218 -1.907 0.061 -1.346 -1.083 -1.776 -1.825 2.324 -1.558 -2.629 -3.114 -1.398 -2.213 -2.916 1.874 3.426 1.455 -3.415 -2.818 -2.133
151 L -2.35 -3.111 -4.025 -4.265 -1.02 -3.579 -4.115 -4.068 -2.866 2.309 4.315 -3.337 1.107 2.641 -4.427 -3.874 -2.341 -1.986 -0.905 0.507
152 S -0.005 -1.621 -0.896 -1.579 -1.096 -1.749 -1.818 1.087 -1.51 -2.119 -2.413 0.039 -1.79 1.922 0.4 3.234 1.402 -2.598 -1.414 -1.839
153 E -0.406 -0.839 -0.639 3.474 -2.733 2.118 4.106 -2.173 -0.623 -3.223 -3.376 0.724 -2.384 -3.424 -2.713 -1.477 -1.951 -3.362 -2.784 -2.769
154 K -1.843 0.995 -2.176 -2.636 2.896 -1.202 -1.885 -2.852 -1.652 1.379 0.387 3.278 4.205 -1.372 -3.387 -2.428 -1.959 3.528 -1.761 -0.518
155 I -0.559 -3.647 -3.88 -3.828 -0.833 -3.753 -4.182 -3.751 -3.308 5.547 1.334 -3.254 0.497 -0.575 -4.075 -3.42 -1.801 -2.906 -2.04 1.919
156 S 1.277 -1.264 2.012 -0.817 -1.05 -1.19 0.065 0.632 -1.037 -2.702 -3.085 0.299 -2.103 -2.853 -2.444 3.553 -0.394 -3.309 -2.618 -2.093
157 L -2.351 -2.169 1.288 -2.84 -1.378 -2.722 -3.174 -3.245 -1.627 0.457 3.762 -0.588 0.599 2.62 -4.108 -3.074 -2.233 -1.649 1.362 -0.342
158 Y -2.708 -2.825 -3.078 -3.853 -2.371 -3.031 -3.411 -3.657 0.72 -1.163 -1.106 -2.992 -1.119 5.045 -4.38 -3.352 -2.917 1.184 6.887 -1.566
159 D -2.504 -2.108 2.038 6.236 -3.059 -1.531 0.101 -1.792 2.069 -3.463 -4.136 -1.514 -3.274 -3.427 -3.086 -1.64 -2.093 -4.035 -3.04 -3.587
160 V -0.045 -0.224 2.244 -0.269 -1.352 1.556 -1.414 0.163 0.825 -0.758 -1.951 0.249 -1.405 -2.487 -2.97 -0.119 1.816 -3.163 -2.283 1.477
161 L -2.147 -2.904 -3.733 -3.988 -0.961 -3.004 -3.839 -3.867 -2.586 3.148 3.282 -2.978 4.778 1.519 -4.26 -3.506 -2.074 -2.172 -1.297 0.819
162 T -0.297 -2.328 -1.706 -2.409 -0.676 -2.392 -2.647 -2.455 -2.411 1.436 0.087 -2.072 -0.567 0.831 -2.967 -0.407 4.21 -2.623 -1.685 1.8
163 K -1.609 1.208 -1.132 -1.581 -2.565 -0.064 -0.561 -2.178 -1.079 -2.342 -1.108 5.63 -1.595 -3.125 -2.518 -1.724 -1.853 -3.227 -2.48 -2.412
164 F -3.077 -3.639 -3.603 -4.057 -2.117 -4.607 -4.225 -3.617 -1.571 -0.466 -0.178 -4.047 -0.541 7.391 -5.191 -3.773 -3.113 0.109 2.188 -1.25
165 W -2.667 0.335 3.71 1.188 -2.789 -1.838 -1.841 -2.078 1.16 -2.704 -2.724 -0.034 -2.2 1.19 -4.01 -2.139 -2.214 7.919 1.716 -2.882
166 T -0.334 -1.887 -1.345 -1.912 -1.169 0.211 -1.877 -2.014 -1.14 -0.094 -2.028 -1.481 -1.536 -1.19 2.802 1.583 2.921 -2.094 2.295 -1.077
167 D -1.783 1.609 0.948 3.64 -2.331 0.702 1.497 -2.201 -1.051 -0.311 -2.538 0.539 -1.993 -2.954 0.278 -0.504 -1.721 -3.543 -2.822 -0.45
168 I -0.45 1.343 0.452 0.119 -1.52 -1.906 -2.148 -2.601 3.533 2.272 -1.076 -1.441 -0.951 -0.691 -3.433 -1.949 0.877 -1.851 2.473 1.024
169 Y -2.555 -2.949 -3.055 -3.766 -2.225 -3.225 -3.546 -0.398 0.095 -1.004 -0.021 -3.095 -0.929 4.985 -4.478 -3.325 -2.901 4.304 5.921 -1.506
170 R -0.193 3.435 1.871 -1.609 -1.773 0.777 -1.376 -2.083 1.03 0.246 -1.859 1.686 -1.374 -2.494 -3.118 -0.201 -1.477 -3.118 -2.198 0.888
171 E 0.93 -1.175 -0.737 2.369 -1.645 0.876 2.394 0.354 -1.105 -2.561 -2.96 0.485 -2.116 -3.062 -2.588 0.829 1.171 -3.276 -2.737 -2.034
172 L -2.177 -2.322 -3.672 -3.956 -0.977 -2.871 -3.55 -3.874 -2.77 1.801 4.441 -0.603 2.538 -0.106 -4.132 -3.58 -2.204 -2.444 -1.832 0.399
173 G 1.691 -2.081 3.332 1.271 -1.711 -1.807 -0.21 3.901 -1.14 -3.078 -3.475 -1.57 -2.743 -3.157 -3.041 -1.12 -1.795 -3.389 -3.159 -2.541
174 V -1.396 -3.344 -3.812 -3.965 -0.589 -3.495 -3.885 -3.885 -3.519 3.717 1.563 -3.219 0.407 -0.783 -4.054 -3.327 -1.478 -2.972 -1.998 4.489
175 P -1.136 1.389 0.572 -1.809 -1.588 -1.808 -1.996 -2.054 1.954 -0.751 -2.057 -1.165 -1.675 1.946 3.216 1.784 -0.429 -2.728 -1.138 -0.33
176 V -0.187 -0.013 -2.657 -2.879 -1.085 -0.007 -2.512 -2.821 -2.267 2.223 0.982 -1.764 1.632 -1.484 2.71 -0.904 -1.565 -3.185 -2.261 2.239
177 P 0.043 -2.379 -0.605 -1.883 -1.684 -2.278 -2.083 -1.943 -1.957 -2.874 -3.31 -1.605 -2.756 -3.623 6.349 1.079 -1.396 -4.585 -3.114 -2.531
178 F -0.291 1.536 -2.01 -2.623 -1.539 -1.819 -2.313 -0.103 -1.525 -0.784 0.786 1.056 2.683 3.738 -3.497 0.171 -1.796 -1.77 -0.393 -1.18
179 I -2.229 -3.158 -3.534 -3.84 -1.399 -3.366 -3.748 -3.825 -1.121 3.262 1.726 -3.086 0.059 2.916 -0.043 -3.477 -2.253 -0.694 4.199 1.216
180 Y -2.153 -2.46 -2.592 -3.463 -1.908 -2.477 -2.982 -3.48 2.75 -0.506 -0.233 -2.543 -0.944 1.865 -3.898 -2.807 -0.477 0.767 6.762 0.881
181 R -1.281 4.403 1.912 -1.411 -1.972 -0.766 -1.388 -1.898 -0.558 -2.802 -2.814 1.117 -1.971 -2.088 -2.973 1.7 0.209 -2.499 0.793 -2.408
182 I -0.518 -2.744 1.353 -2.612 -1.19 -2.801 -3.162 -2.953 1.944 3.921 0.62 -2.593 -0.165 -0.223 -3.844 -2.679 -1.793 -1.844 2.438 1.995
183 L -1.698 -3.037 -2.543 -3.2 -1.443 -3.324 -3.696 3.204 -2.354 -0.181 2.725 -2.948 -0.073 3.511 -4.054 -2.668 -0.512 -1.827 -0.67 -0.852
184 N -1.692 -0.845 4.978 1.317 -2.237 -0.889 1.128 -1.395 -0.363 -0.71 -2.981 1.264 -2.261 -2.913 -2.98 0.665 -1.205 -3.5 -2.71 -2.219
185 P -0.188 -2.755 -2.699 -2.846 -1.151 -2.748 -2.875 -2.738 -2.101 2.21 0.476 -2.281 0.59 -1.139 4.053 -0.788 -0.048 -2.737 0.818 1.448
186 L -2.263 -3.17 -3.537 -3.792 -1.244 -3.537 -3.841 -3.69 -2.613 2.917 2.852 -3.166 0.416 3.301 -0.058 -3.285 -0.399 3.635 -0.389 0.441
187 T 1.541 -2.544 -2.074 -2.607 4.744 -2.529 -2.739 -2.055 -2.574 1.703 -0.942 -2.179 -0.83 -1.892 -2.953 -0.066 2.899 -3.15 -2.433 2.066
188 L -1.355 1.571 -1.346 0.347 2.933 2.412 0.149 -2.429 -1.317 -0.922 0.673 -0.752 -0.809 -0.41 -3.136 0.417 1.024 -2.864 -2.042 -0.03
189 A 3.558 -2.338 -1.954 -2.278 3.194 -2.21 -2.235 0.601 -2.077 -0.965 -1.943 -1.785 -1.552 -2.503 0.427 1.4 -0.996 -3.337 -2.607 1.01
190 F 0.566 -2.934 -2.518 -3.08 -1.455 -3.125 -3.297 2.046 -1.308 0.42 0.695 -2.754 -0.74 4.448 -3.816 -0.882 -2.186 -0.867 2.918 -0.91
191 G 2.623 -2.191 -1.309 -1.658 3.079 -1.88 -0.361 3.25 -1.77 -2.431 -2.84 -1.603 -2.163 -2.874 -2.656 1.875 -0.353 -3.242 -2.898 -1.732
192 Y -2.555 -2.52 -2.868 -3.765 -2.494 -2.526 -3.106 -3.675 1.362 -1.546 -1.653 -2.616 -1.425 2.606 -4.076 -3.18 -2.832 1.566 7.785 -1.722
193 L -2.061 -3.124 -3.921 -4.129 -0.89 -3.419 -4.011 -3.999 -2.978 3.085 3.656 -3.22 2.331 1.499 -4.289 -3.669 -2.049 -2.31 -1.358 2.007
194 L 0.691 -2.536 -2.427 -2.936 -0.649 -2.602 -2.995 -2.616 -2.597 2.283 2.055 -2.33 1.855 -1.03 -3.256 -1.551 2.822 -2.769 -2.116 1.427
195 L 1.286 -2.814 -3.072 -3.363 -0.638 -2.956 -3.303 -2.699 -2.815 2.825 2.809 -2.624 0.413 -0.774 -3.491 -2.111 0.941 -2.775 -2.069 1.642
196 Y -2.615 -2.638 -2.95 -3.8 -2.444 -2.718 -3.224 -3.667 1.122 -1.387 -1.422 -2.76 -1.298 3.835 -4.194 -3.248 -2.866 1.419 7.459 -1.659
197 I -1.374 -2.57 -2.88 -3.173 -0.819 -2.883 -3.224 -3.258 -2.869 4.396 0.917 -0.598 0.158 -0.955 -3.697 -0.106 -1.337 -3.003 -2.097 3.018
198 L 0.52 -2.82 -3.332 -3.62 1.421 -2.949 -3.481 -3.024 -2.669 2.4 3.06 -2.755 3.116 0.711 -3.769 -2.556 -0.182 -2.463 -1.646 1.239
199 V -1.275 -3.442 -3.766 -3.927 3.165 -3.546 -3.902 -3.78 -3.6 3.757 0.348 -3.253 0.138 -1.024 -4.008 -3.188 -1.41 -3.115 -2.102 4.644
200 N -1.914 -0.964 4.981 -0.373 -2.475 0.588 -1.309 0.376 4.664 -3.187 -3.412 0.269 -2.373 -1.936 -3.234 -0.214 -1.561 -2.526 1.121 -3.086
201 N -2.343 -0.918 6.604 0.447 -2.597 -1.165 -1.391 -0.959 0.163 -3.414 -3.828 0.332 -2.835 -3.142 -3.265 -0.903 -1.229 -3.681 -2.793 -3.264
202 F -2.898 -3.166 -3.433 -4.023 -2.227 -3.654 -3.786 -3.593 -0.461 -0.782 0.162 -3.45 -0.74 5.897 -4.86 -3.633 -3.012 5.678 4.986 -1.406
203 V -0.189 -3.244 -3.439 -3.633 -0.609 -3.336 -3.68 -3.402 -3.288 4.109 0.985 -2.99 0.23 -0.911 -3.802 -2.751 0.036 -2.987 -2.065 3.832
204 V 1.774 -2.86 -2.983 -3.245 -0.49 -2.853 -3.057 -2.415 -2.37 2.428 -0.283 -2.553 -0.326 -0.908 -3.369 -0.702 -1.217 -2.469 0.912 4.047
205 N -1.487 -1.031 4.46 0.983 2.885 -1.344 -1.43 -1.478 -0.64 -2.386 -2.909 1.128 -2.168 -2.45 -2.908 0.477 2.154 -3.068 -0.511 -2.093
206 K -1.73 3.698 -1.058 -1.653 -2.788 -0.005 -0.624 -2.262 -0.896 -2.98 -2.928 5.171 -1.966 -3.461 -2.652 -1.746 -1.913 -3.21 -2.527 -2.781
207 K -1.42 2.911 -1.089 -1.684 -2.211 -0.283 -0.831 -2.183 -1.109 -2.006 -2.533 4.747 -1.737 -3.128 -2.641 -0.381 -0.035 -3.202 -2.487 -0.597
208 I -1.999 -3.504 -3.852 -3.97 -0.949 -3.698 -4.133 -4.045 -2.621 4.745 1.66 -3.326 0.445 1.519 -4.244 -3.644 -1.886 -2.029 1.17 2.646
209 N -1.886 -0.691 3.878 3.161 -2.611 2.56 0.722 -1.609 2.319 -3.25 -3.498 0.99 -2.348 -3.227 -2.97 -0.216 -1.552 -3.435 -2.334 -3.054
210 L -2.17 1.535 -2.694 -3.122 -1.742 -1.99 -2.559 -3.22 -1.916 1.833 1.453 1.447 1.638 1.667 0.036 -2.947 -2.215 5.385 -0.79 0.137
211 L -1.723 -2.296 -2.546 -2.65 -1.283 -0.013 -0.62 -3.0 -1.954 1.052 3.107 -2.203 0.319 2.435 -3.811 0.342 -1.772 3.61 -0.742 -0.332
212 Q -2.006 -0.513 0.902 0.57 -2.613 4.769 -0.202 -2.305 5.336 -2.464 -1.088 -0.421 -1.278 -1.778 -3.211 -1.846 -2.074 -2.213 1.346 -2.512
213 L -0.546 -3.144 -3.791 -3.982 -0.891 -3.444 -3.881 -3.566 -2.834 2.986 3.235 -3.167 1.546 2.516 -4.155 -3.31 -2.024 -2.128 -0.964 1.936
214 L -1.792 -3.128 -3.286 -3.595 3.087 -3.331 -3.788 -3.561 -3.021 3.974 3.003 -2.999 0.628 -0.535 -3.94 -1.251 -0.13 -2.78 -2.061 1.072
215 I 0.033 -2.466 -1.975 -2.578 -0.9 -2.438 -2.691 -2.427 -1.219 2.697 -0.713 -2.167 -0.659 -0.183 -3.182 1.076 1.86 -1.454 3.316 1.636
216 V -0.9 -3.253 -3.71 -3.82 -0.792 -3.453 -3.763 -3.621 -3.14 3.334 2.081 -3.1 0.357 1.216 0.004 -3.209 -1.718 -2.658 -1.509 3.508
217 L -0.549 -3.246 -3.449 -3.766 3.019 -3.524 -3.894 -0.445 -2.508 2.666 2.197 -3.202 1.904 3.871 -4.19 -3.085 -2.211 -1.743 -0.341 0.734
218 L -2.27 -2.875 -0.364 -3.606 -0.974 -3.256 -3.84 -3.786 -2.739 2.321 4.47 -3.046 1.147 -0.107 -4.26 -3.573 -2.172 -2.523 -1.881 0.53
219 L -2.365 -2.38 -2.95 -3.539 -1.563 -0.118 -2.939 -3.562 2.109 0.168 2.772 -2.545 3.001 3.57 -4.206 -3.259 -2.464 -0.665 3.676 -0.541
220 C 0.77 -2.908 -2.871 -3.277 6.486 -2.913 -3.305 -2.533 -2.621 1.487 0.418 -2.688 2.737 0.909 -3.524 -0.68 0.004 -2.735 -1.767 1.764
221 I -1.711 -3.493 -3.565 -3.833 3.062 -3.733 -4.058 -0.585 -3.006 3.655 1.207 -3.351 0.111 2.803 -4.212 -3.308 -1.892 -2.242 -0.915 3.036
222 L -0.369 0.428 1.648 0.369 -1.661 1.498 -0.725 0.653 -1.309 -0.528 1.05 0.175 -0.74 0.723 -3.414 -1.985 -1.855 -2.734 -1.794 0.839
223 I -1.817 -2.796 -3.188 -3.415 -1.006 -0.111 -3.253 -0.44 -2.552 4.424 1.26 -2.574 3.908 -0.712 -4.006 -3.142 -1.829 -2.711 -1.996 1.854
224 Y -1.795 -2.72 -3.03 -3.618 -1.311 -2.811 -3.299 -3.453 -0.472 0.889 1.551 -2.755 1.724 2.252 -3.982 -1.263 -1.943 -0.216 5.165 2.168
225 L -2.361 -2.939 -3.857 -4.187 -1.102 -3.318 -3.943 -3.907 -2.509 0.938 4.102 -3.21 3.299 3.532 -4.447 -3.706 -2.389 -1.654 -0.431 0.089
226 G -0.476 -1.648 3.814 -0.842 -1.592 0.319 -1.802 2.92 -0.933 -2.343 -2.594 -1.345 0.876 -2.728 -3.023 0.766 1.488 -3.201 -2.772 -2.099
227 G -0.653 -3.1 -1.183 -2.065 -2.063 -2.938 -3.365 6.373 -2.219 -3.958 -4.203 -2.393 -3.409 -3.421 -3.522 -1.745 -2.662 -3.183 -3.891 -3.607
228 S 0.22 -1.643 -0.347 -1.106 -0.812 -1.472 -1.488 1.68 -1.312 -2.788 -3.19 -1.167 -2.078 -2.768 -2.352 4.593 0.029 -3.278 -2.64 -2.191
229 R -2.277 6.532 -1.205 -2.306 -3.002 -0.225 -1.303 -2.871 -0.644 -3.354 -2.77 1.276 -1.966 -3.215 -3.447 -2.149 -2.196 -2.977 -2.515 -2.904
230 S 0.082 -1.627 -0.407 -1.179 -0.731 -1.487 -1.534 0.572 -1.416 -2.311 -2.839 -1.187 -1.865 -2.654 -2.324 4.256 2.3 -3.213 -2.559 -1.75
231 P -0.033 -2.443 -1.978 -1.837 -1.806 -2.162 -0.406 1.263 -2.043 -2.849 -3.288 -1.641 -2.772 -3.593 5.96 -0.431 -0.146 -4.293 -3.194 -2.495
232 L -0.594 -3.293 -3.916 -3.98 -0.833 -3.541 -4.045 -3.72 -3.16 4.369 3.315 -3.181 0.854 -0.324 -4.11 -3.447 -1.979 -2.695 -1.952 1.335
233 F -2.91 -3.492 -3.691 -4.112 -1.844 -4.334 -4.191 -3.706 -1.797 -0.053 1.707 -3.873 -0.067 6.845 -5.013 -3.797 -2.948 -0.223 1.752 -0.871
234 R -2.227 6.377 -1.192 -2.246 -2.983 -0.206 -1.24 -2.815 -0.664 -3.321 -2.783 1.892 -1.966 -3.234 -3.372 -2.113 -2.172 -2.995 -2.516 -2.894
235 L -1.758 -3.176 -3.807 -3.972 -0.752 -3.286 -3.914 -3.924 -3.122 3.886 2.492 -3.112 3.158 -0.474 -4.142 -3.453 -1.739 -2.714 -1.909 3.163
236 I -1.834 -3.438 -3.832 -3.974 -0.861 -3.658 -4.056 -3.938 -3.077 4.174 1.641 -3.33 1.336 2.439 -4.248 -3.53 -1.801 -2.284 -0.997 3.276
237 T -0.959 -1.939 -1.068 -1.916 -0.646 -1.969 -2.261 -2.214 -2.238 -0.045 -0.38 -1.659 -0.942 -2.025 -2.562 -0.244 5.477 -2.891 -2.39 -0.322
238 F 0.427 -2.744 -2.933 -3.362 -1.288 -2.869 -3.252 -2.658 -1.634 -0.167 0.166 -2.756 4.766 5.547 -4.021 -0.97 -2.057 -0.891 0.817 -0.655
239 I 1.328 -2.927 -3.061 -3.28 -0.618 -2.878 -3.299 -2.681 -2.755 4.03 0.319 -2.587 2.901 -1.021 -3.48 -2.109 0.561 -2.876 -2.085 2.436
240 L 1.516 -2.926 -3.444 -3.611 -0.762 -3.066 -3.433 -2.687 -2.539 2.574 2.434 -2.786 2.442 2.409 -3.725 -2.486 -1.853 -2.175 -1.017 1.53
241 I -1.879 -3.543 -3.73 -3.957 4.67 -3.785 -4.122 -3.706 -2.793 3.634 0.314 -3.452 1.779 3.836 -4.318 -3.348 -1.961 -1.884 -0.352 2.607
242 L -2.028 -3.107 -3.827 -4.056 -0.833 -3.431 -3.994 -3.996 -3.162 3.272 3.932 -3.175 1.017 -0.22 -4.181 -3.508 -0.845 -2.602 -1.898 1.826
243 Y -2.555 -2.911 -3.16 -3.798 -1.948 -3.192 -3.529 -3.535 -0.293 0.527 0.793 -3.058 -0.588 4.35 -4.415 -3.172 -0.609 5.652 5.371 -0.879
244 Y -2.427 -2.56 -2.912 -3.773 -2.308 -2.57 -3.136 -3.676 1.209 -1.085 -1.494 -2.645 -1.303 2.472 -4.065 -3.17 -2.697 1.417 7.605 -0.193
245 I -1.119 -3.532 -3.776 -3.868 -0.912 -3.671 -4.056 -3.819 -2.609 4.919 0.818 -3.266 0.283 1.459 -4.139 -3.431 -1.807 -2.079 1.158 2.773
246 L -2.349 -1.777 -3.804 -4.169 2.166 -3.379 -3.945 -3.862 -2.522 0.797 3.991 -3.102 2.296 3.689 -4.445 -3.664 -2.425 -1.662 -0.382 -0.03
247 L -0.492 -1.927 0.178 -2.272 -1.648 -2.09 -0.571 -2.636 -0.488 -0.782 1.176 -0.312 -0.643 3.511 -3.57 -0.772 -0.259 -0.543 4.254 -1.143
248 L -2.074 -2.221 1.363 -2.604 -1.449 -2.586 -3.076 -0.36 -1.282 2.55 2.037 -0.515 1.796 1.558 -3.944 -2.801 -2.05 -1.547 2.494 0.546
249 R -2.031 4.7 0.63 -1.861 -2.662 -0.397 -1.154 -2.509 -0.615 -2.459 -1.027 3.555 -1.606 -2.035 -3.116 -1.987 -2.031 -2.443 0.811 -2.438
250 N -1.561 0.653 4.254 -0.568 -2.192 1.056 -0.956 -1.525 -0.493 -0.64 -2.749 3.155 -1.943 -2.975 -2.867 0.609 -1.241 -3.375 -2.551 -2.106
251 G -1.372 0.54 1.204 0.378 -2.373 -1.628 -1.904 4.17 -0.765 -3.097 -3.279 1.785 -2.564 -1.324 -3.286 -1.792 -1.79 -1.84 2.645 -2.952
252 G 0.993 2.278 0.878 0.33 -1.753 0.358 -1.691 2.474 -1.03 -2.349 -1.131 -0.806 -1.851 -1.963 0.248 -0.367 -1.799 -2.576 0.713 -2.131
253 L -1.722 0.777 1.976 0.647 -1.767 1.735 -1.139 -2.143 2.276 -1.049 0.668 0.469 -0.817 -1.64 -3.198 -0.92 0.59 3.794 -1.385 -0.573
254 R -1.302 3.543 -0.196 -1.771 -1.869 -0.785 -1.355 -2.11 1.129 -0.343 -1.973 2.263 -1.446 0.875 -2.941 1.054 -0.519 -2.003 1.188 -1.599
255 K -0.845 2.683 0.623 -1.504 -2.004 -0.704 0.111 -0.889 -1.128 -0.235 -0.754 3.325 -1.381 -0.648 -2.92 -0.426 -0.077 -2.943 -2.146 -1.555
256 G 1.133 -2.143 0.336 -2.025 -1.204 0.777 -1.196 2.807 -1.793 0.945 1.087 -1.784 -0.726 -1.803 -3.278 -0.504 -1.695 -3.0 -2.521 0.344
257 N -1.934 0.525 4.806 0.967 -2.013 -1.388 -1.586 -1.613 -0.528 -1.682 -0.563 0.244 2.444 0.621 -3.345 0.051 -1.386 -2.873 -1.862 -1.96
258 R -1.777 3.491 0.427 -2.233 -1.829 -0.345 -2.051 -0.191 -1.023 1.079 -0.165 0.105 1.338 0.977 -3.499 -0.702 -0.165 -2.063 1.063 -0.89
259 K -1.583 2.426 -1.225 -1.762 -2.35 1.039 -0.808 -2.298 -0.798 -0.426 -1.633 4.559 -1.501 -2.055 -2.766 -0.544 -1.735 -2.503 0.827 -1.845
260 L -1.99 -2.921 -0.085 -3.037 -1.211 -3.255 -3.478 -3.186 -2.149 2.446 2.271 -2.921 0.19 4.196 -4.079 -1.135 -0.213 -1.634 -0.113 0.994
261 L -0.58 -2.735 -3.495 -3.704 -1.009 -0.304 -3.269 -3.45 -2.493 2.653 3.316 -2.739 1.53 2.493 -4.076 -3.176 -2.08 -2.104 -0.959 1.233
262 G -1.776 1.771 -2.223 -2.876 -1.751 -0.889 -2.748 1.953 -1.448 2.161 -0.502 -0.66 1.399 3.156 -3.865 -1.725 -2.168 -1.606 1.436 -0.0
263 K -1.757 3.561 -1.177 -1.757 -2.627 -0.145 -0.764 -2.356 -1.003 -0.599 -2.46 4.979 -1.729 -3.157 -2.735 -1.843 -1.909 -3.189 -2.493 -2.072
264 L -1.91 -3.128 -3.547 -3.802 -0.945 -3.298 -3.83 -3.717 -2.716 3.647 2.433 -3.09 3.112 2.492 -4.184 -2.072 -1.859 -2.136 -0.955 2.086
265 I 0.512 -3.275 -3.433 -3.596 -0.862 -3.391 -3.775 -0.378 -2.876 4.247 1.757 -2.993 1.232 1.226 -3.887 -2.857 -1.868 -2.548 -1.557 1.737
266 L 1.308 -0.025 0.039 -2.679 3.05 -0.05 -2.619 -0.052 -2.037 1.906 0.958 -1.868 -0.421 0.877 -3.504 -2.06 -1.734 -2.711 -1.726 1.735
267 L -0.122 -2.717 -2.669 -3.083 -0.898 -2.774 -3.08 -2.673 -2.434 2.71 1.637 -2.542 1.792 -0.716 -3.689 0.78 -1.366 5.362 -1.321 1.96
268 G 1.549 -2.741 -2.111 -2.605 -0.852 -2.644 -2.929 2.809 -2.371 2.374 -0.387 -2.282 1.401 -1.702 -3.251 0.361 -1.423 -3.027 -2.508 1.609
269 I -1.809 -3.348 -3.531 -3.731 -1.03 -3.587 -3.899 -0.588 -2.942 3.53 2.011 -3.179 0.265 2.386 -0.029 -3.346 -1.96 -2.351 -1.102 2.637
270 V 0.784 -3.001 -2.915 -3.264 -0.662 -3.076 -3.32 -0.235 -2.856 2.79 0.577 -2.73 -0.167 1.0 -3.575 -1.439 0.05 -2.7 -1.623 3.543
271 L -1.328 -2.823 -2.831 -3.245 -0.719 -2.903 -3.312 -3.195 -2.798 3.203 2.251 -2.671 2.009 -0.759 -3.696 -0.01 0.108 -2.81 -2.016 2.826
272 V 0.762 -2.971 -2.989 -3.358 3.146 -3.062 -3.389 -0.251 -2.998 2.276 1.604 -2.743 -0.022 -1.177 -3.557 -2.184 0.532 -2.986 -2.241 3.187
273 I 0.135 -3.018 -3.157 -3.257 -0.985 -3.139 -3.311 -2.995 -2.76 3.126 1.623 -2.652 -0.073 1.036 2.694 -2.464 0.087 -2.829 -1.68 1.651
274 L -1.696 -2.967 -3.435 -3.835 -0.867 -3.268 -3.783 0.104 -3.001 1.25 3.945 -3.049 0.84 0.065 -4.102 -2.395 -1.974 -2.571 -1.886 2.349
275 L -1.612 -2.257 -3.433 -3.691 -0.221 -2.711 -3.376 -3.453 -2.384 1.934 4.15 -2.549 2.062 0.762 -3.675 -3.229 -1.651 -1.721 -1.127 1.035
276 I -1.448 -3.172 -3.334 -3.252 -0.221 -3.28 -3.758 -3.55 -2.782 4.7 1.606 -2.75 1.2 0.147 -3.576 -3.147 -1.146 -2.256 -1.356 2.789
277 G 0.019 -2.428 -0.511 -1.394 -1.391 -2.266 -2.693 5.875 -1.547 -3.286 -3.532 -1.722 -2.738 -2.749 -2.85 -1.073 -1.99 -2.511 -3.219 -2.935
278 F -2.388 -3.253 -3.053 -3.549 -1.773 -3.808 -3.722 -3.225 -1.63 0.679 -0.134 -3.416 1.548 6.72 -4.604 -0.751 -2.399 -0.321 1.655 -0.826
279 L -1.767 -2.857 -0.09 -2.99 -0.958 -3.004 -3.427 -3.238 -2.46 3.605 2.274 -2.739 2.002 1.263 -3.888 -1.098 -0.064 -2.495 -1.489 1.714
280 L 0.923 -2.602 -2.39 -2.86 -0.911 -2.66 -2.909 -0.016 -2.185 1.303 1.689 -2.389 1.684 1.652 -3.479 0.913 -1.421 3.573 -1.09 1.029
281 L -1.323 -2.333 -2.104 -2.753 -0.902 -2.341 -2.816 -2.744 -1.765 1.128 1.649 -2.213 3.677 1.326 -3.376 0.367 2.365 -1.882 1.155 0.784
282 L -2.12 -0.12 -3.4 -3.856 -0.971 -2.782 -3.543 -3.778 -2.637 1.341 4.29 -2.415 2.901 -0.198 -4.084 -3.201 -0.341 -2.438 -1.861 0.257
283 N -1.272 -1.986 2.917 0.719 -1.715 -1.829 -0.225 1.378 0.605 -1.658 -2.171 -1.678 -1.798 2.908 -3.242 1.265 0.117 -2.306 -0.904 -0.493
284 L 0.449 -0.192 -3.521 -3.788 -0.833 -2.93 -3.486 -3.21 -2.76 2.462 3.752 -2.418 0.793 -0.447 -3.882 -2.949 -1.985 -2.64 -1.969 1.25
285 F -1.973 -2.473 -2.65 -3.285 -1.273 -2.487 -3.165 -3.189 -1.185 0.063 0.89 -2.517 5.238 4.026 -3.879 -2.275 1.586 -0.813 2.889 -0.411
286 G -0.653 -3.1 -1.183 -2.065 -2.063 -2.938 -3.365 6.373 -2.219 -3.958 -4.203 -2.393 -3.409 -3.421 -3.522 -1.745 -2.662 -3.183 -3.891 -3.607
287 R -2.234 6.36 -1.197 -1.981 -3.011 -0.165 0.142 -2.859 -0.625 -3.364 -2.808 1.208 -1.997 -3.223 -3.388 -2.106 -2.187 -2.986 -2.523 -2.903
288 S 1.062 -1.637 2.764 0.873 -1.156 -1.39 0.032 0.541 -1.065 -2.428 -2.948 -1.199 -2.112 -2.821 -2.578 2.544 1.716 -3.325 -2.696 -1.884
289 T 0.064 -2.024 2.348 1.726 -1.295 -1.936 -1.702 1.439 -1.406 -1.547 -2.351 -1.648 -1.853 0.47 -2.905 1.093 2.424 -2.944 -2.067 -0.246
290 D -1.202 -1.155 0.415 3.674 -1.84 -1.144 0.529 0.313 0.896 -2.592 -3.139 1.247 -2.299 -3.022 -2.686 1.12 1.921 -3.411 -2.681 -2.293
291 G 0.151 -2.297 -0.379 -1.262 -1.259 -2.135 -2.561 5.75 -1.415 -3.155 -3.4 -1.59 -2.606 -2.617 -2.719 -0.941 -1.858 -2.379 -3.087 -2.803
292 G 0.151 -2.297 -0.379 -1.262 -1.259 -2.135 -2.561 5.75 -1.415 -3.155 -3.4 -1.59 -2.606 -2.617 -2.719 -0.941 -1.858 -2.379 -3.087 -2.803
293 G -0.353 -0.207 -0.258 -0.797 -1.598 3.112 0.036 4.029 -0.137 -2.684 -2.63 0.132 -1.315 -2.812 -2.445 -0.873 -1.406 -2.307 -2.066 -2.273
294 Y -1.623 -2.573 -2.304 -3.002 -1.314 -2.655 -3.057 -0.323 -0.843 0.806 0.855 -2.48 1.547 2.805 -3.636 -0.728 1.64 -0.652 4.187 0.486
295 G -0.14 -2.167 -0.542 -1.423 -1.068 -2.062 -2.438 5.212 -1.641 -2.314 -2.829 -1.591 -2.149 -2.543 -2.646 -0.653 1.443 -2.555 -2.896 -1.913
296 Q -0.925 0.964 -0.135 -0.4 -1.954 5.03 1.349 -1.522 0.727 -2.283 -2.034 1.179 -0.446 -3.001 -2.194 -0.797 -1.018 -2.227 -1.328 -1.83
297 D -1.82 -1.631 1.156 5.896 -2.415 -0.915 1.007 -1.166 -0.579 -2.768 -3.534 -0.872 -2.74 -2.962 -2.332 -0.995 -1.455 -3.574 -3.086 -2.907
298 G 0.047 -2.4 -0.483 -1.365 -1.363 -2.238 -2.665 5.849 -1.519 -3.258 -3.503 -1.693 -2.71 -2.721 -2.822 -1.045 -1.962 -2.483 -3.191 -2.907
299 I -1.42 -3.143 -3.305 -3.223 -0.193 -3.252 -3.729 -3.522 -2.754 4.631 1.634 -2.721 1.228 0.175 -3.547 -3.119 -1.117 -2.227 -1.328 2.817
300 I -1.42 -3.143 -3.305 -3.223 -0.193 -3.252 -3.729 -3.522 -2.754 4.631 1.634 -2.721 1.228 0.175 -3.547 -3.119 -1.117 -2.227 -1.328 2.817
301 E -0.962 -0.165 -0.381 1.475 -2.454 1.304 4.591 -1.992 0.35 -2.807 -2.746 0.634 -1.796 -2.651 -1.924 -0.834 -1.344 -2.43 -1.951 -2.177
302 D -0.166 -1.691 4.171 3.934 -1.901 -1.48 -0.798 -0.369 -0.718 -3.036 -3.579 -1.273 -2.674 -3.125 -2.864 1.601 -0.449 -3.704 -3.006 -2.722
303 L -1.612 -2.257 -3.433 -3.691 -0.221 -2.711 -3.376 -3.453 -2.384 1.934 4.15 -2.549 2.062 0.762 -3.675 -3.229 -1.651 -1.721 -1.127 1.035
304 L -2.268 -3.105 -0.281 -3.345 -1.28 -3.472 -3.741 -3.534 -2.331 2.754 2.646 -3.106 0.762 3.892 -0.064 -3.344 -2.183 -1.789 -0.301 1.11
305 F -2.08 -2.918 0.0 -2.846 -1.633 -3.328 -3.292 -2.883 -1.671 0.664 1.177 -2.908 -0.397 5.719 -0.034 -0.093 -2.047 -0.974 0.875 -0.817
306 H -1.818 1.796 -0.604 -1.234 -2.735 0.92 1.177 -0.044 7.08 -3.324 -3.238 0.587 -2.056 -2.322 -3.159 -0.61 -2.242 -2.617 -0.335 -3.236
307 Y -1.837 -2.274 -2.286 -2.717 -2.056 -2.067 -0.619 -3.071 0.882 -1.264 -1.714 -2.162 -1.414 1.944 -3.654 -0.001 -2.056 0.914 6.983 -0.25
308 L -2.063 -3.203 -4.005 -4.173 -0.857 -3.548 -4.092 -4.076 -3.163 3.369 3.821 -3.283 0.993 0.774 -4.286 -3.751 -2.041 -2.479 -1.621 2.092
309 F -2.937 -3.316 -3.401 -3.981 -2.207 -3.93 -3.902 -3.631 -0.517 -0.7 -0.482 -3.617 -0.738 6.739 -4.869 -3.613 -3.04 0.548 4.82 -1.361
310 I -1.74 -2.586 -0.069 -2.885 -1.037 -2.936 -3.353 -0.45 -2.663 4.518 0.857 -0.608 0.056 -1.012 -3.809 -2.735 -0.098 -2.995 -2.2 2.269
311 Y -2.555 -2.52 -2.868 -3.765 -2.494 -2.526 -3.106 -3.675 1.362 -1.546 -1.653 -2.616 -1.425 2.606 -4.076 -3.18 -2.832 1.566 7.785 -1.722
312 I -0.905 -3.12 -3.136 -3.459 -0.75 -3.263 -3.636 -3.439 -3.056 4.12 1.656 -2.902 0.307 0.372 -3.772 -2.544 1.361 -2.724 -1.779 2.709
313 G -0.653 -3.1 -1.183 -2.065 -2.063 -2.938 -3.365 6.373 -2.219 -3.958 -4.203 -2.393 -3.409 -3.421 -3.522 -1.745 -2.662 -3.183 -3.891 -3.607
314 A 5.014 -2.274 -2.311 -2.406 -0.154 -2.11 -2.108 0.959 -1.97 -1.676 -2.16 -1.635 -1.701 -2.636 -2.284 -0.36 -1.239 -3.183 -2.568 -0.723
315 P -1.579 -2.756 -2.676 -2.306 -2.2 -2.676 -2.365 -2.595 -2.35 -3.06 -3.493 -1.807 -3.146 -4.078 7.261 -2.194 -2.091 -5.292 -3.378 -2.904
316 L -2.145 -3.061 -4.035 -4.236 -0.86 -3.422 -4.057 -4.093 -3.117 2.763 4.341 -3.222 1.683 -0.077 -4.293 -3.796 -2.138 -2.51 -1.845 1.427
317 Y -1.948 -2.025 -2.94 -3.458 -1.553 -0.029 -2.686 -3.476 -0.38 0.36 1.349 -0.444 -0.321 0.959 -3.948 -3.041 -2.14 3.925 5.147 2.233
318 N -2.402 -1.157 6.777 0.539 -2.589 -1.269 -1.468 -0.897 0.226 -3.455 -3.894 -1.038 -2.904 -3.117 -3.33 -0.861 -1.194 -3.709 -2.811 -3.303
319 L -2.38 -3.017 -4.031 -4.319 -1.033 -3.523 -4.072 -4.05 -2.801 1.078 4.601 -3.321 1.189 2.835 -4.449 -3.883 -2.42 -1.892 -0.807 0.188
320 D -2.497 -2.071 3.087 6.156 -3.009 -1.547 0.048 -1.658 -0.93 -3.465 -4.167 -1.464 -3.332 -3.552 -3.086 -1.519 -1.949 -4.159 -3.576 -3.547
321 T -1.049 -1.719 3.29 -1.092 -1.119 -1.729 -1.936 -1.715 2.006 -0.769 -0.65 -1.526 -1.244 -2.099 -2.907 1.392 2.96 -3.104 -2.067 0.887
322 F -2.808 -3.336 -3.471 -4.008 -2.088 -3.94 -3.91 -3.598 -0.831 -0.441 -0.481 -3.629 -0.718 6.491 -4.901 -3.62 -2.914 4.072 4.266 -0.027
323 L -2.19 -3.407 -4.049 -4.107 -0.893 -3.689 -4.256 -4.179 -3.273 4.637 3.366 -3.332 0.937 -0.239 -4.291 -3.855 -2.028 -2.681 -1.925 1.476
324 Q 1.497 0.792 -1.261 -1.659 -1.296 4.406 -0.554 -1.73 -0.892 -1.223 -2.023 -0.342 -1.173 -2.795 -2.766 0.66 0.202 -3.046 -2.222 0.778
325 T -0.971 -1.23 2.306 -1.282 -1.273 -1.572 -1.851 1.389 -1.41 -1.505 -0.883 1.048 -1.503 -1.553 -2.792 1.079 3.119 -3.063 -2.461 -0.86
326 Y -0.373 -0.224 1.741 -1.743 -1.919 0.373 -1.753 -2.144 3.789 -2.151 -2.414 -0.668 -1.77 0.123 0.232 -0.379 0.897 -0.752 4.669 -1.977
327 D -0.239 0.55 0.848 2.091 -1.81 1.613 -0.968 -1.948 2.132 -0.394 -2.391 0.37 -1.74 -1.918 0.313 0.185 1.001 -2.602 0.895 -1.624
328 P -1.196 -1.487 3.043 -0.39 -1.691 -1.494 -1.401 -1.279 -0.585 -2.553 -2.988 -0.894 -2.43 -3.088 5.654 -1.045 -1.127 -4.03 -2.544 -2.398
329 L -1.548 -2.143 -1.676 -0.731 -1.517 -2.161 -2.348 -2.843 5.346 0.767 2.282 -2.25 -0.132 1.461 -3.644 -0.624 -0.209 -1.762 1.679 -0.684
330 T -0.098 -1.078 -0.124 -1.0 0.136 -1.089 -1.363 -1.314 -1.399 -0.21 -1.043 -0.776 -0.517 -1.566 -1.673 0.719 4.201 -2.17 -1.692 0.244
331 L -1.953 -2.562 -3.143 -3.506 -0.741 -3.231 -3.435 -3.16 -1.519 1.226 2.838 -2.904 1.283 4.944 -4.038 -3.137 -1.991 -0.179 1.535 0.368
332 F -1.859 -3.039 -3.097 -3.289 -0.741 -3.561 -3.625 -3.204 -1.661 3.2 1.131 -3.017 0.743 4.878 -3.981 -3.096 -1.693 -0.327 1.49 1.599
333 R -1.52 5.483 -0.448 -1.549 -2.245 0.532 -0.546 -2.114 0.113 -2.597 -2.013 2.033 -1.209 -2.458 -2.69 -1.392 -1.439 -2.22 -1.758 -2.147
334 G 0.104 -2.343 -0.426 -1.308 -1.306 -2.181 -2.608 5.796 -1.462 -3.201 -3.446 -1.636 -2.652 -2.664 -2.765 -0.988 -1.905 -2.426 -3.134 -2.85
335 P -0.096 0.31 -2.233 -2.231 -1.501 -1.949 -1.309 0.389 -1.986 0.333 -0.087 0.146 -1.235 -2.318 4.815 -2.0 -1.813 -3.594 -2.628 0.118
336 S 0.304 0.918 0.655 -1.642 -1.026 -0.538 -1.869 0.308 -1.464 1.842 -1.363 -1.078 -1.094 -2.056 0.402 2.097 -0.799 -3.151 -2.377 0.537
337 P -1.844 -2.126 1.576 0.517 -1.796 -0.81 0.787 -2.582 -1.461 0.371 0.36 -1.675 0.325 0.714 3.464 -2.019 -0.19 -2.947 -1.057 0.067
338 Q 0.265 -1.133 0.727 -1.255 -1.387 3.072 0.318 -1.829 2.08 -1.261 -2.188 -0.823 -1.42 -2.638 0.356 1.156 1.173 -3.142 -2.009 0.706
339 E -1.45 -1.561 0.771 0.788 -1.983 -0.065 2.049 -0.007 4.496 -1.572 -0.167 -1.22 -1.439 -2.172 0.259 0.355 -1.296 -3.031 -1.541 -0.497
340 Y -1.287 -2.951 -3.252 -3.755 -1.394 -3.043 -3.519 -3.641 1.174 3.236 1.158 -2.918 -0.11 1.717 -4.072 -3.255 -2.194 -0.297 5.151 1.5
341 F -3.162 -3.412 -3.729 -4.177 -2.388 -4.131 -4.016 -3.429 -1.72 -1.004 -0.318 -3.816 -0.913 6.055 -5.48 -3.895 -3.201 8.479 1.851 -1.702
342 G 0.336 -3.037 -1.245 -2.087 -1.888 -2.875 -3.261 6.205 -2.202 -3.735 -4.012 -2.336 -3.258 -3.361 -3.421 -1.629 -2.542 -3.183 -3.781 -3.294
343 E 0.11 -1.066 -1.008 -0.409 -1.997 2.674 3.333 1.343 -0.783 -3.094 -3.205 -0.492 -2.148 -3.268 0.395 1.216 -1.4 -3.227 -2.647 -2.514
344 Q -1.683 0.09 -0.896 -1.24 -2.531 6.238 0.423 -2.293 2.432 -2.54 -2.239 0.273 1.281 -3.152 -2.986 -1.608 -1.786 -2.813 -1.696 -2.31
345 T -0.835 -1.975 -1.074 -1.895 -0.626 -1.978 -2.236 -2.15 -2.224 0.581 -1.424 -1.665 -1.054 -2.106 -2.576 0.493 5.211 -2.961 -2.396 0.668
346 F -2.965 -3.54 -3.661 -4.093 -1.932 -4.422 -4.202 -3.676 -1.72 -0.184 1.204 -3.93 -0.217 7.039 -5.071 -3.789 -3.002 -0.108 1.905 -0.992
347 R -2.047 3.473 -1.984 -2.781 -2.16 -1.635 -2.317 -0.298 -0.903 0.878 -1.539 0.498 -1.328 1.927 -3.768 -1.556 -0.373 5.458 2.686 -1.205
348 G -0.13 -1.687 0.794 -1.567 -1.452 -1.906 -2.193 4.293 -1.701 -2.415 -3.049 0.487 -2.313 -2.961 -2.913 1.025 1.703 -3.19 -3.044 -1.441
349 F 0.262 -3.206 -3.585 -3.872 -1.299 -3.724 -3.804 -3.096 -2.113 1.094 2.472 -3.32 0.187 5.575 -4.313 -3.064 -2.459 -0.949 0.798 -0.271
350 Y -2.561 -2.449 -2.602 -3.535 -2.443 -2.449 -2.965 -3.526 3.541 -0.028 -1.553 -2.582 -1.335 2.148 -4.118 -3.171 -2.803 4.31 7.138 -1.436
351 N 1.782 -1.353 4.231 -0.695 -1.287 -1.511 -1.688 1.08 -0.844 -2.447 -2.948 0.163 -2.188 -2.875 -2.738 0.931 1.204 -3.355 -2.71 -1.901
352 Y -2.473 -2.862 -2.988 -3.656 -2.214 -3.088 -3.36 -3.3 0.013 0.138 -1.149 -2.979 -1.137 4.409 -4.456 -1.375 -2.588 6.697 5.774 -1.328
353 L -2.324 -3.348 -3.88 -4.086 -1.188 -3.679 -4.11 -3.977 -2.335 3.878 2.659 -3.366 0.523 2.675 -4.451 -3.782 -2.23 3.676 1.5 1.261
354 L 0.227 -2.35 -2.389 -2.597 -1.542 0.015 -0.634 2.303 -0.976 -0.646 2.063 -2.126 -0.426 1.594 -3.648 -2.365 -2.319 -1.15 3.391 -1.074
355 K -0.599 1.514 -1.441 -1.883 -2.027 -1.068 -1.466 1.28 -1.473 -2.54 -2.568 3.189 0.864 -3.14 3.517 -0.009 -1.701 -3.515 -2.784 -2.408
356 K -1.526 1.39 -1.525 -1.972 -1.883 1.264 -1.078 -2.483 -1.365 1.6 -0.315 4.055 -0.884 -2.255 -2.927 -0.666 -1.634 -3.104 -2.313 0.306
357 L -1.693 -0.022 -2.443 -3.025 2.981 -0.086 -2.775 -0.35 -1.712 1.059 2.219 -2.002 -0.076 2.426 -3.757 -0.927 0.252 -1.768 1.297 0.117
358 G -1.03 -2.266 0.887 -0.211 -2.218 -1.933 -0.349 4.962 3.583 -3.645 -3.874 -1.794 -2.972 -3.065 0.319 -0.849 -2.265 -3.165 -2.372 -3.398
359 L -1.914 -1.381 1.273 0.893 -1.495 0.304 -1.79 -2.675 -1.584 1.699 1.52 0.999 1.735 1.042 -3.481 -2.175 -0.084 -2.607 -1.6 0.679
360 D -1.418 -1.74 0.987 3.286 -1.93 0.556 1.082 -1.991 -0.884 -0.244 -0.889 -1.237 -1.658 -1.754 1.119 1.166 -1.38 -2.717 0.843 -1.705
361 S -0.857 0.641 -0.732 1.641 -1.387 0.562 -1.157 0.284 -1.391 -0.098 -0.745 0.9 -1.361 -2.409 -2.758 2.115 1.317 -3.172 -2.558 -1.338
362 S 1.121 -0.688 0.55 -0.195 0.126 -0.517 -0.502 -0.053 -0.407 -1.858 -2.275 -0.232 -1.134 -1.89 -1.422 3.07 1.064 -2.496 -1.702 -1.239
363 L -1.462 -2.612 -3.317 -3.397 -0.155 -2.916 -3.495 -3.435 -2.51 3.536 3.096 -2.581 1.729 0.537 -3.559 -3.122 -1.321 -1.91 -1.173 2.11
364 F -2.327 -2.746 -0.069 -3.14 -1.823 -3.006 -3.301 -3.183 -0.397 0.607 1.366 -2.838 -0.427 4.257 -4.247 -1.27 -2.316 3.987 4.897 -0.83
365 L 0.62 -1.347 0.291 -1.907 -1.255 0.343 -0.254 -2.253 -1.572 2.023 0.832 0.99 1.56 0.866 -3.179 -0.519 -0.021 -2.62 -1.639 -0.17
366 L -2.068 -2.556 -3.512 -3.821 -1.137 -3.048 -3.548 -3.826 -1.877 3.094 2.884 -0.735 0.516 1.721 -4.113 -3.461 -2.089 -1.491 2.529 1.879
367 E 0.285 -0.805 1.468 2.084 -1.85 1.31 1.925 0.943 -0.745 -2.583 -2.93 0.938 -2.073 -3.046 0.26 -0.998 0.443 -3.192 -2.614 -2.149
368 S -0.761 -1.405 2.66 -0.648 -1.125 -1.166 0.435 -1.468 -0.461 -1.432 -0.327 -1.086 -1.167 -1.003 -2.619 1.958 1.924 -1.949 1.649 -1.339
369 I -1.487 -3.211 -3.372 -3.291 -0.26 -3.319 -3.797 -3.589 -2.821 4.792 1.567 -2.789 1.161 0.108 -3.614 -3.186 -1.185 -2.295 -1.395 2.75
370 I -1.053 -2.991 -3.257 -3.285 -0.087 -3.097 -3.507 -3.403 -2.887 4.292 1.343 -2.688 1.022 -0.083 -3.499 -2.897 -0.961 -2.36 -1.395 3.41
371 G 0.344 -1.823 -0.203 -1.028 -0.888 -1.656 -1.868 4.908 -1.206 -2.822 -3.142 -1.23 -2.195 -2.522 -2.386 1.391 -0.697 -2.586 -2.716 -2.35
372 D -1.854 -2.454 1.486 4.28 -1.826 -2.134 -1.127 -2.213 -1.291 2.792 -1.341 -1.947 -1.31 -1.426 -3.319 0.252 -1.564 -2.799 0.713 -0.325
373 L -2.204 -2.165 2.52 2.414 -1.742 0.034 -1.777 -0.13 -1.466 0.203 2.635 -2.008 -0.198 0.987 -3.74 -2.336 -2.049 -2.707 -1.804 -0.933
374 P -1.205 0.055 -1.973 -2.201 -1.718 -0.609 -2.075 -2.348 -1.503 -1.653 -2.369 -1.425 -1.993 0.642 5.339 0.954 -1.472 -2.809 0.937 -0.071
375 F -3.096 -3.604 -3.621 -4.075 -2.168 -4.53 -4.19 -3.583 -1.589 -0.562 -0.276 -4.012 -0.615 7.222 -5.242 -3.792 -3.132 4.012 2.146 -1.332
376 V -1.09 -2.269 0.187 -2.496 -0.725 -0.029 -2.516 -2.781 -2.338 1.167 0.959 -2.11 -0.193 -1.414 -3.39 -0.565 1.855 -3.017 -2.144 3.798
377 R -2.275 3.392 1.69 -1.87 -2.459 0.56 -1.623 -2.52 -0.22 -1.888 -1.682 1.169 -1.369 3.907 -3.591 -2.162 -2.135 -0.89 2.914 -2.097
378 S 1.027 -1.635 -1.316 -1.989 -1.22 -1.749 -1.912 -1.614 -0.198 -1.965 -2.183 -0.036 -1.623 1.732 -2.837 2.857 -0.888 -0.63 4.665 -1.703
379 S -1.099 1.682 3.279 2.015 -1.686 -1.194 -1.138 -1.43 2.278 -2.725 -3.119 -0.724 -2.195 -2.808 -2.806 2.177 1.367 -3.3 -2.264 -2.367
380 N 0.597 -1.607 5.221 -0.421 -1.51 -1.677 -1.854 -1.194 -0.588 -0.665 0.063 -1.412 -1.411 -2.195 -3.145 0.699 -1.088 -3.348 -2.534 -0.797
381 G -0.41 -1.701 1.85 -1.233 -1.985 0.286 -0.315 4.85 -1.384 -3.203 -3.528 0.024 -2.67 -3.251 -3.153 -1.332 0.304 -3.205 -3.213 -2.807
382 Y -2.386 -3.088 -3.51 -3.955 -1.501 -3.273 -3.779 -3.932 -0.561 3.347 1.81 -3.099 0.087 2.697 -4.271 -3.574 -2.372 -0.161 5.185 0.509
383 G -1.149 0.302 0.723 -0.47 -2.399 -0.791 3.155 3.777 -1.061 -3.559 -3.66 -0.837 -2.789 -3.346 0.284 -0.38 -1.982 -3.281 -3.092 -3.094
384 L -1.612 -2.546 -2.403 -3.005 -0.789 -2.679 -3.166 -3.148 -2.652 2.49 2.809 -2.437 2.018 -0.763 -3.441 -1.772 3.212 -2.656 -2.055 0.521
385 G -0.653 -3.1 -1.183 -2.065 -2.063 -2.938 -3.365 6.373 -2.219 -3.958 -4.203 -2.393 -3.409 -3.421 -3.522 -1.745 -2.662 -3.183 -3.891 -3.607
386 N -2.402 -1.157 6.777 0.539 -2.589 -1.269 -1.468 -0.897 0.226 -3.455 -3.894 -1.038 -2.904 -3.117 -3.33 -0.861 -1.194 -3.709 -2.811 -3.303
387 V -0.976 -3.229 -3.672 -3.907 -0.403 -3.33 -3.636 -3.698 -3.657 2.287 0.203 -3.131 0.089 -1.141 -3.914 -3.027 -1.194 -3.13 -2.028 5.491
388 Y -2.597 -2.663 -3.016 -3.834 -2.316 -2.768 -3.277 -3.693 0.964 -1.119 -0.23 -2.796 -1.026 3.766 -4.211 -3.289 -2.831 1.274 7.257 -1.477
389 T -0.855 -1.835 -0.881 -1.757 -0.621 -1.846 -2.12 -2.071 -2.156 -0.967 -1.8 -1.533 -1.274 -2.323 -2.43 -0.038 5.741 -2.927 -2.449 -0.513
390 T 0.116 -1.994 -1.289 -2.081 3.147 -1.955 -2.332 -2.099 -2.157 -0.722 -1.162 -1.716 2.562 -2.01 -2.648 -0.395 4.984 -2.87 -2.382 -0.447
391 F -2.917 -3.348 -3.478 -4.018 -2.088 -4.007 -3.969 -3.657 -0.802 -0.487 0.424 -3.666 -0.512 6.714 -4.89 -3.66 -3.003 0.35 4.288 -1.197
392 Y -2.555 -2.52 -2.868 -3.765 -2.494 -2.526 -3.106 -3.675 1.362 -1.546 -1.653 -2.616 -1.425 2.606 -4.076 -3.18 -2.832 1.566 7.785 -1.722
393 Q -0.97 -0.356 0.644 -1.424 -2.076 4.426 -0.468 -2.13 -0.676 -2.144 -2.08 1.505 1.145 0.35 1.797 -0.757 -0.06 -2.835 -1.706 -2.025
394 F -2.759 -3.459 -3.527 -4.001 -1.926 -4.122 -4.032 -3.664 -1.147 0.819 -0.212 -3.723 -0.512 6.678 -4.869 -3.643 -2.819 0.107 3.631 0.287
395 I -2.067 -2.851 -3.399 -3.686 -1.219 -0.309 -3.297 -3.825 -1.41 3.716 1.828 -2.768 0.252 1.821 -4.133 -3.393 -2.045 -1.155 3.443 2.003
396 Y -2.582 -2.521 -2.779 -3.689 -2.486 -2.551 -3.082 -3.623 2.264 -1.507 -1.573 -2.644 -1.377 3.23 -4.114 -3.182 -2.853 1.425 7.539 -1.736
397 D -2.52 -2.331 0.456 6.677 -3.115 -1.615 0.308 -1.866 -1.279 -3.468 -4.234 -1.572 -3.44 -3.662 -3.032 -1.695 -2.155 -4.274 -3.786 -3.607
398 F -3.096 -3.604 -3.621 -4.075 -2.168 -4.53 -4.19 -3.583 -1.589 -0.562 -0.276 -4.012 -0.615 7.222 -5.242 -3.792 -3.132 4.012 2.146 -1.332
399 G -0.266 -2.917 -1.132 -0.862 -1.911 -2.71 -2.412 6.013 -2.148 -3.548 -3.896 -2.243 -3.149 -3.32 -3.375 -1.554 -0.504 -3.188 -3.713 -3.155
400 Y -2.596 -2.937 -3.321 -3.943 -1.968 -3.156 -3.585 -3.74 0.069 1.408 0.873 -3.066 -0.489 3.976 -4.414 -3.498 -2.698 4.14 6.021 -0.568
401 I -0.45 -2.289 -2.528 -0.186 -1.283 -2.717 -2.713 -2.932 -1.83 3.137 0.832 -0.024 -0.236 3.245 -3.734 -1.068 -1.842 -1.66 1.486 1.24
402 G 0.262 -3.067 -1.352 -2.179 -1.891 -2.953 -3.307 6.014 -2.157 -3.367 -3.54 -2.414 -2.981 0.282 -3.498 -1.718 -2.567 -2.822 -2.74 -3.097
403 I -1.727 -3.481 -3.845 -4.005 3.085 -3.692 -4.053 -3.814 -3.209 3.923 1.223 -3.365 0.203 1.257 -4.253 -3.44 -1.779 3.546 -1.197 3.443
404 V -0.246 -3.219 -3.67 -3.828 3.139 -3.285 -3.778 -3.43 -3.165 3.686 1.549 -3.047 2.433 -0.81 -3.929 -2.989 -1.61 -2.902 -2.056 3.444
405 P -1.539 -2.951 -2.989 -2.747 2.908 -2.938 -2.795 -2.895 -2.661 0.346 -0.621 -2.204 -1.624 -2.702 6.206 -2.469 -1.957 -4.398 -2.965 0.829
406 L -2.27 -3.049 -4.024 -4.283 -1.02 -3.487 -4.031 -3.994 -2.905 1.786 4.282 -3.291 1.045 1.613 -4.443 -3.836 -2.303 3.598 -1.03 1.098
407 I -1.336 -2.618 -2.233 -2.803 -0.789 -2.621 -3.032 -2.921 -2.474 3.302 0.047 -2.376 2.832 1.037 -3.386 -0.481 2.857 -2.536 -1.559 1.94
408 S 2.412 -1.994 -1.247 -1.828 -0.586 -1.857 -1.982 0.532 -1.739 0.073 -0.886 -1.543 1.208 -2.113 -2.551 2.839 1.019 -3.066 -2.434 -0.788
409 I -1.783 -3.458 -3.863 -3.931 -0.763 -3.552 -4.081 -4.012 -3.319 4.85 1.506 -3.237 2.085 -0.588 -4.152 -3.533 -1.685 -2.861 -1.977 3.259
410 I -2.158 -3.205 -3.711 -3.88 -1.025 -3.255 -3.978 -3.886 -2.617 4.44 1.661 -3.108 4.435 2.51 -4.289 -3.517 -1.989 -2.08 -0.928 1.295
411 A 4.313 -2.144 -1.866 -2.116 -0.317 -1.988 -1.967 0.034 -1.864 -1.602 -2.229 -1.543 -1.708 -2.641 0.522 1.564 -0.908 -3.297 -2.558 -0.32
412 L -0.797 -3.069 -3.7 -4.031 -1.473 -3.472 -3.797 -1.522 -2.395 1.015 2.968 -3.239 0.2 2.62 -4.593 -3.424 -2.566 7.629 0.079 -0.41
413 Y -2.57 -2.549 -2.889 -3.773 -2.482 -2.573 -3.135 -3.673 1.304 -1.506 -1.593 -2.651 -1.393 2.966 -4.105 -3.197 -2.84 1.53 7.707 -1.706
414 Y -2.615 -2.638 -2.95 -3.8 -2.444 -2.718 -3.224 -3.667 1.122 -1.387 -1.422 -2.76 -1.298 3.835 -4.194 -3.248 -2.866 1.419 7.459 -1.659
415 S -0.662 -2.346 -1.537 -2.185 3.136 -2.304 -2.479 -2.167 -2.293 2.439 -0.856 -1.988 -0.728 -1.749 -2.955 2.164 2.553 -3.128 -2.352 1.909
416 G -1.429 -1.982 0.326 -2.231 2.902 -2.386 -2.583 1.656 -1.469 -0.504 -1.724 0.269 -1.565 3.041 1.711 -0.605 0.388 -1.867 1.359 -0.184
417 T 1.525 -2.09 0.554 -1.885 -0.645 -2.086 -2.273 -1.729 -1.971 0.957 -1.363 -1.742 -1.086 -0.399 -2.689 0.303 3.996 -2.882 -2.077 0.658
418 Y -2.555 -2.52 -2.868 -3.765 -2.494 -2.526 -3.106 -3.675 1.362 -1.546 -1.653 -2.616 -1.425 2.606 -4.076 -3.18 -2.832 1.566 7.785 -1.722
419 R -1.491 4.068 -0.936 1.13 -2.152 0.403 0.692 -2.304 -0.853 -2.106 -2.559 1.792 -1.825 -2.502 -2.966 0.431 -0.008 -2.825 -0.428 -0.606
420 K -1.561 2.641 -1.228 -1.82 -2.198 -0.466 -1.006 -2.275 -1.142 -1.994 -0.838 4.497 -0.694 0.426 -2.778 -0.464 -0.106 -2.775 -1.809 -2.057
421 I -1.906 -3.459 -3.965 -4.029 -0.794 -3.671 -4.164 -4.091 -3.38 4.664 2.552 -3.312 0.71 -0.45 -4.207 -3.673 -1.809 -2.812 -1.966 2.867
422 R -1.891 3.588 -2.031 -2.678 2.873 1.151 -1.741 -3.048 -1.165 0.578 0.92 1.515 0.644 -1.251 -3.523 -2.468 -2.0 -2.327 0.877 0.64
423 N -1.697 -1.241 3.194 -1.004 -1.693 0.475 0.409 0.327 -1.079 0.253 1.02 0.555 0.486 -1.884 -3.215 -1.24 1.123 -3.029 -2.42 -1.055
424 T -0.755 0.594 1.891 1.669 -1.552 0.992 -1.371 0.389 0.8 0.241 -0.696 -1.111 -1.33 -2.316 -3.055 -0.167 2.062 -3.149 -2.387 -0.622
425 K -1.163 -0.577 0.685 0.629 -1.614 -1.103 0.116 -2.14 -1.226 1.786 -1.155 2.427 -0.998 1.547 -0.747 -0.438 0.052 -2.495 -1.293 -0.436
426 Y -1.855 -1.82 -2.168 -3.065 -1.794 -1.826 -2.406 -2.975 2.062 -0.846 -0.953 -1.916 -0.725 3.306 -3.376 -2.48 -2.132 2.266 6.743 -1.022
427 C -1.278 2.967 3.114 -0.706 6.718 -0.845 -1.5 -1.437 -0.323 -1.984 -2.073 0.119 -1.567 -2.402 -2.938 -1.099 -1.156 -2.897 -2.298 -1.669
428 L 0.709 -1.399 1.443 -1.325 -0.763 1.004 -1.483 1.271 -1.116 -0.033 0.791 -1.125 -0.421 -1.555 -2.697 0.396 0.861 -2.658 -2.053 0.192
429 S -0.967 -0.705 2.34 -1.093 -1.595 -0.171 -1.339 0.339 2.125 -0.144 -2.27 1.89 -1.663 -2.532 1.267 1.431 -1.045 -3.242 -2.084 -0.256
430 K -0.815 2.036 1.335 -1.099 -1.905 1.906 0.843 -2.064 1.119 -0.877 -0.151 2.203 1.267 -2.2 -2.892 -0.396 -1.151 -2.857 -2.015 -1.537
431 K -1.0 -0.516 1.33 -0.833 -1.725 -1.069 -1.336 0.289 2.301 -0.432 -2.352 2.439 -1.704 -1.054 -0.741 1.598 -1.143 -1.834 2.429 -1.737
432 V 0.755 0.342 -0.801 -2.525 -0.86 -1.977 -2.348 -2.354 -2.104 1.94 0.922 0.615 -0.283 -1.453 0.318 -1.266 0.079 -2.999 -2.163 2.3
433 F -2.309 -2.884 -3.507 -3.765 -1.396 -3.576 -3.763 -3.717 -2.315 3.482 0.882 -0.896 0.018 5.181 -4.411 -3.523 -2.26 -1.227 0.526 1.634
434 D -1.836 -2.027 2.31 5.454 -2.393 -1.592 -0.279 -1.652 -0.151 -3.107 -3.763 -1.445 -2.944 -3.354 0.314 0.427 -0.017 -3.987 -3.233 -3.005
435 F -2.642 -3.109 -3.43 -3.957 -1.781 -3.567 -3.813 -3.644 -0.93 -0.1 1.742 -3.366 1.743 5.888 -4.638 -3.008 -2.719 0.008 4.058 -0.819
436 R -1.701 5.196 -1.152 -2.073 -2.112 -0.568 -1.395 -2.523 -1.026 -1.805 -1.653 2.026 -0.83 -2.791 -3.06 -0.662 1.676 -2.987 -2.463 -1.932
437 L -2.266 -3.012 -4.095 -4.314 -0.893 -3.437 -4.086 -4.135 -3.095 2.256 4.716 -3.241 1.311 0.032 -4.337 -3.892 -2.266 -2.444 -1.822 0.604
438 F -2.786 -3.542 -3.65 -4.03 -1.778 -4.211 -4.166 -3.755 -1.585 2.216 0.731 -3.756 -0.196 6.429 -4.855 -3.748 -2.754 -0.251 2.67 -0.173
439 I -1.887 -3.461 -3.845 -3.944 -0.856 -3.61 -4.095 -3.984 -3.126 4.658 1.514 -3.287 2.058 1.585 -4.225 -3.561 -1.79 -2.482 -1.346 2.978
440 Y -2.646 -2.699 -2.992 -3.817 -2.42 -2.818 -3.285 -3.664 0.994 -1.31 -1.313 -2.835 -1.237 4.297 -4.255 -3.282 -2.883 1.343 7.28 -1.627
441 A 4.424 -2.037 -1.716 -2.041 -0.214 -1.888 -1.893 -0.571 -1.813 -1.685 -2.202 -1.472 -1.64 -2.584 -2.236 1.664 0.823 -3.179 -2.494 -0.815
442 Y -2.646 -2.699 -2.992 -3.817 -2.42 -2.818 -3.285 -3.664 0.994 -1.31 -1.313 -2.835 -1.237 4.297 -4.255 -3.282 -2.883 1.343 7.28 -1.627
443 L -2.283 -2.929 -4.105 -4.363 -0.893 -3.383 -4.048 -4.125 -3.056 1.262 4.951 -3.221 1.39 0.09 -4.347 -3.901 -2.323 -2.393 -1.799 0.363
444 F -2.911 -3.548 -3.6 -4.034 -1.953 -4.315 -4.153 -3.687 -1.423 1.16 0.282 -3.843 -0.386 6.864 -4.978 -3.74 -2.92 -0.003 2.894 -0.673
445 N -2.402 -1.157 6.777 0.539 -2.589 -1.269 -1.468 -0.897 0.226 -3.455 -3.894 -1.038 -2.904 -3.117 -3.33 -0.861 -1.194 -3.709 -2.811 -3.303
446 D -2.52 -2.331 0.456 6.677 -3.115 -1.615 0.308 -1.866 -1.279 -3.468 -4.234 -1.572 -3.44 -3.662 -3.032 -1.695 -2.155 -4.274 -3.786 -3.607
447 L -2.223 -2.982 -4.085 -4.321 -0.876 -3.41 -4.054 -4.116 -3.094 1.872 4.749 -3.229 1.314 0.027 -4.327 -3.865 -2.25 -2.441 -1.818 0.891
448 I -1.765 -3.488 -3.778 -3.935 3.085 -3.645 -4.068 -3.831 -3.059 4.201 0.771 -3.332 1.912 2.385 -4.214 -3.398 -1.777 -2.348 -1.055 3.199
449 M -1.823 -2.126 -3.102 -3.556 -0.911 -1.794 -3.096 -3.326 -1.711 0.86 1.392 -2.195 7.82 -0.275 -3.985 -2.759 -1.788 -2.049 -1.575 0.247
450 L -1.581 -2.597 -2.884 -3.36 -0.85 -2.865 -3.294 -3.162 -2.606 0.83 4.393 -2.662 0.994 -0.265 -3.81 0.64 -1.627 -2.542 -1.918 0.04
451 F 0.119 -3.178 -3.135 -3.383 -1.126 -3.433 -3.518 -2.977 -2.372 3.199 0.644 -2.954 -0.206 4.346 0.036 -1.856 -0.229 -1.673 -0.043 1.194
452 F -3.077 -3.639 -3.603 -4.057 -2.117 -4.607 -4.225 -3.617 -1.571 -0.466 -0.178 -4.047 -0.541 7.391 -5.191 -3.773 -3.113 0.109 2.188 -1.25
453 S 0.325 -1.484 -0.246 -0.991 -0.67 -1.313 -1.298 -0.849 -1.203 -2.654 -3.071 -1.028 -1.929 -2.686 -2.218 4.937 0.268 -3.292 -2.498 -2.035
454 N -0.488 -1.336 6.021 1.43 -2.07 -1.37 -1.374 -0.971 -0.137 -3.02 -3.527 -1.129 -2.636 -3.027 -3.086 0.156 0.256 -3.622 -2.798 -2.713
455 R -2.277 6.532 -1.205 -2.306 -3.002 -0.225 -1.303 -2.871 -0.644 -3.354 -2.77 1.276 -1.966 -3.215 -3.447 -2.149 -2.196 -2.977 -2.515 -2.904
456 F -3.077 -3.639 -3.603 -4.057 -2.117 -4.607 -4.225 -3.617 -1.571 -0.466 -0.178 -4.047 -0.541 7.391 -5.191 -3.773 -3.113 0.109 2.188 -1.25
457 Y -2.646 -2.699 -2.992 -3.817 -2.42 -2.818 -3.285 -3.664 0.994 -1.31 -1.313 -2.835 -1.237 4.297 -4.255 -3.282 -2.883 1.343 7.28 -1.627
458 E -1.387 -1.058 -1.024 0.453 -2.622 0.263 5.163 -0.11 -0.583 -3.195 -3.304 -0.302 -2.401 -3.228 -2.635 -0.427 0.081 -3.125 -2.69 -2.607
459 T -0.133 -1.8 -0.83 -1.668 -0.608 -1.78 -2.001 -1.82 -2.012 -1.149 -1.939 -1.467 -1.359 -2.374 -2.395 1.27 5.324 -2.978 -2.457 -0.668
460 I -0.184 -3.299 -3.434 -3.61 -0.609 -3.368 -3.7 -3.407 -3.313 4.363 0.393 -3.001 0.159 -0.961 -3.796 -2.748 0.051 -3.025 -2.08 3.877
461 L -0.511 -2.851 -3.367 -3.75 -0.963 -3.105 -3.576 -3.296 -2.422 0.856 3.067 -2.942 3.1 3.556 -4.045 -2.836 -0.287 -1.737 -0.428 1.502
462 N -1.779 0.415 4.554 3.869 -2.267 -0.248 -0.715 -1.367 -0.526 -3.097 -3.571 -0.935 -2.642 -3.18 -3.007 0.706 0.161 -3.677 -2.96 -2.879
463 I 0.068 -2.489 -2.621 -2.642 -1.283 -2.62 -0.819 1.077 -2.214 3.493 -0.323 -0.505 -0.503 3.085 -3.687 -1.638 -1.917 -2.144 -0.817 1.178
464 G -0.939 -2.022 2.312 0.674 -1.744 -0.634 -0.876 3.199 -1.33 -0.685 -2.97 -1.516 -2.339 -2.971 1.782 1.404 -0.519 -3.507 -3.022 -2.108
465 F -2.463 -2.649 2.396 -0.716 -1.925 -3.048 -2.893 -2.584 -1.201 -0.99 -0.919 -2.684 -1.043 6.085 -4.108 -2.119 1.159 -0.774 1.132 -1.451
466 L -1.966 -3.373 -3.946 -4.072 -0.855 -3.658 -4.122 -4.044 -3.19 4.08 2.901 -3.329 0.734 1.409 -4.265 -3.677 -1.913 -2.465 -1.418 2.683
467 K -1.769 3.787 -1.185 -1.696 -2.557 -0.174 -0.154 -2.403 -0.984 -2.393 -1.06 4.615 -1.586 -2.995 -2.785 -1.793 -0.953 -3.12 -2.476 -2.363
468 L -2.453 -3.074 -3.383 -3.839 -1.371 -3.395 -3.795 -3.751 1.728 2.701 2.479 -3.249 2.578 4.671 -4.481 -3.592 -2.423 -1.313 0.361 0.318
469 L -1.971 -2.941 -3.37 -3.776 -1.097 -3.23 -3.666 -3.571 -2.052 1.813 3.166 -3.044 2.115 3.407 -4.194 -1.412 -2.013 -1.429 1.562 1.364
470 I -0.483 -3.37 -3.729 -3.753 -0.897 -3.55 -3.869 -3.539 -3.053 4.368 1.968 -3.104 0.384 1.257 0.005 -3.22 -1.858 -2.636 -1.527 2.246
471 V -0.233 -3.157 -3.136 -3.508 4.705 -3.332 -3.609 -3.11 -2.892 2.784 0.91 -2.985 -0.128 2.268 -3.767 -2.376 0.939 -2.423 -1.174 2.765
472 A 3.233 -2.135 -1.729 -2.167 -0.388 -2.007 -2.133 -1.163 -1.963 0.525 -1.271 -1.676 1.271 -2.045 -2.556 1.748 1.316 -3.067 -2.348 0.956
473 F 1.671 -2.702 -0.062 -2.979 -1.557 -2.909 -3.02 -2.222 -0.482 -1.154 -0.745 -2.628 -1.119 4.815 -3.801 -2.164 -2.295 3.966 4.517 -1.3
474 I -1.799 -3.44 -3.918 -4.013 -0.77 -3.65 -4.098 -4.028 -3.351 4.417 2.273 -3.306 0.61 0.365 -4.19 -3.589 -1.75 -2.727 -1.75 3.302
475 L -2.138 -3.048 -3.803 -4.105 2.006 -3.314 -3.939 -3.898 -2.295 2.489 3.491 -3.172 2.759 2.107 -4.296 -3.576 -2.178 -1.726 1.277 1.227
476 K -0.416 -0.738 -1.385 0.201 2.949 -1.638 -1.767 0.726 -0.165 0.256 -1.837 1.846 -1.466 -1.108 -3.037 1.255 -1.329 -2.037 2.297 0.844
477 S -0.989 -1.513 -1.614 -2.237 -1.365 -1.867 -2.128 -0.839 -1.225 0.333 -1.096 0.886 1.248 1.229 -3.249 2.198 -1.119 5.423 1.942 0.428
478 I -2.01 -3.456 -3.865 -4.032 -0.977 -3.792 -4.12 -3.954 -2.929 3.887 2.124 -3.424 0.467 3.413 -4.353 -3.633 -1.974 -1.956 -0.532 2.77
479 L -2.198 -3.319 -3.916 -4.12 3.044 -3.632 -4.16 -4.003 -2.511 3.758 3.245 -3.334 0.716 1.618 -4.311 -3.696 -2.175 -1.914 1.171 0.959
480 F -2.044 -2.189 1.432 -2.092 -1.669 -2.475 -0.696 -2.798 -1.487 1.558 0.195 -0.468 -0.584 4.97 -3.947 -1.014 -1.936 -1.374 0.361 0.921
481 D -1.903 1.451 3.127 3.354 -2.546 0.776 1.685 0.164 0.182 -3.085 -3.39 0.065 -2.489 -3.243 -3.01 -1.316 0.425 -3.441 -2.816 -2.808
482 K -1.851 2.449 1.884 1.678 -2.408 0.099 -0.957 -2.106 -0.619 -2.307 -2.232 3.027 0.978 0.7 -3.062 -0.503 -1.753 -2.283 1.003 -2.367
483 G -0.442 0.798 0.716 -1.395 -1.808 -1.099 -0.04 1.833 -0.675 -0.491 -2.453 2.175 -1.851 -1.26 -2.897 1.241 -1.385 -1.939 2.308 -1.805
484 V -1.767 -1.941 -2.971 -3.319 -1.184 -2.626 -2.998 -3.327 -2.239 2.41 1.052 0.806 1.797 3.86 -3.908 -2.149 -1.841 -1.758 -0.235 2.586
485 R -0.086 1.955 0.713 -1.437 -1.669 -1.007 0.054 0.326 -0.727 -1.359 -1.923 1.518 -1.504 1.091 0.619 -1.448 0.014 -1.887 1.32 -0.193
486 F -2.119 -1.612 -2.687 -2.564 -1.54 -2.136 -0.498 -3.163 -1.675 2.58 1.031 0.869 -0.035 4.167 -3.836 -2.919 -2.126 4.097 0.429 0.245
487 G 0.29 -0.637 2.123 -0.8 -1.758 -0.994 0.123 3.806 -0.944 -2.994 -3.257 2.052 -2.37 -3.035 -2.692 -0.027 -1.494 -3.061 -2.809 -2.587
488 W -2.635 -2.368 -3.152 -3.606 -2.32 -2.81 -2.954 -2.351 -1.12 -1.839 -1.636 -2.776 -1.266 1.143 -5.394 -3.34 -2.68 10.596 2.184 -2.213
489 K -0.142 2.479 0.837 -1.476 -1.902 -0.381 -0.939 -1.86 -0.511 -1.913 -1.887 3.685 1.152 -1.61 -0.5 -1.377 -0.646 -2.147 1.096 -1.809
490 E -0.905 -0.107 -0.324 1.532 -2.397 1.361 4.46 -1.935 0.407 -2.75 -2.688 0.691 -1.739 -2.593 -1.867 -0.777 -1.286 -2.373 -1.893 -2.12
491 K -0.812 2.108 -0.254 -0.708 -1.963 0.821 0.328 -1.328 -0.229 -2.109 -2.226 4.453 -1.209 -2.791 -1.673 -0.867 -1.068 -2.535 -1.774 -1.984
492 R -1.438 4.053 -1.388 -2.037 -1.609 -0.512 -1.386 -2.369 -0.713 -1.038 -0.616 0.616 2.938 -1.755 3.123 -1.767 -1.528 -2.569 -1.89 -1.209
493 Y -2.027 -2.208 -2.482 -3.104 -1.557 0.07 -2.527 -3.314 2.675 2.324 0.12 -2.214 -0.279 2.961 -3.83 -2.908 -2.115 0.144 5.076 0.963
494 K -1.578 1.269 0.858 -1.733 -1.911 -1.05 -1.573 0.502 -0.656 0.195 -1.335 2.322 1.415 -0.827 0.877 -1.883 -1.779 4.395 1.573 -1.185
495 I -1.618 -3.103 -3.492 -3.473 -0.36 -3.296 -3.816 -3.669 -2.837 4.594 2.319 -2.847 1.256 0.142 -3.734 -3.302 -1.378 -2.279 -1.447 2.375
496 K -0.828 1.39 -0.511 -1.042 -2.043 0.198 -0.29 2.092 -0.66 -2.52 -2.656 4.387 -1.67 -2.989 -2.084 -1.114 -1.441 -2.736 -2.224 -2.362
497 R -1.52 5.483 -0.448 -1.549 -2.245 0.532 -0.546 -2.114 0.113 -2.597 -2.013 2.033 -1.209 -2.458 -2.69 -1.392 -1.439 -2.22 -1.758 -2.147
498 K -0.812 2.108 -0.254 -0.708 -1.963 0.821 0.328 -1.328 -0.229 -2.109 -2.226 4.453 -1.209 -2.791 -1.673 -0.867 -1.068 -2.535 -1.774 -1.984
499 L -0.818 -2.337 -3.143 -3.388 0.1 -2.618 -3.097 -3.166 -2.603 2.558 2.892 -2.437 1.55 0.278 -3.385 -2.693 -0.966 -2.0 -1.173 3.002
500 K -0.549 1.155 -0.386 -0.97 -1.803 0.045 -0.439 3.127 -0.66 -2.505 -2.654 3.627 -1.691 -2.824 -2.069 -0.983 -1.397 -2.574 -2.236 -2.321
501 R -1.257 4.189 -0.454 -0.35 -2.295 0.745 1.895 -1.941 0.023 -2.59 -2.31 2.701 -1.42 -2.659 -2.279 -1.18 -1.391 -2.421 -1.882 -2.186
502 I -1.744 -3.238 -3.195 -3.556 -1.055 -3.39 -3.86 0.985 -2.41 3.65 1.493 -3.071 1.905 2.528 -4.111 -3.179 -1.98 -1.883 0.445 2.037
503 H -0.748 0.688 0.054 -0.856 -1.693 0.053 -0.301 -1.317 5.801 -2.424 -2.54 2.754 -1.376 -1.865 -2.161 0.585 -0.999 -2.205 -0.04 -2.338
504 F -2.479 -3.041 -3.005 -3.459 -1.519 -4.009 -3.627 -3.019 -0.973 0.132 0.42 -3.449 0.057 6.727 -4.593 -3.175 -2.515 0.707 2.786 -0.652
505 K -0.897 2.023 -0.339 -0.793 -2.048 0.736 0.242 -1.413 -0.314 -2.194 -2.311 4.664 -1.295 -2.877 -1.758 -0.952 -1.153 -2.62 -1.86 -2.07
506 R -1.605 5.638 -0.533 -1.635 -2.33 0.447 -0.632 -2.199 0.028 -2.682 -2.099 1.948 -1.295 -2.543 -2.775 -1.477 -1.525 -2.305 -1.843 -2.233
507 Q -0.953 0.936 -0.164 -0.428 -1.982 5.123 1.321 -1.55 0.698 -2.311 -2.062 1.151 -0.474 -3.03 -2.222 -0.825 -1.046 -2.256 -1.356 -1.858
508 K -0.897 2.023 -0.339 -0.793 -2.048 0.736 0.242 -1.413 -0.314 -2.194 -2.311 4.664 -1.295 -2.877 -1.758 -0.952 -1.153 -2.62 -1.86 -2.07
509 K -0.897 2.023 -0.339 -0.793 -2.048 0.736 0.242 -1.413 -0.314 -2.194 -2.311 4.664 -1.295 -2.877 -1.758 -0.952 -1.153 -2.62 -1.86 -2.07
510 T -0.183 -1.164 -0.21 -1.085 0.051 -1.174 -1.449 -1.4 -1.484 -0.295 -1.128 -0.862 -0.603 -1.651 -1.758 0.634 4.447 -2.256 -1.777 0.158
511 V -0.304 -2.557 -3.0 -3.235 0.269 -2.658 -2.964 -3.026 -2.986 2.959 0.874 -2.459 0.761 -0.469 -3.242 -2.355 -0.522 -2.458 -1.356 4.306
512 I -1.448 -3.172 -3.334 -3.252 -0.221 -3.28 -3.758 -3.55 -2.782 4.7 1.606 -2.75 1.2 0.147 -3.576 -3.147 -1.146 -2.256 -1.356 2.789
513 P -0.907 -2.084 -2.004 -1.635 -1.528 -2.004 -1.693 -1.923 -1.678 -2.388 -2.821 -1.135 -2.474 -3.406 6.733 -1.523 -1.419 -4.62 -2.706 -2.233
514 K -1.458 2.533 -1.356 0.293 -2.036 0.148 -1.096 -2.482 -1.204 1.173 -1.244 3.561 1.274 0.649 -3.004 -1.948 -0.884 -2.656 -1.67 -0.915
515 L -1.639 -0.822 -0.494 -1.459 -1.803 -1.036 1.253 0.625 -0.566 0.635 1.22 1.86 -0.509 -0.175 -3.155 -2.16 -1.983 -1.314 2.914 -0.808
516 K -1.746 1.82 0.476 -1.677 -1.984 -0.086 0.368 -0.146 0.797 -1.054 0.251 2.254 -1.083 -0.313 -3.275 -1.948 0.012 3.527 -1.531 0.157
517 K -1.304 0.646 0.676 -1.642 -1.916 -0.913 -1.327 0.613 2.0 -0.782 -0.796 3.688 -1.396 -0.601 -2.915 0.367 -1.551 -2.944 -1.833 -0.147