#Seq2Logo.py -f /work3/idamei/ssn-clusterings/clustering/2205111253/clusters/0006_66/sequences.afa -o /work3/idamei/ssn-clusterings/clustering/2205111253/clusters/0006_66/sequences.logo
Last position-specific scoring matrix computed, values are in halfbits
A R N D C Q E G H I L K M F P S T W Y V
0 L -1.08 -1.383 -2.36 -2.814 -0.168 -1.051 -2.353 -2.583 -0.968 1.603 2.135 -1.452 5.611 0.468 -3.242 -2.016 -1.046 -1.306 -0.832 0.99
1 I -1.352 -2.5 -2.205 0.176 -0.313 -2.349 -2.452 -2.955 -2.002 3.807 1.532 -2.163 2.673 0.075 -3.306 -2.556 -1.101 -2.088 -1.319 2.282
2 V 0.138 -1.677 -1.122 -1.744 0.237 -1.667 -1.856 -1.702 -1.84 1.867 0.072 -1.409 0.207 -0.922 -2.352 0.578 1.625 -2.373 -1.472 2.863
3 N -1.422 0.449 4.923 0.901 -1.873 -0.126 -0.423 -0.403 0.716 -2.548 -2.89 1.787 -1.891 -2.47 -2.329 -0.285 -0.591 -2.85 -1.99 -2.404
4 T -0.107 -1.087 -0.133 -1.009 0.127 -1.097 -1.372 -1.323 -1.407 -0.218 -1.051 -0.785 -0.526 -1.575 -1.681 0.711 4.227 -2.179 -1.701 0.235
5 K -0.823 2.096 -0.265 -0.719 -1.975 0.81 0.316 -1.339 -0.24 -2.12 -2.237 4.483 -1.221 -2.803 -1.684 -0.878 -1.079 -2.546 -1.786 -1.996
6 K -0.919 0.779 -1.222 -1.567 -0.939 -0.334 -0.816 -2.063 -1.104 2.245 0.02 2.979 0.087 -1.168 -2.33 -1.597 -0.999 -2.402 -1.551 1.428
7 Y -0.176 -1.268 -0.663 -1.458 -0.795 -1.178 -1.416 -1.333 1.232 -1.242 -1.454 -1.056 -0.893 2.002 -2.356 1.376 -0.3 1.015 5.076 -1.111
8 Y -1.359 -0.206 -1.041 -1.531 -1.819 2.871 -0.1 -2.192 1.588 -1.353 -1.338 -0.088 -0.552 1.904 -2.745 -1.564 -1.538 1.065 5.097 -1.308
9 V -0.231 -2.484 -2.926 -3.162 0.343 -2.584 -2.891 -2.952 -2.912 3.032 0.948 -2.385 0.834 -0.396 -3.168 -2.281 -0.448 -2.384 -1.282 4.117
10 S 0.473 -1.364 -0.586 -1.228 0.144 -1.301 -1.395 -1.07 -1.263 1.098 0.43 -1.043 0.131 -0.937 -2.139 1.857 0.376 -2.379 -1.505 1.863
11 F -2.331 -2.893 -2.857 -3.311 -1.371 -3.861 -3.479 -2.872 -0.825 0.28 0.568 -3.301 0.204 6.51 -4.445 -3.028 -2.368 0.855 2.934 -0.505
12 W -2.152 -2.028 -2.54 -3.27 -1.993 -2.198 -2.614 -2.664 1.079 -1.221 -1.213 -2.243 -0.93 2.565 -4.077 -2.807 -2.34 8.464 5.405 -1.466
13 I -1.392 -2.981 -3.271 -3.224 -0.147 -3.137 -3.639 -3.465 -2.661 4.321 2.058 -2.653 1.383 0.296 -3.513 -3.083 -1.124 -2.117 -1.256 2.713
14 S 1.071 -0.738 0.5 -0.246 0.075 -0.567 -0.552 -0.103 -0.457 -1.908 -2.325 -0.282 -1.184 -1.94 -1.472 3.252 1.014 -2.546 -1.753 -1.289
15 L -0.883 -2.313 -3.159 -3.406 0.081 -2.614 -3.112 -3.182 -2.563 2.508 3.037 -2.435 1.628 0.352 -3.401 -2.734 -1.021 -1.952 -1.153 2.831
16 F 1.433 -2.302 -2.407 -2.648 -0.327 -2.628 -2.504 -1.356 -1.125 0.478 0.118 -2.153 -0.026 4.959 -2.979 -1.308 -1.343 -0.182 1.678 0.711
17 L -1.464 -2.555 -3.315 -3.414 -0.147 -2.877 -3.466 -3.422 -2.481 3.39 3.211 -2.563 1.784 0.578 -3.557 -3.119 -1.342 -1.873 -1.153 2.021
18 V -0.337 -2.546 -2.962 -3.163 0.292 -2.647 -2.969 -3.006 -2.889 3.24 1.039 -2.416 0.887 -0.32 -3.204 -2.359 -0.511 -2.361 -1.282 4.002
19 F -1.161 -2.257 -1.708 -2.298 -0.981 -2.742 -2.528 -1.989 -0.739 -0.083 0.13 -2.309 -0.052 5.829 -3.474 -0.123 -1.207 0.373 2.367 -0.661
20 I -1.374 -3.098 -3.26 -3.178 -0.147 -3.207 -3.684 -3.476 -2.708 4.513 1.68 -2.676 1.274 0.221 -3.502 -3.074 -1.072 -2.182 -1.282 2.863
21 G 0.093 -2.355 -0.437 -1.32 -1.317 -2.193 -2.619 5.807 -1.473 -3.213 -3.458 -1.648 -2.664 -2.675 -2.777 -0.999 -1.916 -2.437 -3.145 -2.861
22 F -2.331 -2.893 -2.857 -3.311 -1.371 -3.861 -3.479 -2.872 -0.825 0.28 0.568 -3.301 0.204 6.51 -4.445 -3.028 -2.368 0.855 2.934 -0.505
23 L -1.077 -1.38 -2.357 -2.811 -0.165 -1.048 -2.35 -2.58 -0.965 1.606 2.138 -1.449 5.596 0.471 -3.239 -2.013 -1.043 -1.303 -0.829 0.992
24 E -0.916 -0.119 -0.336 1.521 -2.408 1.349 4.487 -1.947 0.395 -2.761 -2.7 0.68 -1.751 -2.605 -1.879 -0.788 -1.298 -2.384 -1.905 -2.131
25 N -1.657 -0.412 5.637 1.284 -1.843 -0.524 -0.722 -0.152 0.971 -2.71 -3.149 -0.293 -2.158 -2.371 -2.585 -0.115 -0.448 -2.963 -2.066 -2.557
26 F -1.866 -2.982 -3.029 -3.251 -0.763 -3.552 -3.568 -3.125 -1.517 2.904 1.115 -3.006 0.729 5.064 -3.988 -3.048 -1.719 -0.131 1.729 1.471
27 G -0.504 -1.431 2.419 1.572 -1.641 -1.01 0.231 4.339 -0.421 -2.986 -3.297 -0.874 -2.435 -2.622 -2.564 -0.751 -1.402 -2.647 -2.706 -2.702
28 A 2.247 -0.883 -0.157 -0.355 0.115 -0.486 0.521 -0.081 -0.57 -1.574 -1.984 -0.326 -1.131 -1.974 -1.515 2.262 0.4 -2.491 -1.769 -0.798
29 L -1.446 -2.655 -3.304 -3.365 -0.147 -2.94 -3.508 -3.433 -2.525 3.653 2.963 -2.585 1.689 0.51 -3.546 -3.11 -1.286 -1.932 -1.178 2.21
30 R -1.531 5.505 -0.459 -1.561 -2.256 0.521 -0.558 -2.125 0.101 -2.609 -2.025 2.021 -1.221 -2.469 -2.701 -1.403 -1.451 -2.231 -1.769 -2.159
31 Y -1.81 -1.775 -2.123 -3.019 -1.749 -1.781 -2.361 -2.929 2.107 -0.801 -0.907 -1.87 -0.679 3.351 -3.33 -2.434 -2.087 2.311 6.649 -0.977
32 L -1.615 -1.564 2.11 2.249 -0.857 -1.609 -1.156 -1.812 -0.848 0.729 2.512 -1.458 0.881 -0.238 -3.023 -1.675 -1.251 -2.248 -1.613 -0.029
33 F -1.951 -2.556 -3.07 -3.443 -0.763 -3.253 -3.4 -3.087 -1.394 1.176 2.614 -2.905 1.223 5.12 -4.04 -3.084 -1.99 -0.005 1.766 0.325
34 L -1.077 -1.38 -2.357 -2.811 -0.165 -1.048 -2.35 -2.58 -0.965 1.606 2.138 -1.449 5.596 0.471 -3.239 -2.013 -1.043 -1.303 -0.829 0.992
35 L -0.795 -1.869 -2.628 -2.963 0.016 -1.678 -2.648 -2.79 -1.66 2.59 1.74 -1.854 4.328 0.181 -3.243 -2.203 -0.834 -1.716 -1.022 2.611
36 P -0.834 -2.011 -1.931 -1.561 -1.454 -1.93 -1.619 -1.849 -1.605 -2.315 -2.747 -1.061 -2.4 -3.333 6.66 -1.449 -1.345 -4.546 -2.633 -2.159
37 L -1.538 -2.183 -3.36 -3.617 -0.147 -2.637 -3.303 -3.38 -2.311 2.008 4.033 -2.475 2.135 0.836 -3.602 -3.155 -1.578 -1.648 -1.053 1.109
38 F -1.909 -2.761 -3.049 -3.346 -0.763 -3.398 -3.483 -3.106 -1.455 2.168 1.961 -2.955 0.987 5.092 -4.013 -3.066 -1.851 -0.067 1.748 0.955
39 G 0.328 -2.617 -1.84 -2.256 -0.369 -2.579 -2.945 2.957 -2.056 3.02 0.441 -2.053 0.218 -0.679 -2.955 -1.686 -1.239 -2.293 -1.838 1.596
40 F -1.909 -2.761 -3.049 -3.346 -0.763 -3.398 -3.483 -3.106 -1.455 2.168 1.961 -2.955 0.987 5.092 -4.013 -3.066 -1.851 -0.067 1.748 0.955
41 G -0.699 -2.258 -1.697 -2.37 -0.61 -2.431 -2.979 3.612 -1.908 0.667 2.504 -2.078 0.847 -0.247 -3.206 -1.997 -1.723 -1.972 -1.804 -0.056
42 W -1.853 -2.375 -2.374 -2.989 -2.098 -2.684 -2.893 1.774 -1.197 -2.076 -1.93 -2.521 -1.506 0.674 -4.654 -2.704 -2.519 9.971 1.64 -2.341
43 V -0.699 -2.434 -2.807 -3.136 -0.074 -2.512 -2.913 -3.045 -0.98 2.995 0.839 -2.328 0.69 0.925 -3.264 -2.455 -0.835 -0.636 2.663 3.339
44 L -1.567 -2.143 -3.212 -3.554 -0.276 -2.542 -3.196 -3.334 -1.421 1.82 3.791 -2.411 1.947 1.209 -3.576 -3.078 -1.628 -0.906 1.406 0.953
45 I -1.343 -1.51 -0.925 -1.87 -0.803 -1.424 -1.79 -2.402 5.467 2.809 0.343 -1.57 0.323 -0.321 -2.961 -1.825 -0.103 -1.87 0.244 1.348
46 F -1.816 -2.997 -3.054 -3.247 -0.698 -3.518 -3.583 -3.161 -1.619 3.118 1.174 -2.975 0.786 4.823 -3.938 -3.053 -1.651 -0.284 1.533 1.642
47 L -1.564 -2.243 -2.689 -3.142 -0.435 -2.738 -3.091 -2.951 -1.696 1.4 3.038 -2.464 1.464 3.796 -3.552 -2.412 -0.259 -0.685 0.757 0.621
48 C -1.011 -2.565 -1.963 0.131 7.74 -2.508 -2.42 -2.352 -0.228 0.361 -0.741 -2.361 -0.734 0.864 -3.164 -1.912 -1.511 -0.282 3.445 -0.136
49 F -0.61 -1.62 0.853 -1.199 -0.735 -1.838 -1.795 -1.326 -0.53 -0.515 -0.487 -1.488 -0.417 4.664 -2.766 0.818 0.445 -0.374 1.442 -0.79
50 D 0.128 -1.068 1.761 3.114 -0.79 -0.784 -0.111 1.225 -0.384 -2.328 -2.82 -0.556 -1.799 -2.32 -1.918 1.899 0.087 -2.841 -2.247 -1.949
51 H -1.688 -0.38 3.64 0.151 -2.129 -0.304 -0.588 -0.979 6.687 -2.682 -2.805 -0.568 -1.588 -1.369 -2.683 -0.904 -1.382 -1.968 0.677 -2.836
52 K -0.826 2.094 -0.268 -0.722 -1.977 0.807 0.313 -1.342 -0.243 -2.123 -2.24 4.49 -1.224 -2.806 -1.687 -0.881 -1.082 -2.549 -1.789 -1.999
53 V -0.749 -2.777 -3.091 -3.173 0.105 -2.882 -3.263 -3.205 -2.811 3.871 1.334 -2.53 1.06 -0.074 -3.333 -2.653 -0.746 -2.284 -1.285 3.561
54 D -1.408 -1.484 -0.063 3.974 -1.065 -0.96 -0.176 -1.762 -0.744 0.184 0.519 -1.124 3.769 -0.755 -2.727 -1.435 -1.223 -2.209 -1.731 -0.337
55 K -0.373 2.764 -0.121 -0.794 -1.231 0.36 -0.151 -1.175 -0.309 -1.908 -2.072 3.199 -1.139 -2.41 -1.817 0.617 0.487 -2.446 -1.77 -1.568
56 S 0.111 -0.204 2.427 0.054 -0.77 1.627 -0.07 -0.48 2.719 -2.193 -2.427 0.045 -1.179 -2.064 -1.915 1.931 0.195 -2.419 -1.13 -1.754
57 T 0.538 -0.911 0.197 -0.606 0.097 -0.824 -0.937 -0.653 -0.897 -0.946 -1.623 -0.527 -0.841 -1.756 -1.579 2.258 3.059 -2.361 -1.731 -0.432
58 I -0.676 -1.925 -1.297 -1.899 -0.011 -1.968 -2.307 -2.208 -1.99 3.03 0.622 -1.583 0.508 -0.543 -2.455 -0.606 2.669 -2.185 -1.488 1.835
59 N -1.213 1.104 3.993 0.45 -1.911 0.216 -0.16 -0.688 0.426 -2.403 -2.66 2.993 -1.655 -2.582 -2.102 -0.474 -0.749 -2.75 -1.925 -2.266
60 T 0.538 -0.911 0.197 -0.606 0.097 -0.824 -0.937 -0.653 -0.897 -0.946 -1.623 -0.527 -0.841 -1.756 -1.579 2.258 3.059 -2.361 -1.731 -0.432
61 F -2.334 -2.896 -2.86 -3.314 -1.374 -3.864 -3.482 -2.875 -0.828 0.277 0.565 -3.304 0.201 6.515 -4.448 -3.031 -2.371 0.852 2.931 -0.507
62 L -1.458 -2.607 -3.312 -3.392 -0.15 -2.911 -3.49 -3.43 -2.505 3.529 3.092 -2.577 1.734 0.542 -3.554 -3.117 -1.317 -1.905 -1.168 2.114
63 L -0.907 -2.306 -2.98 -3.323 -0.159 -2.534 -2.959 -3.007 -1.515 2.219 2.056 -2.396 1.049 0.763 -3.479 -2.635 -1.075 4.381 1.605 2.808
64 L -1.197 -2.408 -3.251 -3.433 -0.045 -2.734 -3.288 -3.31 -2.502 2.9 3.233 -2.499 1.75 0.504 -3.493 -2.946 -1.217 -1.888 -1.146 2.346
65 I 0.097 -1.686 -0.809 -1.357 -0.037 -1.598 -1.715 -1.326 -1.371 2.816 0.32 -1.24 0.296 -0.665 -2.315 1.566 0.153 -2.361 -1.511 1.474
66 F -1.671 -2.538 -2.672 -3.148 -0.816 -3.13 -3.314 0.161 -1.405 0.939 2.352 -2.754 0.998 4.841 -3.888 -2.796 -1.985 -0.177 1.517 0.122
67 L -1.891 -2.609 -3.091 -3.419 -0.698 -3.251 -3.43 -3.126 -1.504 1.745 2.535 -2.884 1.225 4.878 -3.984 -3.086 -1.886 -0.165 1.568 0.702
68 I 0.261 -1.603 -0.779 -1.355 0.064 -1.519 -1.625 -1.272 -1.396 2.361 0.105 -1.204 0.18 -0.82 -2.269 1.603 0.242 -2.403 -1.511 1.947
69 F 1.806 -2.211 -2.326 -2.539 -0.211 -2.469 -2.36 -1.13 -1.136 0.368 -0.0 -1.995 -0.103 4.689 -2.79 -1.077 -1.239 -0.346 1.467 0.659
70 L -1.541 -2.186 -3.362 -3.62 -0.15 -2.64 -3.306 -3.383 -2.314 2.005 4.037 -2.478 2.132 0.833 -3.604 -3.158 -1.581 -1.65 -1.056 1.106
71 L -1.458 -2.607 -3.312 -3.392 -0.15 -2.911 -3.49 -3.43 -2.505 3.529 3.092 -2.577 1.734 0.542 -3.554 -3.117 -1.317 -1.905 -1.168 2.114
72 A 3.918 -1.484 -1.662 -1.687 0.68 -1.32 -1.298 0.374 -1.211 -0.83 -1.321 -0.849 -0.874 -1.848 -1.475 0.455 -0.422 -2.44 -1.756 0.139
73 L -1.541 -2.186 -3.362 -3.62 -0.15 -2.64 -3.306 -3.383 -2.314 2.005 4.037 -2.478 2.132 0.833 -3.604 -3.158 -1.581 -1.65 -1.056 1.106
74 P -0.836 -2.014 -1.934 -1.564 -1.457 -1.933 -1.622 -1.852 -1.608 -2.318 -2.75 -1.064 -2.403 -3.336 6.663 -1.452 -1.348 -4.549 -2.636 -2.162
75 S 1.068 -0.741 0.497 -0.249 0.072 -0.57 -0.555 -0.106 -0.46 -1.911 -2.328 -0.285 -1.187 -1.943 -1.475 3.262 1.011 -2.549 -1.756 -1.292
76 L -1.346 -2.028 -2.605 -3.218 -0.709 -2.171 -2.723 -3.065 0.631 1.266 1.787 -2.143 0.734 2.236 -3.378 -2.602 -1.538 0.908 4.842 1.413
77 F -1.99 -2.591 -3.051 -3.433 -0.821 -3.311 -3.41 -3.067 -1.335 1.095 2.466 -2.945 1.133 5.297 -4.081 -3.081 -2.028 0.09 1.904 0.249
78 N -1.213 1.104 3.993 0.45 -1.911 0.216 -0.16 -0.688 0.426 -2.403 -2.66 2.993 -1.655 -2.582 -2.102 -0.474 -0.749 -2.75 -1.925 -2.266
79 L -1.458 -2.607 -3.312 -3.392 -0.15 -2.911 -3.49 -3.43 -2.505 3.529 3.092 -2.577 1.734 0.542 -3.554 -3.117 -1.317 -1.905 -1.168 2.114
80 Y -1.861 -1.872 -2.191 -3.05 -1.712 -1.936 -2.458 -2.926 1.914 -0.675 -0.724 -1.988 -0.581 3.873 -3.427 -2.491 -2.116 2.192 6.438 -0.929
81 P -0.836 -2.014 -1.934 -1.564 -1.457 -1.933 -1.622 -1.852 -1.608 -2.318 -2.75 -1.064 -2.403 -3.336 6.663 -1.452 -1.348 -4.549 -2.636 -2.162
82 H -1.707 -0.358 0.459 -0.961 -2.334 -0.165 -0.501 -1.697 7.998 -2.662 -2.595 -0.766 -1.261 -0.853 -2.749 -1.579 -2.227 -1.454 1.667 -3.036
83 K 1.999 0.832 -0.929 -1.243 -0.46 -0.047 -0.447 -0.607 -0.666 -0.973 -1.06 2.897 0.805 -1.901 -1.72 -0.348 -0.796 -2.356 -1.665 -0.606
84 G -0.671 -1.188 0.045 -1.136 -1.783 -1.005 -1.371 4.016 6.104 -2.925 -2.996 -1.174 -1.879 -1.623 -2.764 -1.276 -2.069 -1.905 0.165 -2.949
85 N -1.66 -0.415 5.643 1.281 -1.846 -0.527 -0.725 -0.155 0.968 -2.712 -3.152 -0.296 -2.161 -2.374 -2.588 -0.118 -0.451 -2.966 -2.069 -2.56
86 L -1.91 -2.52 -3.1 -3.463 -0.698 -3.188 -3.393 -3.117 -1.476 1.268 2.795 -2.862 1.326 4.892 -3.996 -3.094 -1.949 -0.136 1.577 0.411
87 V -0.809 -2.436 -2.926 -3.094 0.055 -2.408 -3.054 -3.067 -2.334 3.535 1.516 -2.277 2.698 0.046 -3.312 -2.511 -0.801 -2.057 -1.186 3.196
88 N -1.36 2.53 3.984 0.351 -1.964 0.148 -0.343 -0.799 0.483 -2.503 -2.609 2.373 -1.655 -2.517 -2.307 -0.559 -0.812 -2.68 -1.922 -2.301
89 Y -1.812 -1.777 -2.126 -3.022 -1.752 -1.784 -2.363 -2.932 2.105 -0.804 -0.91 -1.873 -0.682 3.348 -3.333 -2.437 -2.089 2.309 6.655 -0.979
90 D -0.826 -1.33 0.607 4.09 -0.864 -0.985 0.084 -1.224 -0.941 -1.212 -2.025 -0.81 -1.416 -2.173 -1.972 -0.006 2.625 -2.78 -2.298 -0.921
91 L -1.719 -2.076 -2.758 -3.336 -0.812 -2.356 -2.906 -3.142 0.35 1.001 2.573 -2.287 1.112 3.072 -3.564 -2.836 -1.848 0.772 4.427 0.281
92 Y -0.027 -1.213 -0.526 -1.314 -0.698 -1.113 -1.32 -1.186 1.098 -1.305 -1.533 -0.971 -0.923 1.776 -2.257 1.637 -0.141 0.8 4.807 -1.132
93 D -0.017 -1.134 0.869 4.164 -0.898 -0.717 0.358 -0.57 -0.498 -2.29 -2.852 -0.544 -1.844 -2.39 -1.854 1.864 0.046 -2.998 -2.328 -1.973
94 F -2.062 -2.283 -2.47 -3.164 -1.557 -2.64 -2.869 -2.903 0.996 -0.213 -0.079 -2.501 -0.207 5.346 -3.837 -2.719 -2.227 1.671 5.356 -0.734
95 F -0.057 -2.558 -2.741 -3.047 -0.346 -2.968 -2.947 -2.355 -1.539 1.645 0.589 -2.584 0.387 4.747 -3.471 -2.159 -1.25 -0.338 1.516 2.269
96 L -0.814 -2.332 -3.138 -3.383 0.105 -2.614 -3.092 -3.161 -2.599 2.562 2.887 -2.433 1.555 0.282 -3.38 -2.688 -0.961 -1.995 -1.168 2.993
97 G 0.09 -2.358 -0.44 -1.323 -1.32 -2.195 -2.622 5.809 -1.476 -3.215 -3.461 -1.651 -2.667 -2.678 -2.779 -1.002 -1.919 -2.44 -3.148 -2.864
98 L -1.348 -1.838 -2.919 -3.27 -0.157 -1.897 -2.886 -3.036 -1.698 1.851 3.418 -2.023 4.038 0.692 -3.454 -2.646 -1.355 -1.508 -0.964 1.06
99 L -1.363 -2.068 -3.006 -3.268 -0.156 -2.152 -3.05 -3.136 -1.904 2.624 3.182 -2.165 3.577 0.611 -3.471 -2.751 -1.307 -1.638 -1.03 1.523
100 V -0.234 -2.486 -2.929 -3.164 0.34 -2.587 -2.894 -2.955 -2.915 3.03 0.945 -2.388 0.832 -0.398 -3.171 -2.284 -0.451 -2.387 -1.285 4.125
101 K -0.826 2.094 -0.268 -0.722 -1.977 0.807 0.313 -1.342 -0.243 -2.123 -2.24 4.49 -1.224 -2.806 -1.687 -0.881 -1.082 -2.549 -1.789 -1.999
102 L -1.332 -2.463 -3.286 -3.434 -0.097 -2.794 -3.369 -3.365 -2.484 3.097 3.271 -2.527 1.784 0.553 -3.528 -3.034 -1.291 -1.87 -1.146 2.149
103 L -1.91 -2.52 -3.1 -3.463 -0.698 -3.188 -3.393 -3.117 -1.476 1.268 2.795 -2.862 1.326 4.892 -3.996 -3.094 -1.949 -0.136 1.577 0.411
104 S 1.068 -0.741 0.497 -0.249 0.072 -0.57 -0.555 -0.106 -0.46 -1.911 -2.328 -0.285 -1.187 -1.943 -1.475 3.262 1.011 -2.549 -1.756 -1.292
105 I 1.938 -2.29 -2.486 -2.487 0.258 -2.251 -2.428 -1.283 -2.031 3.152 0.725 -1.781 0.54 -0.513 -2.492 -1.089 -0.733 -2.304 -1.464 2.255
106 F -2.062 -2.283 -2.47 -3.164 -1.557 -2.64 -2.869 -2.903 0.996 -0.213 -0.079 -2.501 -0.207 5.346 -3.837 -2.719 -2.227 1.671 5.356 -0.734
107 I 0.097 -1.686 -0.809 -1.357 -0.037 -1.598 -1.715 -1.326 -1.371 2.816 0.32 -1.24 0.296 -0.665 -2.315 1.566 0.153 -2.361 -1.511 1.474
108 V -0.402 -2.249 -2.163 -2.59 0.205 -2.323 -2.645 -2.633 -2.509 3.03 0.82 -2.039 0.707 -0.456 -2.863 -1.493 1.211 -2.304 -1.364 3.411
109 F -2.334 -2.896 -2.86 -3.314 -1.374 -3.864 -3.482 -2.875 -0.828 0.277 0.565 -3.304 0.201 6.515 -4.448 -3.031 -2.371 0.852 2.931 -0.507
110 L 0.143 -2.221 -2.972 -3.182 0.144 -2.457 -2.873 -2.557 -2.398 2.301 2.806 -2.233 1.453 0.191 -3.142 -2.205 -0.958 -2.0 -1.21 2.654
111 F -2.334 -2.896 -2.86 -3.314 -1.374 -3.864 -3.482 -2.875 -0.828 0.277 0.565 -3.304 0.201 6.515 -4.448 -3.031 -2.371 0.852 2.931 -0.507
112 L -1.91 -2.52 -3.1 -3.463 -0.698 -3.188 -3.393 -3.117 -1.476 1.268 2.795 -2.862 1.326 4.892 -3.996 -3.094 -1.949 -0.136 1.577 0.411
113 K -0.826 2.094 -0.268 -0.722 -1.977 0.807 0.313 -1.342 -0.243 -2.123 -2.24 4.49 -1.224 -2.806 -1.687 -0.881 -1.082 -2.549 -1.789 -1.999
114 G -0.695 -1.947 0.494 4.065 -1.799 -1.458 -0.237 4.059 -0.968 -2.96 -3.476 -1.211 -2.682 -2.796 -2.524 -0.977 -1.655 -2.934 -3.095 -2.864
115 D -1.777 -1.588 1.199 5.833 -2.372 -0.872 1.05 -1.124 -0.536 -2.725 -3.491 -0.829 -2.698 -2.92 -2.289 -0.952 -1.413 -3.531 -3.043 -2.864
116 R -1.454 3.653 -1.535 -2.26 -1.016 -0.782 -1.72 -2.725 -0.977 2.755 0.382 0.536 0.285 -0.824 -3.077 -2.122 -1.258 -2.209 -1.518 1.327
117 G -0.654 -1.226 3.974 0.264 -1.571 -1.242 -1.52 4.153 -0.002 -2.953 -3.302 -0.894 -2.403 -2.522 -2.682 -0.526 -1.093 -2.691 -2.558 -2.708
118 K -0.826 2.094 -0.268 -0.722 -1.977 0.807 0.313 -1.342 -0.243 -2.123 -2.24 4.49 -1.224 -2.806 -1.687 -0.881 -1.082 -2.549 -1.789 -1.999
119 L -1.301 -1.757 -2.818 -3.189 -0.159 -1.738 -2.79 -2.955 -1.563 1.811 3.24 -1.92 4.367 0.656 -3.418 -2.531 -1.301 -1.473 -0.942 1.048
120 E -0.872 1.193 -0.303 0.61 -2.186 1.089 3.103 -1.63 0.092 -2.426 -2.462 3.172 -1.476 -2.705 -1.783 -0.836 -1.189 -2.467 -1.848 -2.066
121 D -1.337 1.68 0.544 4.102 -2.197 0.052 0.639 -1.298 -0.348 -2.458 -2.772 2.612 -1.868 -2.826 -2.069 -0.965 -1.28 -2.96 -2.346 -2.418
122 L -1.301 -1.757 -2.818 -3.189 -0.159 -1.738 -2.79 -2.955 -1.563 1.811 3.24 -1.92 4.367 0.656 -3.418 -2.531 -1.301 -1.473 -0.942 1.048
123 I -1.393 -2.995 -3.272 -3.222 -0.15 -3.147 -3.646 -3.469 -2.669 4.348 2.021 -2.658 1.37 0.286 -3.514 -3.084 -1.121 -2.127 -1.261 2.726
124 N -1.213 1.104 3.993 0.45 -1.911 0.216 -0.16 -0.688 0.426 -2.403 -2.66 2.993 -1.655 -2.582 -2.102 -0.474 -0.749 -2.75 -1.925 -2.266
125 F -2.062 -2.283 -2.47 -3.164 -1.557 -2.64 -2.869 -2.903 0.996 -0.213 -0.079 -2.501 -0.207 5.346 -3.837 -2.719 -2.227 1.671 5.356 -0.734
126 V -0.234 -2.486 -2.929 -3.164 0.34 -2.587 -2.894 -2.955 -2.915 3.03 0.945 -2.388 0.832 -0.398 -3.171 -2.284 -0.451 -2.387 -1.285 4.125
127 I -1.377 -3.101 -3.263 -3.181 -0.15 -3.209 -3.687 -3.479 -2.711 4.521 1.677 -2.679 1.271 0.218 -3.505 -3.076 -1.075 -2.185 -1.285 2.86
128 I -1.377 -3.101 -3.263 -3.181 -0.15 -3.209 -3.687 -3.479 -2.711 4.521 1.677 -2.679 1.271 0.218 -3.505 -3.076 -1.075 -2.185 -1.285 2.86
129 L -1.757 -2.382 -3.202 -3.525 -0.466 -2.956 -3.357 -3.221 -1.783 1.586 3.357 -2.702 1.676 3.854 -3.833 -3.119 -1.796 -0.651 0.788 0.709
130 N -1.66 -0.415 5.643 1.281 -1.846 -0.527 -0.725 -0.155 0.968 -2.712 -3.152 -0.296 -2.161 -2.374 -2.588 -0.118 -0.451 -2.966 -2.069 -2.56
131 L -0.814 -2.332 -3.138 -3.383 0.105 -2.614 -3.092 -3.161 -2.599 2.562 2.887 -2.433 1.555 0.282 -3.38 -2.688 -0.961 -1.995 -1.168 2.993
132 S 1.068 -0.741 0.497 -0.249 0.072 -0.57 -0.555 -0.106 -0.46 -1.911 -2.328 -0.285 -1.187 -1.943 -1.475 3.262 1.011 -2.549 -1.756 -1.292
133 F -1.64 -2.042 -2.599 -3.053 -0.709 -2.128 -2.863 -2.725 -0.897 1.015 1.455 -2.232 4.023 4.849 -3.783 -2.479 -1.633 -0.03 1.624 0.337
134 F -2.334 -2.896 -2.86 -3.314 -1.374 -3.864 -3.482 -2.875 -0.828 0.277 0.565 -3.304 0.201 6.515 -4.448 -3.031 -2.371 0.852 2.931 -0.507
135 L -1.91 -2.52 -3.1 -3.463 -0.698 -3.188 -3.393 -3.117 -1.476 1.268 2.795 -2.862 1.326 4.892 -3.996 -3.094 -1.949 -0.136 1.577 0.411
136 L -1.541 -2.186 -3.362 -3.62 -0.15 -2.64 -3.306 -3.383 -2.314 2.005 4.037 -2.478 2.132 0.833 -3.604 -3.158 -1.581 -1.65 -1.056 1.106
137 Q -0.883 1.007 -0.093 -0.357 -1.911 4.883 1.392 -1.479 0.769 -2.24 -1.991 1.222 -0.403 -2.959 -2.151 -0.755 -0.975 -2.185 -1.285 -1.787
138 F -2.334 -2.896 -2.86 -3.314 -1.374 -3.864 -3.482 -2.875 -0.828 0.277 0.565 -3.304 0.201 6.515 -4.448 -3.031 -2.371 0.852 2.931 -0.507
139 I -1.24 -3.033 -3.227 -3.179 -0.097 -3.141 -3.597 -3.422 -2.731 4.402 1.611 -2.648 1.23 0.162 -3.47 -2.987 -1.006 -2.204 -1.285 3.015
140 L -0.814 -2.332 -3.138 -3.383 0.105 -2.614 -3.092 -3.161 -2.599 2.562 2.887 -2.433 1.555 0.282 -3.38 -2.688 -0.961 -1.995 -1.168 2.993
141 V -0.234 -2.486 -2.929 -3.164 0.34 -2.587 -2.894 -2.955 -2.915 3.03 0.945 -2.388 0.832 -0.398 -3.171 -2.284 -0.451 -2.387 -1.285 4.125
142 F -2.062 -2.283 -2.47 -3.164 -1.557 -2.64 -2.869 -2.903 0.996 -0.213 -0.079 -2.501 -0.207 5.346 -3.837 -2.719 -2.227 1.671 5.356 -0.734
143 G -0.246 -2.215 -0.949 -1.417 -1.374 -2.088 -2.18 4.467 -1.528 -2.822 -3.155 -1.402 -2.558 -2.923 4.179 -1.174 -1.677 -3.111 -2.932 -2.562
144 T -0.112 -1.093 -0.139 -1.014 0.122 -1.103 -1.378 -1.329 -1.413 -0.224 -1.057 -0.791 -0.532 -1.58 -1.687 0.705 4.245 -2.185 -1.706 0.229
145 G 0.62 -1.438 0.066 -0.736 -0.541 -1.27 -1.407 4.159 -0.924 -2.49 -2.839 -0.888 -1.833 -2.287 -2.054 1.855 -0.097 -2.494 -2.369 -1.973
146 Y -1.812 -1.777 -2.126 -3.022 -1.752 -1.784 -2.363 -2.932 2.105 -0.804 -0.91 -1.873 -0.682 3.348 -3.333 -2.437 -2.089 2.309 6.655 -0.979
147 Y -1.812 -1.777 -2.126 -3.022 -1.752 -1.784 -2.363 -2.932 2.105 -0.804 -0.91 -1.873 -0.682 3.348 -3.333 -2.437 -2.089 2.309 6.655 -0.979
148 L -1.458 -2.607 -3.312 -3.392 -0.15 -2.911 -3.49 -3.43 -2.505 3.529 3.092 -2.577 1.734 0.542 -3.554 -3.117 -1.317 -1.905 -1.168 2.114
149 D -1.777 -1.588 1.199 5.833 -2.372 -0.872 1.05 -1.124 -0.536 -2.725 -3.491 -0.829 -2.698 -2.92 -2.289 -0.952 -1.413 -3.531 -3.043 -2.864
150 P -0.836 -2.014 -1.934 -1.564 -1.457 -1.933 -1.622 -1.852 -1.608 -2.318 -2.75 -1.064 -2.403 -3.336 6.663 -1.452 -1.348 -4.549 -2.636 -2.162
151 L -1.541 -2.186 -3.362 -3.62 -0.15 -2.64 -3.306 -3.383 -2.314 2.005 4.037 -2.478 2.132 0.833 -3.604 -3.158 -1.581 -1.65 -1.056 1.106
152 Y -1.587 3.335 -1.15 -2.082 -1.967 -0.368 -1.193 -2.401 1.251 -1.531 -1.432 1.247 -0.94 1.701 -2.869 -1.809 -1.71 0.842 4.806 -1.497
153 F 2.231 -2.104 -2.199 -2.388 -0.168 -2.32 -2.188 -0.816 -1.013 -0.224 -0.227 -1.823 -0.286 4.669 -2.595 -0.791 -1.235 -0.348 1.45 -0.166
154 L -1.458 -2.607 -3.312 -3.392 -0.15 -2.911 -3.49 -3.43 -2.505 3.529 3.092 -2.577 1.734 0.542 -3.554 -3.117 -1.317 -1.905 -1.168 2.114
155 T -0.112 -1.093 -0.139 -1.014 0.122 -1.103 -1.378 -1.329 -1.413 -0.224 -1.057 -0.791 -0.532 -1.58 -1.687 0.705 4.245 -2.185 -1.706 0.229
156 G 0.09 -2.358 -0.44 -1.323 -1.32 -2.195 -2.622 5.809 -1.476 -3.215 -3.461 -1.651 -2.667 -2.678 -2.779 -1.002 -1.919 -2.44 -3.148 -2.864
157 E -0.919 -0.122 -0.338 1.518 -2.411 1.346 4.494 -1.95 0.392 -2.764 -2.703 0.677 -1.754 -2.608 -1.882 -0.791 -1.301 -2.387 -1.908 -2.134
158 P -0.587 -2.008 -1.982 -2.171 -0.474 -1.982 -2.026 -2.332 2.014 1.441 -0.34 -1.612 -0.286 -1.307 4.162 -1.852 -0.93 -2.934 -1.203 2.419
159 S 0.254 0.264 0.217 -0.302 -0.752 3.289 0.58 -0.712 0.22 -2.071 -2.155 0.566 -0.768 -2.406 -1.793 1.903 0.186 -2.361 -1.511 -1.529
160 R -1.534 5.51 -0.462 -1.564 -2.259 0.518 -0.561 -2.128 0.098 -2.612 -2.028 2.018 -1.224 -2.472 -2.704 -1.406 -1.454 -2.234 -1.772 -2.162
161 Y -1.812 -1.777 -2.126 -3.022 -1.752 -1.784 -2.363 -2.932 2.105 -0.804 -0.91 -1.873 -0.682 3.348 -3.333 -2.437 -2.089 2.309 6.655 -0.979
162 G -0.332 0.653 -0.353 -1.007 -1.63 -0.32 -0.796 4.042 -0.794 -2.618 -2.786 2.815 -1.856 -2.741 -2.182 -0.941 -1.47 -2.494 -2.389 -2.399
163 G 1.218 -1.364 -0.018 -0.764 -0.328 -1.196 -1.299 3.689 -0.901 -2.215 -2.594 -0.818 -1.652 -2.205 -1.929 1.925 0.005 -2.494 -2.235 -1.609
164 G -0.763 -0.824 3.982 0.329 -1.63 0.395 -0.98 3.639 0.195 -2.849 -3.126 -0.538 -2.105 -2.548 -2.615 -0.505 -1.01 -2.662 -2.352 -2.587
165 F -1.744 -2.576 -2.864 -3.168 -0.702 -2.88 -3.273 -2.979 -1.308 2.449 1.29 -2.654 2.527 4.833 -3.875 -2.81 -1.643 -0.18 1.57 1.188
166 V 0.49 -1.484 -0.735 -1.353 0.209 -1.406 -1.494 -1.193 -1.434 1.508 -0.25 -1.149 -0.005 -1.069 -2.2 1.656 0.372 -2.467 -1.511 2.536
167 I -1.393 -2.995 -3.272 -3.222 -0.15 -3.147 -3.646 -3.469 -2.669 4.348 2.021 -2.658 1.37 0.286 -3.514 -3.084 -1.121 -2.127 -1.261 2.726
168 P -0.836 -2.014 -1.934 -1.564 -1.457 -1.933 -1.622 -1.852 -1.608 -2.318 -2.75 -1.064 -2.403 -3.336 6.663 -1.452 -1.348 -4.549 -2.636 -2.162
169 F -1.097 -2.684 -2.895 -3.238 -0.392 -3.156 -3.173 -2.915 -1.687 1.97 0.761 -2.81 0.534 4.766 -3.74 -2.633 -1.254 -0.335 1.533 2.653
170 I -1.377 -3.101 -3.263 -3.181 -0.15 -3.209 -3.687 -3.479 -2.711 4.521 1.677 -2.679 1.271 0.218 -3.505 -3.076 -1.075 -2.185 -1.285 2.86
171 G 0.09 -2.358 -0.44 -1.323 -1.32 -2.195 -2.622 5.809 -1.476 -3.215 -3.461 -1.651 -2.667 -2.678 -2.779 -1.002 -1.919 -2.44 -3.148 -2.864
172 Y -1.31 -0.061 -0.934 -1.392 -1.83 3.156 0.087 -2.115 1.514 -1.433 -1.4 0.071 -0.539 1.656 -2.682 -1.475 -1.479 0.86 4.833 -1.355
173 I -0.864 -2.839 -3.125 -3.174 0.056 -2.944 -3.343 -3.258 -2.791 4.013 1.406 -2.559 1.103 -0.013 -3.367 -2.733 -0.809 -2.264 -1.285 3.434
174 Y -1.812 -1.777 -2.126 -3.022 -1.752 -1.784 -2.363 -2.932 2.105 -0.804 -0.91 -1.873 -0.682 3.348 -3.333 -2.437 -2.089 2.309 6.655 -0.979
175 R -1.534 5.51 -0.462 -1.564 -2.259 0.518 -0.561 -2.128 0.098 -2.612 -2.028 2.018 -1.224 -2.472 -2.704 -1.406 -1.454 -2.234 -1.772 -2.162
176 P -0.635 -2.601 -2.403 -2.345 7.74 -2.596 -2.55 -2.004 -2.201 -1.417 -1.784 -1.91 -1.665 -2.608 4.756 -1.559 -1.332 -3.818 -2.715 -1.155
177 T -0.112 -1.093 -0.139 -1.014 0.122 -1.103 -1.378 -1.329 -1.413 -0.224 -1.057 -0.791 -0.532 -1.58 -1.687 0.705 4.245 -2.185 -1.706 0.229
178 G 0.09 -2.358 -0.44 -1.323 -1.32 -2.195 -2.622 5.809 -1.476 -3.215 -3.461 -1.651 -2.667 -2.678 -2.779 -1.002 -1.919 -2.44 -3.148 -2.864
179 L -1.91 -2.52 -3.1 -3.463 -0.698 -3.188 -3.393 -3.117 -1.476 1.268 2.795 -2.862 1.326 4.892 -3.996 -3.094 -1.949 -0.136 1.577 0.411
180 F -2.01 -2.174 -2.397 -3.135 -1.595 -2.447 -2.76 -2.909 1.254 -0.322 -0.228 -2.364 -0.296 5.042 -3.729 -2.66 -2.199 1.81 5.667 -0.781
181 E -0.919 -0.122 -0.338 1.518 -2.411 1.346 4.494 -1.95 0.392 -2.764 -2.703 0.677 -1.754 -2.608 -1.882 -0.791 -1.301 -2.387 -1.908 -2.134
182 E -0.919 -0.122 -0.338 1.518 -2.411 1.346 4.494 -1.95 0.392 -2.764 -2.703 0.677 -1.754 -2.608 -1.882 -0.791 -1.301 -2.387 -1.908 -2.134
183 P -0.836 -2.014 -1.934 -1.564 -1.457 -1.933 -1.622 -1.852 -1.608 -2.318 -2.75 -1.064 -2.403 -3.336 6.663 -1.452 -1.348 -4.549 -2.636 -2.162
184 S 1.068 -0.741 0.497 -0.249 0.072 -0.57 -0.555 -0.106 -0.46 -1.911 -2.328 -0.285 -1.187 -1.943 -1.475 3.262 1.011 -2.549 -1.756 -1.292
185 T -0.112 -1.093 -0.139 -1.014 0.122 -1.103 -1.378 -1.329 -1.413 -0.224 -1.057 -0.791 -0.532 -1.58 -1.687 0.705 4.245 -2.185 -1.706 0.229
186 Y -1.812 -1.777 -2.126 -3.022 -1.752 -1.784 -2.363 -2.932 2.105 -0.804 -0.91 -1.873 -0.682 3.348 -3.333 -2.437 -2.089 2.309 6.655 -0.979
187 S 2.249 -0.944 0.001 -0.61 0.268 -0.775 -0.759 0.046 -0.666 -1.542 -1.988 -0.443 -1.089 -1.914 -1.475 2.666 0.651 -2.516 -1.756 -0.784
188 G 2.597 -1.888 -0.987 -1.499 -0.15 -1.725 -1.885 4.218 -1.341 -1.783 -2.197 -1.222 -1.633 -2.233 -2.054 -0.183 -1.075 -2.44 -2.369 -0.989
189 F -2.334 -2.896 -2.86 -3.314 -1.374 -3.864 -3.482 -2.875 -0.828 0.277 0.565 -3.304 0.201 6.515 -4.448 -3.031 -2.371 0.852 2.931 -0.507
190 I -1.346 -2.875 -3.159 -3.142 -0.152 -2.905 -3.522 -3.376 -2.481 4.331 1.726 -2.53 2.137 0.244 -3.477 -2.951 -1.072 -2.084 -1.236 2.719
191 I 0.19 -2.648 -2.928 -2.985 0.144 -2.711 -3.031 -2.592 -2.595 3.707 1.194 -2.324 0.938 -0.178 -3.099 -2.176 -0.743 -2.289 -1.329 3.286
192 L -0.814 -2.332 -3.138 -3.383 0.105 -2.614 -3.092 -3.161 -2.599 2.562 2.887 -2.433 1.555 0.282 -3.38 -2.688 -0.961 -1.995 -1.168 2.993
193 L -1.541 -2.186 -3.362 -3.62 -0.15 -2.64 -3.306 -3.383 -2.314 2.005 4.037 -2.478 2.132 0.833 -3.604 -3.158 -1.581 -1.65 -1.056 1.106
194 L -1.458 -2.607 -3.312 -3.392 -0.15 -2.911 -3.49 -3.43 -2.505 3.529 3.092 -2.577 1.734 0.542 -3.554 -3.117 -1.317 -1.905 -1.168 2.114
195 A 2.831 -1.089 -0.385 -0.879 0.392 -0.921 -0.903 0.144 -0.811 -1.32 -1.781 -0.553 -1.026 -1.895 -1.475 2.187 0.383 -2.494 -1.756 -0.489
196 A 2.767 -1.288 -0.673 -1.129 3.932 -1.134 -1.136 0.006 -1.006 -1.204 -1.652 -0.758 -1.015 -1.903 -1.609 1.822 0.177 -2.555 -1.844 -0.412
197 R -1.159 4.281 -0.363 -1.112 -2.115 0.666 -0.091 -1.708 -0.067 -2.357 -2.132 3.511 -1.224 -2.634 -2.151 -1.132 -1.262 -2.387 -1.78 -2.079
198 L -1.673 -1.975 -2.678 -3.306 -0.841 -2.18 -2.796 -3.148 0.67 0.93 2.515 -2.16 1.056 2.356 -3.466 -2.775 -1.824 0.961 4.848 0.248
199 Y -1.812 -1.777 -2.126 -3.022 -1.752 -1.784 -2.363 -2.932 2.105 -0.804 -0.91 -1.873 -0.682 3.348 -3.333 -2.437 -2.089 2.309 6.655 -0.979
200 L -1.541 -2.186 -3.362 -3.62 -0.15 -2.64 -3.306 -3.383 -2.314 2.005 4.037 -2.478 2.132 0.833 -3.604 -3.158 -1.581 -1.65 -1.056 1.106
201 D -1.718 -0.942 4.203 4.375 -2.097 -0.694 0.297 -0.599 0.313 -2.719 -3.316 -0.55 -2.417 -2.634 -2.435 -0.505 -0.892 -3.235 -2.515 -2.708
202 P -1.219 -1.105 3.844 0.196 -1.645 -1.145 -1.139 -0.88 -0.041 -2.508 -2.944 -0.654 -2.28 -2.815 4.777 -0.708 -0.865 -3.65 -2.338 -2.354
203 K -0.826 2.094 -0.268 -0.722 -1.977 0.807 0.313 -1.342 -0.243 -2.123 -2.24 4.49 -1.224 -2.806 -1.687 -0.881 -1.082 -2.549 -1.789 -1.999
204 V -0.749 -2.777 -3.091 -3.173 0.105 -2.882 -3.263 -3.205 -2.811 3.871 1.334 -2.53 1.06 -0.074 -3.333 -2.653 -0.746 -2.284 -1.285 3.561
205 D -1.777 -1.588 1.199 5.833 -2.372 -0.872 1.05 -1.124 -0.536 -2.725 -3.491 -0.829 -2.698 -2.92 -2.289 -0.952 -1.413 -3.531 -3.043 -2.864
206 N -1.286 1.904 3.988 0.401 -1.937 0.182 -0.25 -0.743 0.454 -2.453 -2.635 2.7 -1.655 -2.549 -2.203 -0.516 -0.781 -2.715 -1.924 -2.283
207 I -0.998 -2.804 -3.168 -3.217 0.006 -2.95 -3.388 -3.302 -2.728 3.951 1.843 -2.568 1.249 0.118 -3.41 -2.822 -0.917 -2.185 -1.261 3.186
208 L -0.814 -2.332 -3.138 -3.383 0.105 -2.614 -3.092 -3.161 -2.599 2.562 2.887 -2.433 1.555 0.282 -3.38 -2.688 -0.961 -1.995 -1.168 2.993
209 L -1.132 0.625 -1.409 -1.771 -0.922 -0.478 -0.994 -2.198 -1.146 1.694 1.701 2.731 0.681 -0.625 -2.475 -1.79 -1.221 -2.18 -1.449 0.595
210 I 0.098 -2.614 -2.968 -3.025 0.095 -2.716 -3.071 -2.628 -2.536 3.638 1.662 -2.332 1.092 -0.039 -3.138 -2.249 -0.848 -2.209 -1.305 3.024
211 A 2.097 -1.288 -0.521 -1.071 3.904 -1.15 -1.172 -0.283 -1.046 -0.482 -1.375 -0.814 -0.81 -1.727 -1.746 2.002 0.321 -2.56 -1.792 0.375
212 A 2.532 -1.942 -2.227 -2.332 0.515 -1.885 -1.987 -0.835 -1.939 1.702 0.029 -1.517 0.103 -1.033 -2.2 -0.601 -0.437 -2.414 -1.511 2.772
213 F 1.195 -2.429 -2.512 -2.701 -0.368 -2.742 -2.669 -1.542 -1.24 1.588 0.417 -2.23 0.191 4.732 -3.06 -1.498 -1.394 -0.322 1.483 0.697
214 S 1.068 -0.741 0.497 -0.249 0.072 -0.57 -0.555 -0.106 -0.46 -1.911 -2.328 -0.285 -1.187 -1.943 -1.475 3.262 1.011 -2.549 -1.756 -1.292
215 V -0.749 -2.777 -3.091 -3.173 0.105 -2.882 -3.263 -3.205 -2.811 3.871 1.334 -2.53 1.06 -0.074 -3.333 -2.653 -0.746 -2.284 -1.285 3.561
216 L -1.458 -2.607 -3.312 -3.392 -0.15 -2.911 -3.49 -3.43 -2.505 3.529 3.092 -2.577 1.734 0.542 -3.554 -3.117 -1.317 -1.905 -1.168 2.114
217 L -1.491 -2.095 -3.245 -3.529 -0.152 -2.436 -3.195 -3.292 -2.147 1.967 3.895 -2.357 2.739 0.798 -3.566 -3.022 -1.522 -1.614 -1.033 1.094
218 S 1.068 -0.741 0.497 -0.249 0.072 -0.57 -0.555 -0.106 -0.46 -1.911 -2.328 -0.285 -1.187 -1.943 -1.475 3.262 1.011 -2.549 -1.756 -1.292
219 F -2.334 -2.896 -2.86 -3.314 -1.374 -3.864 -3.482 -2.875 -0.828 0.277 0.565 -3.304 0.201 6.515 -4.448 -3.031 -2.371 0.852 2.931 -0.507
220 S 1.068 -0.741 0.497 -0.249 0.072 -0.57 -0.555 -0.106 -0.46 -1.911 -2.328 -0.285 -1.187 -1.943 -1.475 3.262 1.011 -2.549 -1.756 -1.292
221 V -0.234 -2.486 -2.929 -3.164 0.34 -2.587 -2.894 -2.955 -2.915 3.03 0.945 -2.388 0.832 -0.398 -3.171 -2.284 -0.451 -2.387 -1.285 4.125
222 A 3.918 -1.484 -1.662 -1.687 0.68 -1.32 -1.298 0.374 -1.211 -0.83 -1.321 -0.849 -0.874 -1.848 -1.475 0.455 -0.422 -2.44 -1.756 0.139
223 A 2.831 -1.089 -0.385 -0.879 0.392 -0.921 -0.903 0.144 -0.811 -1.32 -1.781 -0.553 -1.026 -1.895 -1.475 2.187 0.383 -2.494 -1.756 -0.489
224 I -1.377 -3.101 -3.263 -3.181 -0.15 -3.209 -3.687 -3.479 -2.711 4.521 1.677 -2.679 1.271 0.218 -3.505 -3.076 -1.075 -2.185 -1.285 2.86
225 I 1.431 -2.446 -2.316 -2.438 0.036 -2.409 -2.653 0.69 -2.049 3.295 0.741 -1.903 0.51 -0.487 -2.672 -1.34 -0.932 -2.284 -1.566 1.954
226 Y -1.812 -1.777 -2.126 -3.022 -1.752 -1.784 -2.363 -2.932 2.105 -0.804 -0.91 -1.873 -0.682 3.348 -3.333 -2.437 -2.089 2.309 6.655 -0.979
227 G 0.09 -2.358 -0.44 -1.323 -1.32 -2.195 -2.622 5.809 -1.476 -3.215 -3.461 -1.651 -2.667 -2.678 -2.779 -1.002 -1.919 -2.44 -3.148 -2.864
228 F -1.464 -2.316 -2.441 -2.913 -0.67 -2.843 -2.954 -2.609 -1.288 0.978 2.37 -2.509 1.052 4.848 -3.656 -1.386 -1.507 -0.182 1.552 0.195
229 I -1.24 -3.033 -3.227 -3.179 -0.097 -3.141 -3.597 -3.422 -2.731 4.402 1.611 -2.648 1.23 0.162 -3.47 -2.987 -1.006 -2.204 -1.285 3.015
230 V -0.532 -2.657 -3.025 -3.169 0.201 -2.76 -3.11 -3.103 -2.852 3.563 1.185 -2.472 0.971 -0.199 -3.267 -2.5 -0.625 -2.325 -1.285 3.8
231 L -1.458 -2.607 -3.312 -3.392 -0.15 -2.911 -3.49 -3.43 -2.505 3.529 3.092 -2.577 1.734 0.542 -3.554 -3.117 -1.317 -1.905 -1.168 2.114
232 L -0.775 -2.254 -1.829 -2.476 -0.563 -2.454 -3.012 3.339 -1.949 0.83 2.703 -2.118 1.002 -0.121 -3.246 -2.097 -1.711 -1.941 -1.723 0.081
233 Y -1.586 -2.364 -2.638 -3.1 -0.841 -2.409 -2.95 -3.193 0.603 2.944 0.664 -2.248 0.457 2.188 -3.418 -2.739 -1.538 0.86 4.833 1.537
234 F -2.334 -2.896 -2.86 -3.314 -1.374 -3.864 -3.482 -2.875 -0.828 0.277 0.565 -3.304 0.201 6.515 -4.448 -3.031 -2.371 0.852 2.931 -0.507
235 Y -1.822 -2.094 -2.593 -3.248 -1.107 -2.356 -2.825 -3.048 0.804 0.525 1.734 -2.291 0.615 3.933 -3.609 -2.752 -1.978 1.266 5.062 -0.106
236 L -1.537 3.704 -1.562 -2.412 -1.016 -0.649 -1.618 -2.688 -0.863 0.536 2.37 0.57 0.917 -0.37 -3.119 -2.151 -1.516 -1.927 -1.392 -0.088
237 K -1.021 3.591 -0.325 -0.95 -2.059 0.723 0.078 -1.556 -0.136 -2.261 -2.175 3.943 -1.224 -2.702 -1.956 -1.029 -1.189 -2.451 -1.784 -2.047
238 T 0.538 -0.911 0.197 -0.606 0.097 -0.824 -0.937 -0.653 -0.897 -0.946 -1.623 -0.527 -0.841 -1.756 -1.579 2.258 3.059 -2.361 -1.731 -0.432
239 N -1.213 1.104 3.993 0.45 -1.911 0.216 -0.16 -0.688 0.426 -2.403 -2.66 2.993 -1.655 -2.582 -2.102 -0.474 -0.749 -2.75 -1.925 -2.266
240 N 0.074 -1.11 3.901 0.217 -1.299 -1.131 -1.255 2.263 -0.001 -2.466 -2.882 -0.728 -2.138 -2.543 2.47 -0.438 -0.86 -3.038 -2.33 -2.121
241 S 1.068 -0.741 0.497 -0.249 0.072 -0.57 -0.555 -0.106 -0.46 -1.911 -2.328 -0.285 -1.187 -1.943 -1.475 3.262 1.011 -2.549 -1.756 -1.292
242 Y -1.812 -1.777 -2.126 -3.022 -1.752 -1.784 -2.363 -2.932 2.105 -0.804 -0.91 -1.873 -0.682 3.348 -3.333 -2.437 -2.089 2.309 6.655 -0.979
243 L -1.458 -2.607 -3.312 -3.392 -0.15 -2.911 -3.49 -3.43 -2.505 3.529 3.092 -2.577 1.734 0.542 -3.554 -3.117 -1.317 -1.905 -1.168 2.114
244 K -0.826 2.094 -0.268 -0.722 -1.977 0.807 0.313 -1.342 -0.243 -2.123 -2.24 4.49 -1.224 -2.806 -1.687 -0.881 -1.082 -2.549 -1.789 -1.999
245 Y -1.812 -1.777 -2.126 -3.022 -1.752 -1.784 -2.363 -2.932 2.105 -0.804 -0.91 -1.873 -0.682 3.348 -3.333 -2.437 -2.089 2.309 6.655 -0.979
246 L -1.458 -2.607 -3.312 -3.392 -0.15 -2.911 -3.49 -3.43 -2.505 3.529 3.092 -2.577 1.734 0.542 -3.554 -3.117 -1.317 -1.905 -1.168 2.114
247 L -1.891 -2.609 -3.091 -3.419 -0.698 -3.251 -3.43 -3.126 -1.504 1.745 2.535 -2.884 1.225 4.878 -3.984 -3.086 -1.886 -0.165 1.568 0.702
248 F -2.334 -2.896 -2.86 -3.314 -1.374 -3.864 -3.482 -2.875 -0.828 0.277 0.565 -3.304 0.201 6.515 -4.448 -3.031 -2.371 0.852 2.931 -0.507
249 L -1.507 -2.347 -3.342 -3.527 -0.15 -2.745 -3.378 -3.402 -2.389 2.713 3.695 -2.517 1.98 0.72 -3.584 -3.142 -1.472 -1.75 -1.1 1.552
250 L -1.91 -2.52 -3.1 -3.463 -0.698 -3.188 -3.393 -3.117 -1.476 1.268 2.795 -2.862 1.326 4.892 -3.996 -3.094 -1.949 -0.136 1.577 0.411
251 L 0.049 -1.374 -0.83 -1.468 -0.037 -1.423 -1.614 -1.302 -1.24 0.666 2.339 -1.178 0.926 -0.233 -2.348 1.558 -0.003 -2.065 -1.385 0.149
252 P -0.836 -2.014 -1.934 -1.564 -1.457 -1.933 -1.622 -1.852 -1.608 -2.318 -2.75 -1.064 -2.403 -3.336 6.663 -1.452 -1.348 -4.549 -2.636 -2.162
253 V -0.567 -2.393 -3.053 -3.294 0.201 -2.603 -3.011 -3.077 -2.721 2.758 2.258 -2.415 1.287 0.029 -3.295 -2.52 -0.746 -2.146 -1.214 3.5
254 L -0.296 -2.17 -3.089 -3.328 -0.154 -2.573 -3.045 -2.655 -2.002 1.676 3.554 -2.334 1.785 2.108 -3.372 -2.505 -1.508 -1.339 -0.351 0.892
255 L 0.143 -2.221 -2.972 -3.182 0.144 -2.457 -2.873 -2.557 -2.398 2.301 2.806 -2.233 1.453 0.191 -3.142 -2.205 -0.958 -2.0 -1.21 2.654
256 A 2.345 -2.18 -2.353 -2.338 0.295 -2.113 -2.252 -0.952 -1.865 2.941 0.551 -1.621 0.394 -0.634 -2.315 -0.801 -0.73 -2.31 -1.511 1.809
257 F 1.759 -2.262 -2.351 -2.54 -0.267 -2.523 -2.419 -1.156 -1.125 0.822 0.113 -2.019 -0.038 4.701 -2.818 -1.123 -1.313 -0.335 1.467 0.297
258 L -1.054 -2.439 -3.206 -3.387 0.006 -2.729 -3.245 -3.266 -2.561 2.989 2.971 -2.489 1.628 0.389 -3.448 -2.852 -1.098 -1.959 -1.168 2.673
259 I -0.156 -2.892 -3.056 -2.991 -0.056 -2.954 -3.337 -2.766 -2.521 4.267 1.484 -2.434 1.116 0.066 -3.224 -2.456 -1.002 -2.209 -1.329 2.678
260 Y 0.407 -1.607 -1.009 -1.772 -0.905 -1.521 -1.833 1.979 0.957 -1.369 -1.584 -1.334 -1.111 1.743 -2.546 0.256 -0.966 0.811 4.784 -1.186
261 I -1.377 -3.101 -3.263 -3.181 -0.15 -3.209 -3.687 -3.479 -2.711 4.521 1.677 -2.679 1.271 0.218 -3.505 -3.076 -1.075 -2.185 -1.285 2.86
262 G 2.597 -1.888 -0.987 -1.499 -0.15 -1.725 -1.885 4.218 -1.341 -1.783 -2.197 -1.222 -1.633 -2.233 -2.054 -0.183 -1.075 -2.44 -2.369 -0.989
263 L -1.524 -2.266 -3.352 -3.573 -0.15 -2.692 -3.341 -3.392 -2.351 2.381 3.872 -2.497 2.057 0.777 -3.594 -3.15 -1.526 -1.7 -1.078 1.338
264 E -1.067 -0.215 0.064 2.953 -2.349 1.707 3.831 -1.717 0.271 -2.7 -2.761 0.497 -1.742 -2.702 -1.985 -0.819 -1.288 -2.56 -2.029 -2.228
265 R -1.534 5.51 -0.462 -1.564 -2.259 0.518 -0.561 -2.128 0.098 -2.612 -2.028 2.018 -1.224 -2.472 -2.704 -1.406 -1.454 -2.234 -1.772 -2.162
266 L -1.541 -2.186 -3.362 -3.62 -0.15 -2.64 -3.306 -3.383 -2.314 2.005 4.037 -2.478 2.132 0.833 -3.604 -3.158 -1.581 -1.65 -1.056 1.106
267 G -0.128 -1.565 1.203 -0.817 -0.693 -1.523 -1.846 4.065 -1.093 -1.606 -2.231 -1.128 -1.58 -2.161 -2.275 -0.118 2.119 -2.382 -2.381 -1.201
268 S 1.068 -0.741 0.497 -0.249 0.072 -0.57 -0.555 -0.106 -0.46 -1.911 -2.328 -0.285 -1.187 -1.943 -1.475 3.262 1.011 -2.549 -1.756 -1.292
269 L -1.25 -1.072 -1.919 -2.069 -0.576 1.812 -1.075 -2.707 -1.127 3.106 1.783 -0.867 1.085 -0.26 -3.045 -2.178 -1.138 -2.07 -1.238 1.7
270 G -0.695 -1.947 0.494 4.065 -1.799 -1.458 -0.237 4.059 -0.968 -2.96 -3.476 -1.211 -2.682 -2.796 -2.524 -0.977 -1.655 -2.934 -3.095 -2.864
271 G 0.093 -2.355 -0.437 -1.32 -1.317 -2.193 -2.619 5.807 -1.473 -3.213 -3.458 -1.648 -2.664 -2.675 -2.777 -0.999 -1.916 -2.437 -3.145 -2.861
272 T -0.801 -0.958 3.072 2.44 -0.763 -0.873 -0.533 -0.887 -0.329 -1.209 -1.96 -0.64 -1.305 -2.037 -2.05 0.196 2.708 -2.639 -2.041 -0.873
273 A 3.918 -1.484 -1.662 -1.687 0.68 -1.32 -1.298 0.374 -1.211 -0.83 -1.321 -0.849 -0.874 -1.848 -1.475 0.455 -0.422 -2.44 -1.756 0.139
274 T -0.472 0.144 -0.116 -0.667 -0.719 3.224 0.327 -1.403 -0.12 -1.059 -1.486 0.388 -0.467 -2.188 -1.91 0.066 2.682 -2.185 -1.488 -0.606
275 D -0.017 -1.134 0.869 4.164 -0.898 -0.717 0.358 -0.57 -0.498 -2.29 -2.852 -0.544 -1.844 -2.39 -1.854 1.864 0.046 -2.998 -2.328 -1.973
276 L -1.458 -2.607 -3.312 -3.392 -0.15 -2.911 -3.49 -3.43 -2.505 3.529 3.092 -2.577 1.734 0.542 -3.554 -3.117 -1.317 -1.905 -1.168 2.114
277 R -1.534 5.51 -0.462 -1.564 -2.259 0.518 -0.561 -2.128 0.098 -2.612 -2.028 2.018 -1.224 -2.472 -2.704 -1.406 -1.454 -2.234 -1.772 -2.162
278 S 1.011 -1.042 0.582 3.043 -0.39 -0.726 -0.028 -0.319 -0.55 -1.994 -2.5 -0.492 -1.526 -2.193 -1.696 2.263 0.332 -2.798 -2.085 -1.476
279 N -1.66 -0.415 5.643 1.281 -1.846 -0.527 -0.725 -0.155 0.968 -2.712 -3.152 -0.296 -2.161 -2.374 -2.588 -0.118 -0.451 -2.966 -2.069 -2.56
280 L -1.541 -2.186 -3.362 -3.62 -0.15 -2.64 -3.306 -3.383 -2.314 2.005 4.037 -2.478 2.132 0.833 -3.604 -3.158 -1.581 -1.65 -1.056 1.106
281 L -1.6 -1.167 3.767 -0.234 -0.875 -1.394 -1.736 -1.339 -0.229 0.519 2.267 -1.185 0.72 -0.346 -3.051 -1.255 -0.961 -2.234 -1.518 -0.18
282 L 1.448 -1.721 -1.914 -2.301 0.176 -1.851 -2.152 -1.368 -1.757 0.995 2.471 -1.535 1.042 -0.175 -2.404 -0.74 1.01 -1.973 -1.376 0.678
283 K -0.95 0.85 -1.128 -1.582 -0.933 0.025 -0.722 -1.896 -0.583 0.304 0.708 2.837 3.869 -0.728 -2.361 -1.393 -1.064 -1.861 -1.271 -0.134
284 V -0.234 -2.486 -2.929 -3.164 0.34 -2.587 -2.894 -2.955 -2.915 3.03 0.945 -2.388 0.832 -0.398 -3.171 -2.284 -0.451 -2.387 -1.285 4.125
285 F -2.334 -2.896 -2.86 -3.314 -1.374 -3.864 -3.482 -2.875 -0.828 0.277 0.565 -3.304 0.201 6.515 -4.448 -3.031 -2.371 0.852 2.931 -0.507
286 A 2.413 -0.723 -0.925 0.339 -0.47 0.311 2.858 -0.56 -0.299 -1.638 -1.93 0.014 -1.28 -2.203 -1.671 -0.101 -0.828 -2.414 -1.831 -0.78
287 Q -0.883 1.007 -0.093 -0.357 -1.911 4.883 1.392 -1.479 0.769 -2.24 -1.991 1.222 -0.403 -2.959 -2.151 -0.755 -0.975 -2.185 -1.285 -1.787
288 D -1.295 -0.008 0.625 4.152 -2.133 3.251 1.226 -1.296 0.19 -2.473 -2.645 0.375 -1.328 -2.939 -2.219 -0.852 -1.186 -2.78 -2.032 -2.276
289 L -1.161 0.684 -1.419 -1.822 -0.922 -0.43 -0.963 -2.186 -1.096 0.624 2.348 2.737 0.917 -0.447 -2.489 -1.801 -1.321 -2.065 -1.399 -0.048
290 P -1.167 -2.099 -2.56 -2.412 -0.73 -2.265 -2.343 -2.517 -1.939 0.587 2.3 -1.685 0.677 -0.556 4.744 -2.181 -1.462 -2.75 -1.739 -0.088
291 E -1.139 -1.243 -1.445 0.035 -1.065 -0.113 2.659 -2.614 -0.761 2.743 0.249 -0.538 0.138 -0.862 -2.58 -1.713 -1.186 -2.284 -1.58 1.331
292 L -1.458 -2.607 -3.312 -3.392 -0.15 -2.911 -3.49 -3.43 -2.505 3.529 3.092 -2.577 1.734 0.542 -3.554 -3.117 -1.317 -1.905 -1.168 2.114
293 L -1.458 -2.607 -3.312 -3.392 -0.15 -2.911 -3.49 -3.43 -2.505 3.529 3.092 -2.577 1.734 0.542 -3.554 -3.117 -1.317 -1.905 -1.168 2.114
294 F -2.334 -2.896 -2.86 -3.314 -1.374 -3.864 -3.482 -2.875 -0.828 0.277 0.565 -3.304 0.201 6.515 -4.448 -3.031 -2.371 0.852 2.931 -0.507
295 G 0.09 -2.358 -0.44 -1.323 -1.32 -2.195 -2.622 5.809 -1.476 -3.215 -3.461 -1.651 -2.667 -2.678 -2.779 -1.002 -1.919 -2.44 -3.148 -2.864
296 N -1.66 -0.415 5.643 1.281 -1.846 -0.527 -0.725 -0.155 0.968 -2.712 -3.152 -0.296 -2.161 -2.374 -2.588 -0.118 -0.451 -2.966 -2.069 -2.56
297 G 0.09 -2.358 -0.44 -1.323 -1.32 -2.195 -2.622 5.809 -1.476 -3.215 -3.461 -1.651 -2.667 -2.678 -2.779 -1.002 -1.919 -2.44 -3.148 -2.864
298 A 2.388 -1.433 -1.99 -2.196 0.287 -1.182 -1.778 -0.741 -1.087 0.636 0.896 -1.135 3.901 -0.464 -2.226 -0.524 -0.717 -1.818 -1.257 0.595
299 L -1.541 -2.186 -3.362 -3.62 -0.15 -2.64 -3.306 -3.383 -2.314 2.005 4.037 -2.478 2.132 0.833 -3.604 -3.158 -1.581 -1.65 -1.056 1.106
300 G 0.09 -2.358 -0.44 -1.323 -1.32 -2.195 -2.622 5.809 -1.476 -3.215 -3.461 -1.651 -2.667 -2.678 -2.779 -1.002 -1.919 -2.44 -3.148 -2.864
301 V -0.749 -2.777 -3.091 -3.173 0.105 -2.882 -3.263 -3.205 -2.811 3.871 1.334 -2.53 1.06 -0.074 -3.333 -2.653 -0.746 -2.284 -1.285 3.561
302 I -1.225 -2.116 -2.776 -2.991 -0.159 -1.933 -2.944 -2.996 -1.71 3.416 1.915 -2.001 4.19 0.346 -3.37 -2.498 -1.06 -1.712 -1.05 2.074
303 P -0.836 -2.014 -1.934 -1.564 -1.457 -1.933 -1.622 -1.852 -1.608 -2.318 -2.75 -1.064 -2.403 -3.336 6.663 -1.452 -1.348 -4.549 -2.636 -2.162
304 A 2.831 -1.089 -0.385 -0.879 0.392 -0.921 -0.903 0.144 -0.811 -1.32 -1.781 -0.553 -1.026 -1.895 -1.475 2.187 0.383 -2.494 -1.756 -0.489
305 L 2.323 -1.814 -2.389 -2.495 0.295 -1.905 -2.131 -0.932 -1.71 0.922 2.456 -1.55 1.004 -0.207 -2.348 -0.82 -0.944 -2.018 -1.385 0.663
306 A 2.831 -1.089 -0.385 -0.879 0.392 -0.921 -0.903 0.144 -0.811 -1.32 -1.781 -0.553 -1.026 -1.895 -1.475 2.187 0.383 -2.494 -1.756 -0.489
307 E -1.028 -0.698 -0.413 1.858 -2.14 0.49 3.284 0.512 0.633 -2.283 -2.362 -0.016 -1.655 -0.126 -2.247 -1.093 -1.513 -0.718 2.509 -1.983
308 Y -0.916 -2.11 -2.5 -3.092 -0.52 -2.158 -2.616 -2.944 0.571 1.708 0.164 -2.119 0.173 2.045 -3.251 -2.36 -1.156 0.826 4.833 2.579
309 L -1.08 -1.383 -2.36 -2.814 -0.168 -1.051 -2.353 -2.583 -0.968 1.603 2.135 -1.452 5.611 0.468 -3.242 -2.016 -1.046 -1.306 -0.832 0.99
310 N -1.213 1.104 3.993 0.45 -1.911 0.216 -0.16 -0.688 0.426 -2.403 -2.66 2.993 -1.655 -2.582 -2.102 -0.474 -0.749 -2.75 -1.925 -2.266
311 S 0.465 -0.735 2.422 0.012 -0.209 -0.657 -0.734 -0.32 -0.257 -1.606 -2.154 -0.379 -1.202 -1.943 -1.707 2.403 1.84 -2.546 -1.803 -1.1
312 S 0.652 -0.877 0.259 -0.531 0.092 -0.771 -0.857 -0.535 -0.804 -1.115 -1.751 -0.477 -0.907 -1.793 -1.558 2.489 2.75 -2.398 -1.736 -0.585
313 G 0.09 -2.358 -0.44 -1.323 -1.32 -2.195 -2.622 5.809 -1.476 -3.215 -3.461 -1.651 -2.667 -2.678 -2.779 -1.002 -1.919 -2.44 -3.148 -2.864
314 N 1.841 -0.796 4.318 0.424 -0.563 -0.818 -0.941 0.069 0.281 -1.808 -2.276 -0.504 -1.576 -2.152 -2.09 0.125 -0.44 -2.744 -1.939 -1.17
315 L -1.183 -2.494 -3.241 -3.389 -0.045 -2.788 -3.324 -3.32 -2.542 3.18 3.012 -2.518 1.664 0.441 -3.483 -2.938 -1.169 -1.941 -1.168 2.499
316 W -2.312 -2.277 -2.756 -3.368 -1.941 -2.63 -2.863 -2.624 0.3 -0.987 -0.852 -2.57 -0.746 3.703 -4.448 -2.987 -2.436 8.744 4.418 -1.415
317 A 2.383 2.194 -0.883 -1.245 -0.376 1.655 -0.244 -0.478 -0.341 -1.494 -1.664 1.273 -0.87 -2.253 -1.838 -0.191 -0.776 -2.356 -1.661 -0.729
318 L 2.323 -1.814 -2.389 -2.495 0.295 -1.905 -2.131 -0.932 -1.71 0.922 2.456 -1.55 1.004 -0.207 -2.348 -0.82 -0.944 -2.018 -1.385 0.663
319 G 0.09 -2.358 -0.44 -1.323 -1.32 -2.195 -2.622 5.809 -1.476 -3.215 -3.461 -1.651 -2.667 -2.678 -2.779 -1.002 -1.919 -2.44 -3.148 -2.864
320 V -0.749 -2.777 -3.091 -3.173 0.105 -2.882 -3.263 -3.205 -2.811 3.871 1.334 -2.53 1.06 -0.074 -3.333 -2.653 -0.746 -2.284 -1.285 3.561
321 A 3.918 -1.484 -1.662 -1.687 0.68 -1.32 -1.298 0.374 -1.211 -0.83 -1.321 -0.849 -0.874 -1.848 -1.475 0.455 -0.422 -2.44 -1.756 0.139
322 A 2.831 -1.089 -0.385 -0.879 0.392 -0.921 -0.903 0.144 -0.811 -1.32 -1.781 -0.553 -1.026 -1.895 -1.475 2.187 0.383 -2.494 -1.756 -0.489
323 L -1.611 -2.25 -3.308 -3.588 -0.252 -2.742 -3.323 -3.328 -2.126 1.872 3.828 -2.551 1.988 2.218 -3.679 -3.145 -1.651 -1.277 -0.303 0.98
324 N -1.66 -0.415 5.643 1.281 -1.846 -0.527 -0.725 -0.155 0.968 -2.712 -3.152 -0.296 -2.161 -2.374 -2.588 -0.118 -0.451 -2.966 -2.069 -2.56
325 D -1.777 -1.588 1.199 5.833 -2.372 -0.872 1.05 -1.124 -0.536 -2.725 -3.491 -0.829 -2.698 -2.92 -2.289 -0.952 -1.413 -3.531 -3.043 -2.864
326 N -1.66 -0.415 5.643 1.281 -1.846 -0.527 -0.725 -0.155 0.968 -2.712 -3.152 -0.296 -2.161 -2.374 -2.588 -0.118 -0.451 -2.966 -2.069 -2.56
327 G 0.09 -2.358 -0.44 -1.323 -1.32 -2.195 -2.622 5.809 -1.476 -3.215 -3.461 -1.651 -2.667 -2.678 -2.779 -1.002 -1.919 -2.44 -3.148 -2.864
328 L -1.301 -1.757 -2.818 -3.189 -0.159 -1.738 -2.79 -2.955 -1.563 1.811 3.24 -1.92 4.367 0.656 -3.418 -2.531 -1.301 -1.473 -0.942 1.048
329 W -2.65 -2.383 -3.166 -3.62 -2.334 -2.824 -2.969 -2.366 -1.134 -1.854 -1.65 -2.791 -1.28 1.128 -5.408 -3.355 -2.695 10.61 2.169 -2.228
330 L -1.541 -2.186 -3.362 -3.62 -0.15 -2.64 -3.306 -3.383 -2.314 2.005 4.037 -2.478 2.132 0.833 -3.604 -3.158 -1.581 -1.65 -1.056 1.106
331 F -2.334 -2.896 -2.86 -3.314 -1.374 -3.864 -3.482 -2.875 -0.828 0.277 0.565 -3.304 0.201 6.515 -4.448 -3.031 -2.371 0.852 2.931 -0.507
332 F -1.816 -2.997 -3.054 -3.247 -0.698 -3.518 -3.583 -3.161 -1.619 3.118 1.174 -2.975 0.786 4.823 -3.938 -3.053 -1.651 -0.284 1.533 1.642
333 I -1.377 -3.101 -3.263 -3.181 -0.15 -3.209 -3.687 -3.479 -2.711 4.521 1.677 -2.679 1.271 0.218 -3.505 -3.076 -1.075 -2.185 -1.285 2.86
334 I -1.377 -3.101 -3.263 -3.181 -0.15 -3.209 -3.687 -3.479 -2.711 4.521 1.677 -2.679 1.271 0.218 -3.505 -3.076 -1.075 -2.185 -1.285 2.86
335 K -0.826 2.094 -0.268 -0.722 -1.977 0.807 0.313 -1.342 -0.243 -2.123 -2.24 4.49 -1.224 -2.806 -1.687 -0.881 -1.082 -2.549 -1.789 -1.999
336 F -2.334 -2.896 -2.86 -3.314 -1.374 -3.864 -3.482 -2.875 -0.828 0.277 0.565 -3.304 0.201 6.515 -4.448 -3.031 -2.371 0.852 2.931 -0.507
337 G 0.09 -2.358 -0.44 -1.323 -1.32 -2.195 -2.622 5.809 -1.476 -3.215 -3.461 -1.651 -2.667 -2.678 -2.779 -1.002 -1.919 -2.44 -3.148 -2.864
338 F -1.769 -2.859 -2.966 -3.217 -0.726 -3.26 -3.445 -3.167 -1.017 3.084 1.079 -2.814 0.723 4.455 -3.826 -2.988 -1.628 -0.016 2.56 1.621
339 I -0.933 -2.82 -3.084 -3.187 -0.038 -2.998 -3.324 -3.196 -2.53 3.735 1.303 -2.613 1.007 1.765 -3.444 -2.729 -0.906 -1.758 -0.46 3.266
340 G 0.09 -2.358 -0.44 -1.323 -1.32 -2.195 -2.622 5.809 -1.476 -3.215 -3.461 -1.651 -2.667 -2.678 -2.779 -1.002 -1.919 -2.44 -3.148 -2.864
341 L -1.541 -2.186 -3.362 -3.62 -0.15 -2.64 -3.306 -3.383 -2.314 2.005 4.037 -2.478 2.132 0.833 -3.604 -3.158 -1.581 -1.65 -1.056 1.106
342 I 1.464 -2.405 -2.626 -2.644 0.22 -2.396 -2.615 -1.657 -2.207 3.349 0.89 -1.951 0.679 -0.397 -2.68 -1.407 -0.736 -2.299 -1.418 2.641
343 T 1.134 -1.473 -1.023 -1.634 0.212 -1.422 -1.744 -1.244 -1.548 1.268 0.001 -1.143 1.267 -1.0 -2.034 0.006 2.728 -2.151 -1.529 1.319
344 I 0.097 -1.686 -0.809 -1.357 -0.037 -1.598 -1.715 -1.326 -1.371 2.816 0.32 -1.24 0.296 -0.665 -2.315 1.566 0.153 -2.361 -1.511 1.474
345 I -0.725 -2.254 -1.633 -2.173 -0.291 -2.217 -2.73 1.719 -1.947 2.992 0.763 -1.87 1.567 -0.464 -2.879 -1.386 0.946 -2.131 -1.606 1.662
346 I 0.097 -1.686 -0.809 -1.357 -0.037 -1.598 -1.715 -1.326 -1.371 2.816 0.32 -1.24 0.296 -0.665 -2.315 1.566 0.153 -2.361 -1.511 1.474
347 L -1.673 -1.975 -2.678 -3.306 -0.841 -2.18 -2.796 -3.148 0.67 0.93 2.515 -2.16 1.056 2.356 -3.466 -2.775 -1.824 0.961 4.848 0.248
348 L -1.91 -2.52 -3.1 -3.463 -0.698 -3.188 -3.393 -3.117 -1.476 1.268 2.795 -2.862 1.326 4.892 -3.996 -3.094 -1.949 -0.136 1.577 0.411
349 F -2.334 -2.896 -2.86 -3.314 -1.374 -3.864 -3.482 -2.875 -0.828 0.277 0.565 -3.304 0.201 6.515 -4.448 -3.031 -2.371 0.852 2.931 -0.507
350 K -1.184 0.572 -1.308 -1.72 -1.262 -0.595 -0.982 -2.054 -0.791 0.833 -0.264 2.7 -0.186 3.403 -2.602 -1.709 -1.333 -1.028 0.587 0.499
351 R -1.159 4.281 -0.363 -1.112 -2.115 0.666 -0.091 -1.708 -0.067 -2.357 -2.132 3.511 -1.224 -2.634 -2.151 -1.132 -1.262 -2.387 -1.78 -2.079
352 V -0.027 -1.66 -1.108 -1.777 0.228 -1.678 -1.92 -1.841 -1.929 1.776 0.045 -1.411 0.184 -0.957 -2.307 0.133 2.417 -2.32 -1.493 2.741
353 K -0.826 2.094 -0.268 -0.722 -1.977 0.807 0.313 -1.342 -0.243 -2.123 -2.24 4.49 -1.224 -2.806 -1.687 -0.881 -1.082 -2.549 -1.789 -1.999
354 S 0.969 -0.774 0.439 -0.317 0.077 -0.619 -0.628 -0.208 -0.542 -1.691 -2.173 -0.332 -1.114 -1.905 -1.496 3.087 1.553 -2.51 -1.751 -1.099
355 Y -1.144 -1.626 -1.534 -2.346 -0.735 -1.703 -2.178 -2.42 0.78 0.159 0.936 -1.602 0.176 2.052 -2.776 -1.178 1.47 0.901 4.825 -0.075
356 L -0.739 -1.588 -1.322 -2.033 -0.011 -1.77 -2.184 -2.177 -1.828 1.101 2.493 -1.513 1.097 -0.129 -2.489 -0.623 2.605 -1.905 -1.363 0.701
357 N -1.66 -0.415 5.643 1.281 -1.846 -0.527 -0.725 -0.155 0.968 -2.712 -3.152 -0.296 -2.161 -2.374 -2.588 -0.118 -0.451 -2.966 -2.069 -2.56
358 R -1.534 5.51 -0.462 -1.564 -2.259 0.518 -0.561 -2.128 0.098 -2.612 -2.028 2.018 -1.224 -2.472 -2.704 -1.406 -1.454 -2.234 -1.772 -2.162
359 A 2.345 -2.18 -2.353 -2.338 0.295 -2.113 -2.252 -0.952 -1.865 2.941 0.551 -1.621 0.394 -0.634 -2.315 -0.801 -0.73 -2.31 -1.511 1.809
360 L -1.332 -1.908 -2.91 -3.228 -0.157 -1.937 -2.917 -3.044 -1.729 2.246 3.211 -2.04 3.999 0.634 -3.444 -2.639 -1.304 -1.555 -0.986 1.295
361 F -1.99 -2.591 -3.051 -3.433 -0.821 -3.311 -3.41 -3.067 -1.335 1.095 2.466 -2.945 1.133 5.297 -4.081 -3.081 -2.028 0.09 1.904 0.249
362 L -1.832 -2.45 -3.151 -3.494 -0.58 -3.07 -3.375 -3.169 -1.625 1.431 3.09 -2.781 1.506 4.419 -3.913 -3.107 -1.871 -0.382 1.209 0.564
363 V -0.749 -2.777 -3.091 -3.173 0.105 -2.882 -3.263 -3.205 -2.811 3.871 1.334 -2.53 1.06 -0.074 -3.333 -2.653 -0.746 -2.284 -1.285 3.561
364 I -1.377 -3.101 -3.263 -3.181 -0.15 -3.209 -3.687 -3.479 -2.711 4.521 1.677 -2.679 1.271 0.218 -3.505 -3.076 -1.075 -2.185 -1.285 2.86
365 L -1.683 -2.315 -3.255 -3.556 -0.357 -2.847 -3.34 -3.274 -1.949 1.732 3.602 -2.625 1.836 3.151 -3.755 -3.132 -1.722 -0.947 0.294 0.847
366 L -1.541 -2.186 -3.362 -3.62 -0.15 -2.64 -3.306 -3.383 -2.314 2.005 4.037 -2.478 2.132 0.833 -3.604 -3.158 -1.581 -1.65 -1.056 1.106
367 T -0.112 -1.093 -0.139 -1.014 0.122 -1.103 -1.378 -1.329 -1.413 -0.224 -1.057 -0.791 -0.532 -1.58 -1.687 0.705 4.245 -2.185 -1.706 0.229
368 K -0.826 2.094 -0.268 -0.722 -1.977 0.807 0.313 -1.342 -0.243 -2.123 -2.24 4.49 -1.224 -2.806 -1.687 -0.881 -1.082 -2.549 -1.789 -1.999
369 L -0.814 -2.332 -3.138 -3.383 0.105 -2.614 -3.092 -3.161 -2.599 2.562 2.887 -2.433 1.555 0.282 -3.38 -2.688 -0.961 -1.995 -1.168 2.993
370 S 1.068 -0.741 0.497 -0.249 0.072 -0.57 -0.555 -0.106 -0.46 -1.911 -2.328 -0.285 -1.187 -1.943 -1.475 3.262 1.011 -2.549 -1.756 -1.292
371 F -2.334 -2.896 -2.86 -3.314 -1.374 -3.864 -3.482 -2.875 -0.828 0.277 0.565 -3.304 0.201 6.515 -4.448 -3.031 -2.371 0.852 2.931 -0.507
372 L -1.541 -2.186 -3.362 -3.62 -0.15 -2.64 -3.306 -3.383 -2.314 2.005 4.037 -2.478 2.132 0.833 -3.604 -3.158 -1.581 -1.65 -1.056 1.106
373 Y -1.812 -1.777 -2.126 -3.022 -1.752 -1.784 -2.363 -2.932 2.105 -0.804 -0.91 -1.873 -0.682 3.348 -3.333 -2.437 -2.089 2.309 6.655 -0.979
374 F -2.334 -2.896 -2.86 -3.314 -1.374 -3.864 -3.482 -2.875 -0.828 0.277 0.565 -3.304 0.201 6.515 -4.448 -3.031 -2.371 0.852 2.931 -0.507
375 G 0.09 -2.358 -0.44 -1.323 -1.32 -2.195 -2.622 5.809 -1.476 -3.215 -3.461 -1.651 -2.667 -2.678 -2.779 -1.002 -1.919 -2.44 -3.148 -2.864
376 F -2.334 -2.896 -2.86 -3.314 -1.374 -3.864 -3.482 -2.875 -0.828 0.277 0.565 -3.304 0.201 6.515 -4.448 -3.031 -2.371 0.852 2.931 -0.507
377 L -1.054 -2.439 -3.206 -3.387 0.006 -2.729 -3.245 -3.266 -2.561 2.989 2.971 -2.489 1.628 0.389 -3.448 -2.852 -1.098 -1.959 -1.168 2.673
378 F -2.334 -2.896 -2.86 -3.314 -1.374 -3.864 -3.482 -2.875 -0.828 0.277 0.565 -3.304 0.201 6.515 -4.448 -3.031 -2.371 0.852 2.931 -0.507
379 Y -1.812 -1.777 -2.126 -3.022 -1.752 -1.784 -2.363 -2.932 2.105 -0.804 -0.91 -1.873 -0.682 3.348 -3.333 -2.437 -2.089 2.309 6.655 -0.979
380 L -1.814 -2.537 -3.142 -3.449 -0.58 -3.13 -3.412 -3.177 -1.655 1.884 2.857 -2.802 1.412 4.403 -3.902 -3.098 -1.811 -0.414 1.199 0.841
381 F -1.64 -2.042 -2.599 -3.053 -0.709 -2.128 -2.863 -2.725 -0.897 1.015 1.455 -2.232 4.023 4.849 -3.783 -2.479 -1.633 -0.03 1.624 0.337
382 L -0.814 -2.332 -3.138 -3.383 0.105 -2.614 -3.092 -3.161 -2.599 2.562 2.887 -2.433 1.555 0.282 -3.38 -2.688 -0.961 -1.995 -1.168 2.993
383 I -1.109 -2.967 -3.193 -3.177 -0.045 -3.074 -3.51 -3.366 -2.751 4.278 1.545 -2.618 1.188 0.105 -3.435 -2.9 -0.939 -2.224 -1.285 3.161
384 F -1.816 -2.997 -3.054 -3.247 -0.698 -3.518 -3.583 -3.161 -1.619 3.118 1.174 -2.975 0.786 4.823 -3.938 -3.053 -1.651 -0.284 1.533 1.642
385 N -1.66 -0.415 5.643 1.281 -1.846 -0.527 -0.725 -0.155 0.968 -2.712 -3.152 -0.296 -2.161 -2.374 -2.588 -0.118 -0.451 -2.966 -2.069 -2.56
386 N -1.735 -1.016 3.832 -0.133 -1.799 -1.087 -1.43 -1.221 1.592 -1.603 -1.818 -0.978 -1.328 1.72 -2.936 -1.051 -1.156 0.739 4.792 -1.663
387 R -1.159 4.281 -0.363 -1.112 -2.115 0.666 -0.091 -1.708 -0.067 -2.357 -2.132 3.511 -1.224 -2.634 -2.151 -1.132 -1.262 -2.387 -1.78 -2.079
388 P -0.81 -0.945 -1.089 0.307 -1.618 0.121 2.799 -1.995 -0.509 -1.213 -2.065 -0.14 -1.574 -2.534 4.222 -1.167 -1.222 -3.071 -2.102 -0.484
389 V -0.231 -2.484 -2.926 -3.162 0.343 -2.584 -2.891 -2.952 -2.912 3.032 0.948 -2.385 0.834 -0.396 -3.168 -2.281 -0.448 -2.384 -1.282 4.117
390 L -1.538 -2.183 -3.36 -3.617 -0.147 -2.637 -3.303 -3.38 -2.311 2.008 4.033 -2.475 2.135 0.836 -3.602 -3.155 -1.578 -1.648 -1.053 1.109
391 E -1.068 -0.358 0.044 3.035 -2.4 1.022 4.055 -1.761 0.232 -2.753 -2.841 0.435 -1.916 -2.665 -1.956 -0.82 -1.32 -2.58 -2.099 -2.263
392 D -0.775 -0.826 2.566 3.89 -1.604 -0.159 1.766 -0.808 0.036 -2.545 -2.994 -0.255 -2.037 -2.526 -2.075 0.643 -0.543 -2.951 -2.307 -2.277
393 D -1.774 -1.585 1.202 5.829 -2.369 -0.869 1.053 -1.121 -0.533 -2.722 -3.489 -0.826 -2.695 -2.917 -2.286 -0.949 -1.41 -3.528 -3.04 -2.861
394 A 1.118 0.045 2.207 -0.114 -0.751 2.782 0.268 -0.467 0.288 -1.91 -2.094 0.334 -0.934 -2.375 -1.933 0.871 -0.26 -2.448 -1.611 -1.306
395 S -0.034 0.245 2.336 0.463 -1.013 0.221 1.456 -0.632 0.099 -2.257 -2.528 1.602 -1.474 -2.311 -1.791 1.576 0.014 -2.591 -1.85 -1.81
396 N -1.515 -0.546 4.474 2.953 -2.049 -0.095 1.535 -0.62 0.611 -2.722 -3.116 -0.162 -2.169 -2.519 -2.37 -0.393 -0.777 -2.938 -2.201 -2.523
397 I 0.744 -1.905 -2.091 -1.244 -0.271 -1.272 0.626 -1.945 -1.495 3.259 0.71 -1.289 0.502 -0.523 -2.625 -1.506 -0.971 -2.271 -1.488 1.888
398 E -1.229 -0.62 0.38 4.023 -2.393 0.652 3.546 -1.587 0.059 -2.746 -2.99 0.167 -2.092 -2.726 -2.035 -0.851 -1.342 -2.789 -2.307 -2.401
399 S 0.69 -0.568 0.315 0.31 -0.371 0.047 1.698 -0.463 -0.216 -2.096 -2.412 -0.007 -1.313 -2.09 -1.566 2.641 0.589 -2.502 -1.787 -1.475
400 D -1.751 -1.562 1.225 5.794 -2.346 -0.846 1.076 -1.098 -0.51 -2.699 -3.465 -0.803 -2.672 -2.894 -2.263 -0.926 -1.387 -3.505 -3.017 -2.838
401 E -0.893 -0.096 -0.312 1.544 -2.385 1.372 4.432 -1.924 0.418 -2.738 -2.677 0.703 -1.728 -2.582 -1.856 -0.765 -1.275 -2.361 -1.882 -2.108
402 D -1.751 -1.562 1.225 5.794 -2.346 -0.846 1.076 -1.098 -0.51 -2.699 -3.465 -0.803 -2.672 -2.894 -2.263 -0.926 -1.387 -3.505 -3.017 -2.838
403 E -0.893 -0.096 -0.312 1.544 -2.385 1.372 4.432 -1.924 0.418 -2.738 -2.677 0.703 -1.728 -2.582 -1.856 -0.765 -1.275 -2.361 -1.882 -2.108
404 D -1.751 -1.562 1.225 5.794 -2.346 -0.846 1.076 -1.098 -0.51 -2.699 -3.465 -0.803 -2.672 -2.894 -2.263 -0.926 -1.387 -3.505 -3.017 -2.838
405 E -0.893 -0.096 -0.312 1.544 -2.385 1.372 4.432 -1.924 0.418 -2.738 -2.677 0.703 -1.728 -2.582 -1.856 -0.765 -1.275 -2.361 -1.882 -2.108
406 D -1.751 -1.562 1.225 5.794 -2.346 -0.846 1.076 -1.098 -0.51 -2.699 -3.465 -0.803 -2.672 -2.894 -2.263 -0.926 -1.387 -3.505 -3.017 -2.838
407 E -0.893 -0.096 -0.312 1.544 -2.385 1.372 4.432 -1.924 0.418 -2.738 -2.677 0.703 -1.728 -2.582 -1.856 -0.765 -1.275 -2.361 -1.882 -2.108
408 D -1.751 -1.562 1.225 5.794 -2.346 -0.846 1.076 -1.098 -0.51 -2.699 -3.465 -0.803 -2.672 -2.894 -2.263 -0.926 -1.387 -3.505 -3.017 -2.838
409 E -0.893 -0.096 -0.312 1.544 -2.385 1.372 4.432 -1.924 0.418 -2.738 -2.677 0.703 -1.728 -2.582 -1.856 -0.765 -1.275 -2.361 -1.882 -2.108
410 D -1.751 -1.562 1.225 5.794 -2.346 -0.846 1.076 -1.098 -0.51 -2.699 -3.465 -0.803 -2.672 -2.894 -2.263 -0.926 -1.387 -3.505 -3.017 -2.838
411 T -0.086 -1.067 -0.113 -0.989 0.147 -1.077 -1.352 -1.303 -1.387 -0.198 -1.031 -0.765 -0.506 -1.555 -1.661 0.731 4.166 -2.159 -1.681 0.255
412 N -1.634 -0.389 5.587 1.307 -1.82 -0.501 -0.699 -0.129 0.994 -2.686 -3.126 -0.27 -2.135 -2.348 -2.562 -0.092 -0.425 -2.94 -2.043 -2.534
413 D -1.751 -1.562 1.225 5.794 -2.346 -0.846 1.076 -1.098 -0.51 -2.699 -3.465 -0.803 -2.672 -2.894 -2.263 -0.926 -1.387 -3.505 -3.017 -2.838
414 E -0.893 -0.096 -0.312 1.544 -2.385 1.372 4.432 -1.924 0.418 -2.738 -2.677 0.703 -1.728 -2.582 -1.856 -0.765 -1.275 -2.361 -1.882 -2.108
415 G 0.116 -2.332 -0.414 -1.297 -1.294 -2.17 -2.596 5.784 -1.45 -3.19 -3.435 -1.625 -2.641 -2.652 -2.754 -0.976 -1.893 -2.414 -3.122 -2.838
416 N -1.634 -0.389 5.587 1.307 -1.82 -0.501 -0.699 -0.129 0.994 -2.686 -3.126 -0.27 -2.135 -2.348 -2.562 -0.092 -0.425 -2.94 -2.043 -2.534
417 H -1.682 -0.332 0.485 -0.935 -2.308 -0.139 -0.475 -1.671 7.951 -2.636 -2.569 -0.74 -1.235 -0.827 -2.723 -1.554 -2.201 -1.428 1.693 -3.01
418 K -0.8 2.119 -0.242 -0.696 -1.951 0.833 0.339 -1.316 -0.217 -2.097 -2.214 4.423 -1.198 -2.78 -1.661 -0.855 -1.056 -2.523 -1.763 -1.973
419 D -1.504 -0.845 2.91 4.389 -2.235 -0.063 2.137 -1.011 0.15 -2.726 -3.185 -0.245 -2.294 -2.69 -2.245 -0.676 -1.109 -3.058 -2.461 -2.584
420 V -0.465 -1.933 1.533 -1.574 0.019 -2.038 -2.307 -2.134 -1.614 2.486 0.474 -1.828 0.436 -0.697 -3.042 -1.699 -0.448 -2.491 -1.423 3.544
421 D -1.18 0.886 0.405 3.679 -2.172 0.318 1.37 -1.306 -0.284 -2.412 -2.728 2.968 -1.785 -2.83 -1.933 -0.9 -1.232 -2.884 -2.241 -2.329